mjd uJy duJy filter A_mw uJy.0 duJy.0
58975.25378469983 8.12144862672373 7.8025109031261275 g.ztf 0.06437999999999999 8.617583525295728 8.279162068878934
58975.3883795999 -0.3450103438665035 5.732172897333121 r.ztf 0.045239999999999995 -0.35968979471655116 5.976064571325758
58976.32747690007 -12.934668051124008 17.39202038823076 r.ztf 0.045239999999999995 -13.485010460543553 18.132013588466073
58976.3925575 -11.658615061962399 17.049143012383077 o.atlas 0.04176 -12.11576840789108 17.717667766987642
58976.47535880003 4.180670467638016 9.50842372883175 g.ztf 0.06437999999999999 4.436065362533914 10.089288185298377
58977.2660127501 6.954343204715705 6.0260367739719936 r.ztf 0.045239999999999995 7.250235606444646 6.282431726229801
58977.35877310019 -0.11459559401114684 13.57669420826716 g.ztf 0.06437999999999999 -0.12159617679196215 14.40608710521872
58978.27505790023 0.7050511405315132 5.021611037666054 r.ztf 0.045239999999999995 0.7350495557912223 5.235269827108027
58978.3848611 -3.2822360550704404 7.711828497544666 g.ztf 0.06437999999999999 -3.482746078234701 8.18293992424804
58978.460865 11.542976072023828 5.730471779281404 o.atlas 0.04176 11.99559502421112 5.9551729409309955
58979.254745400045 3.1870738442167665 3.847370585499372 g.ztf 0.06437999999999999 3.3817704594534788 4.0824043710883915
58979.328275499865 3.6248272683700513 4.248501155008288 r.ztf 0.045239999999999995 3.779055901429644 4.429265775548032
58980.28990740003 4.520072975777089 2.8095708342381562 r.ztf 0.045239999999999995 4.712392395371716 2.9291120529411088
58980.40900459979 1.1364861602300236 4.42155725630372 g.ztf 0.06437999999999999 1.20591348431342 4.691667794670997
58980.482739 -2.852771566145054 12.435855671634904 o.atlas 0.04176 -2.964633400479766 12.923485891824809
58981.27766200015 -2.354082272423887 3.520410566252149 r.ztf 0.045239999999999995 -2.4542434288336965 3.6701964923787087
58981.30839119991 3.9619762345205585 2.9116982048368327 g.ztf 0.06437999999999999 4.204011217145512 3.0895722713888927
58982.412499 0.6140118144336424 3.3708711283152026 o.atlas 0.04176 0.6380882209292894 3.5030484930205006
58984.453053 -1.2478134110787173 3.88763457952348 c.atlas 0.05741999999999999 -1.3155811706084055 4.098768939024147
58985.28607639996 3.2461547916641225 2.233645862439073 r.ztf 0.045239999999999995 3.384271722251915 2.328682707672832
58985.30201390013 -3.0955667694536513 2.2274560621903046 g.ztf 0.06437999999999999 -3.2846732670472094 2.3635301467879666
58986.490892999995 -0.7564156499789652 3.4458366897195054 o.atlas 0.04176 -0.7860759435440995 3.5809535765758698
58988.4368375 1.2027027027027029 3.743101763352262 c.atlas 0.05741999999999999 1.2680205353360317 3.9463866599096096
58990.3838495 0.5111790252533375 4.565749361824497 o.atlas 0.04176 0.5312231900637494 4.744779854411879
58991.25462959986 -0.8849095521066748 2.512293453186249 r.ztf 0.045239999999999995 -0.9225605573817918 2.619186156325648
58991.33210649993 -1.584596208222223 1.8420102529971163 g.ztf 0.06437999999999999 -1.6813983324709674 1.9545376618428922
58992.386349 -0.603448275862069 4.227985580505865 c.atlas 0.05741999999999999 -0.6362210744905699 4.457604133705271
58994.2654281999 -1.928482182905541 1.9888209594998003 g.ztf 0.06437999999999999 -2.046292115121996 2.1103169549029444
58994.30459489999 0.4885786640831974 2.10347642493797 r.ztf 0.045239999999999995 0.5093666393230539 2.1929748395306023
58994.433645 -0.9499020149741217 4.962296921198283 o.atlas 0.04176 -0.9871492250536972 5.156876691519265
58996.561387 -0.3364055299539171 6.109598099719175 c.atlas 0.05741999999999999 -0.3546754482413526 6.441405540774711
58997.22490740009 0.33926837387729575 2.2621526699650705 g.ztf 0.06437999999999999 0.3599940951123511 2.400346351542326
58997.27774310019 3.6753225377911223 2.2061247462706968 r.ztf 0.045239999999999995 3.8316996363642977 2.299990626983205
58998.429224 4.168465451779201 5.160223462889999 o.atlas 0.04176 4.3319177931200095 5.3625642563086275
59000.32553239982 3.1843717078375793 2.540970926624849 g.ztf 0.06437999999999999 3.3789032510261836 2.6961974645120907
59000.36400459986 -2.5899140575801245 13.90507096874572 r.ztf 0.045239999999999995 -2.7001093511125576 14.496701942949521
59000.4078915 8.373880675632968 6.4710614021883845 o.atlas 0.04176 8.702234219250933 6.724802293023013
59002.4200075 11.339141027453456 6.174709350064124 o.atlas 0.04176 11.783767274491154 6.416829792716752
59004.479595000004 10.367302329949132 11.97164810953715 o.atlas 0.04176 10.773821193742263 12.441075992735007
59006.367672500004 -0.5355292867578697 8.297816908096822 o.atlas 0.04176 -0.5565282651084725 8.6231878671069
59009.22219910007 3.8510997106281293 3.846817133234158 r.ztf 0.045239999999999995 4.014955751253603 4.010490959368142
59010.385611 -4.065934065934066 6.28970902033151 o.atlas 0.04176 -4.225365984106883 6.536338787956616
59011.425154 0.6159754224270353 6.11412205302304 o.atlas 0.04176 0.6401288252004993 6.353866768763345
59012.2598611 16.248189318921312 2.44730264951778 r.ztf 0.045239999999999995 16.939514958136538 2.551430133222119
59012.300844899844 22.274502362637477 2.168868369420765 g.ztf 0.06437999999999999 23.635239649587113 2.30136336359432
59014.38119 50.8937728937729 4.3576382352153775 o.atlas 0.04176 52.889400885748685 4.528508350489614
59015.3784525 78.36220472440945 4.61083967620704 c.atlas 0.05741999999999999 82.61799409069714 4.861250732566036
59016.20543979993 98.72203105920384 2.8052720762921903 g.ztf 0.06437999999999999 104.75290647534726 2.9766446282847463
59018.388805 50.99019607843136 5.940885257860046 o.atlas 0.04176 52.98960498102624 6.173837075805388
59019.23859950015 66.99401520922551 2.685502266975384 r.ztf 0.045239999999999995 69.84446700290187 2.799764633993025
59019.27048610011 68.65145898332193 2.284834910404957 g.ztf 0.06437999999999999 72.84533943556465 2.424414237767497
59020.377773500004 49.44335012688722 5.282007551677555 c.atlas 0.05741999999999999 52.12857937029186 5.568869204564135
59022.236446800176 35.397197938480225 2.5590668317555085 r.ztf 0.045239999999999995 36.90327286233348 2.667949641927941
59025.202106500044 26.690383214850815 2.980949098287128 r.ztf 0.045239999999999995 27.82600182900733 3.1077820948993446
59025.24142359989 28.391006929387355 2.0180079001764906 g.ztf 0.06437999999999999 30.12539816802908 2.1412869099798746
59026.355579 12.654881277260918 3.799254532899381 o.atlas 0.04176 13.151099849319705 3.948229510846488
59028.23640049994 15.710435096022032 2.393707915260013 r.ztf 0.045239999999999995 16.37888044534221 2.495555057863441
59028.3432325 31.27889908256881 5.0573227859676795 o.atlas 0.04176 32.50539582309632 5.255628675711785
59028.350463000126 15.472381402565214 3.0750005499278545 g.ztf 0.06437999999999999 16.417580803638774 3.2628506683078737
59030.3490975 5.188820615722041 4.528623954943441 o.atlas 0.04176 5.392282750228931 4.706198699666739
59031.20425930014 18.968181910749202 4.776337324426768 g.ztf 0.06437999999999999 20.126937871775475 5.068121185030475
59031.23462959984 9.341890197578955 4.527233484563186 r.ztf 0.045239999999999995 9.739367607864846 4.7198575684632615
59032.342523 0.08849678017300493 7.18515872568264 o.atlas 0.04176 0.09196688352104311 7.466900539355797
59033.22699069977 8.971738459329053 5.151149959154773 g.ztf 0.06437999999999999 9.519817103314686 5.465830920640506
59034.34320600005 17.243959472944656 5.744074383799054 r.ztf 0.045239999999999995 17.977652998496605 5.988472440538543
59034.358595000005 8.783211678832117 9.239869180986917 o.atlas 0.04176 9.127615759903314 9.602179548863534
59035.306539400015 12.809945093285231 6.288672363714434 r.ztf 0.045239999999999995 13.35498080810267 6.556241897545335
59036.20714120008 7.894881284685834 4.365259904053831 g.ztf 0.06437999999999999 8.377175307026489 4.631931267659051
59036.26797450008 10.292157364897395 4.659740359313238 r.ztf 0.045239999999999995 10.730066606938633 4.858002326800768
59036.357208500005 11.403326403326403 7.737910562629932 o.atlas 0.04176 11.850469463826427 8.041326678987044
59037.19972220017 -0.5991811614163576 5.680310160394727 r.ztf 0.045239999999999995 -0.6246750359208544 5.921995186061102
59037.21967589995 12.472447447892637 4.725166758660943 g.ztf 0.06437999999999999 13.234382508239268 5.013824637112579
59038.19934030017 3.7048931919027583 2.859744235606018 r.ztf 0.045239999999999995 3.86252845844496 2.9814202250265818
59038.23775460012 1.276588709300916 2.954649234979789 g.ztf 0.06437999999999999 1.354574822236863 3.1351471567038707
59038.330206 4.749353049907579 5.383894652258472 o.atlas 0.04176 4.935582943100088 5.595005958475078
59039.20163189992 4.683041319600529 2.0071327252271716 g.ztf 0.06437999999999999 4.969125777792291 2.129747376482171
59039.24070600001 7.619303429612653 2.3931372267496855 r.ztf 0.045239999999999995 7.943488464047089 2.4949600877798592
59040.24027779978 3.9272767593037767 2.3498303443728905 g.ztf 0.06437999999999999 4.167191969778656 2.4933802075993428
59040.3076935 6.219917012448133 3.607277107844653 c.atlas 0.05741999999999999 6.557715786408906 3.803185474777523
59041.21332179988 7.395633221690028 2.695313044724666 g.ztf 0.06437999999999999 7.847428450221701 2.859968259025235
59041.238321799785 8.958816780303495 2.631209994495972 r.ztf 0.045239999999999995 9.339995237526603 2.743162341656042
59042.20521989977 6.094001034773049 2.0414714281210156 g.ztf 0.06437999999999999 6.466280257883085 2.16618381214025
59042.23805559985 6.786952289560068 2.5967459725559836 r.ztf 0.045239999999999995 7.075722566531142 2.707231949431345
59042.329151 7.760640270910702 5.790691818186218 o.atlas 0.04176 8.064947656268231 6.017754305956535
59043.217395800166 8.245443339280845 1.9461207056398773 g.ztf 0.06437999999999999 8.749153007695696 2.0650081656583263
59043.24973380007 1.14872540370305 2.48603282040094 r.ztf 0.045239999999999995 1.1976012081641039 2.5918081898860987
59044.201759300195 2.790847135463891 2.052083038265274 g.ztf 0.06437999999999999 2.961338475632832 2.1774436798016814
59044.221226899885 4.457597844063351 2.4493116786703935 r.ztf 0.045239999999999995 4.647259080674059 2.5535246422602675
59044.348322 3.0 5.65685424949238 c.atlas 0.05741999999999999 3.1629276274674045 5.964073530091945
59045.21783560002 5.9170130009440305 2.4288513811861114 r.ztf 0.045239999999999995 6.168769225273524 2.532193802959958
59045.24811339984 3.134604607082804 1.8416281431578907 g.ztf 0.06437999999999999 3.3260959050368397 1.9541322091205133
59046.20609949995 4.432701230834837 2.4493124783266524 r.ztf 0.045239999999999995 4.621303169900652 2.553525475940187
59046.21601849981 3.65433488758236 2.1556881450957843 g.ztf 0.06437999999999999 3.87757622692088 2.287377966502856
59046.331276 10.552511415525114 15.609533441028125 o.atlas 0.04176 10.966292630182174 16.22160875212005
59047.228483799845 2.938655399806809 2.5395915900524924 r.ztf 0.045239999999999995 3.0636888901748045 2.647645770421632
59047.245798599906 0.5026477376147047 2.009184214081104 g.ztf 0.06437999999999999 0.5333542157051189 2.1319241896792405
59048.203599500004 2.054977496749845 2.3006883896250754 r.ztf 0.045239999999999995 2.1424123858706348 2.3985777507331716
59048.3463595 4.846905537459284 4.109257047854516 c.atlas 0.05741999999999999 5.110137144051572 4.332427548341398
59049.30035880022 -0.05594583617046506 2.580048991566205 g.ztf 0.06437999999999999 -0.0593635370055877 2.7376627872786417
59049.35093750013 2.706334463497567 3.5763453902643048 r.ztf 0.045239999999999995 2.8214831958384 3.728511223296526
59050.198379599955 6.535707140562143 2.45595402724731 g.ztf 0.06437999999999999 6.934969950476288 2.605986928791056
59050.269317099825 6.4373427094738975 3.1428983656044776 r.ztf 0.045239999999999995 6.711237847948931 3.276621956519299
59050.309428500004 1.7739726027397262 3.686796136678113 o.atlas 0.04176 1.8435329670384142 3.8313614371603504
59051.20002309978 9.633937629241853 2.8058431589537522 r.ztf 0.045239999999999995 10.043841031951429 2.9252257730609434
59051.3021644 1.5844174281211667 2.8130171930087946 g.ztf 0.06437999999999999 1.681208630790353 2.9848628899873297
59052.214560199995 5.798419951023202 1.7871261900972688 r.ztf 0.045239999999999995 6.045130295197452 1.8631645800665757
59052.30976849981 3.6297847201458233 2.2603599660943194 g.ztf 0.06437999999999999 3.8515263030503775 2.3984441323629193
59053.2040161998 1.971893111085899 1.9303033120574344 g.ztf 0.06437999999999999 2.092354993396431 2.048224496067577
59054.20524309995 2.719740050149784 2.482809947746568 r.ztf 0.045239999999999995 2.835459161477438 2.5884481909061923
59054.26364579983 3.242467465889428 2.645727991960837 g.ztf 0.06437999999999999 3.4405480474766343 2.807354082240019
59054.3008555 2.7510373443983402 3.607277107844653 o.atlas 0.04176 2.8589100136718693 3.748724337277884
59055.201527799945 5.658250427964095 3.130348882636298 r.ztf 0.045239999999999995 5.898996859284714 3.263538519941612
59056.19657409983 4.534679178324527 2.969480776616279 r.ztf 0.045239999999999995 4.72762006053966 3.0958258207154983
59056.266724499874 1.1704523106562816 2.5610744905144966 g.ztf 0.06437999999999999 1.241954608475418 2.717529144233008
59057.17996530002 0.9876555753739881 2.9689195232911922 r.ztf 0.045239999999999995 1.0296782037769439 3.0952406872640714
59058.3222675 2.988854125928822 5.8731207313946605 o.atlas 0.04176 3.1060519797818946 6.103415391534871
59059.16679400019 0.04017534889298928 3.4298310023856615 r.ztf 0.045239999999999995 0.04188472390142772 3.5757629621618343
59060.312692499996 8.987257692829065 6.421547703513491 o.atlas 0.04176 9.339662751505779 6.67334708132121
59062.197210600134 -5.161330633227352 4.57459978970417 g.ztf 0.06437999999999999 -5.476633526579005 4.854059613559258
59062.24552079989 -1.7292460092149171 4.958897090159822 r.ztf 0.045239999999999995 -1.8028217215122087 5.169887535517635
59062.310150000005 8.574877112652349 6.336213339862378 o.atlas 0.04176 8.911112054979748 6.584666617841046
59063.173726900015 -9.8056563097887 4.589906303116395 r.ztf 0.045239999999999995 -10.222865974400088 4.7851969811518105
59063.26420139987 8.045540392839698 6.598556358509442 g.ztf 0.06437999999999999 8.537038098510553 7.001658593113045
59064.1849769 0.023953905850942286 8.29361576113741 g.ztf 0.06437999999999999 0.025417236987539615 8.80026825671651
59064.2886285 5.032827657612354 8.89581821351299 o.atlas 0.04176 5.230173053350347 9.244637780800105
59064.3051967998 2.598763039699315 11.067690386279267 r.ztf 0.045239999999999995 2.709334838459492 11.53859689658319
59065.18003469985 2.66310027883534 4.75223971194616 r.ztf 0.045239999999999995 2.7764094892601676 4.954437328682403
59065.22043980006 -1.5786713043785645 7.617301322242469 g.ztf 0.06437999999999999 -1.6751114794600324 8.082638134996241
59066.18744210014 1.4694654029987109 3.7805691337639766 g.ztf 0.06437999999999999 1.5592342487035113 4.011522054841689
59066.21935189981 5.971999198688911 5.61646816415053 r.ztf 0.045239999999999995 6.226094967909091 5.855436849676106
59067.17695599981 0.6627550972338759 2.538793365716496 r.ztf 0.045239999999999995 0.6909539064824117 2.6468135833505584
59067.22103009978 2.7875794162833376 3.830921250646425 g.ztf 0.06437999999999999 2.957871133257117 4.06495015527714
59068.3402005 11.646033350176857 6.2944427955232225 o.atlas 0.04176 12.102693346628802 6.5412581822082485
59070.18261570018 4.191136128326789 2.2404554544965314 r.ztf 0.045239999999999995 4.369459989901902 2.335782033280873
59070.21840280015 0.5574750826594755 2.268400248390898 g.ztf 0.06437999999999999 0.5915309335678438 2.4069755911509154
59070.281842 2.269911504424779 3.7250645893313403 o.atlas 0.04176 2.358918443387487 3.871130458370045
59072.2808315 -1.986970684039088 4.109257047854516 c.atlas 0.05741999999999999 -2.0948814905050126 4.332427548341398
59073.207361099776 0.24158250717466992 2.6193453905924633 r.ztf 0.045239999999999995 0.25186132519664217 2.730792924279682
59073.23967589997 0.8285440928922668 2.577569284615584 g.ztf 0.06437999999999999 0.8791594028428714 2.7350315963732514
59074.3148545 -9.465201465201465 4.3576382352153775 o.atlas 0.04176 -9.836347480119086 4.528508350489614
59076.28815200001 6.591572220480424 4.772963501105676 c.atlas 0.05741999999999999 6.949555294868066 5.032179374180231
59078.255716499996 6.547511312217194 5.232166435699434 o.atlas 0.04176 6.804249928937777 5.437328230631629
59080.25173 -2.8366762177650426 3.747014093005325 c.atlas 0.05741999999999999 -2.990733859782932 3.9505114650920867
59082.28809 3.421245421245421 4.3576382352153775 o.atlas 0.04176 3.55539804428453 4.528508350489614
59084.2621235 2.95924180478523 4.240234024072606 o.atlas 0.04176 3.075278511141833 4.40650052839779
59086.240707499994 5.798326601269475 7.134031312642482 o.atlas 0.04176 6.02568846135918 7.413768336911772
59088.2432 -7.628054511618211 4.720770455817916 o.atlas 0.04176 -7.9271629927181655 4.90587957879424
59090.246641 -6.862754965414721 5.498072732761475 o.atlas 0.04176 -7.131854800862923 5.713661148073481
59092.271734999995 -7.5469779798702294 8.642759228344826 o.atlas 0.04176 -7.84290731768705 8.981655939343085
59093.16415510001 -5.563045477934904 6.26022479753562 g.ztf 0.06437999999999999 -5.902888913607792 6.642658540297125
59093.20585650019 -2.140196658463801 6.723866971551343 r.ztf 0.045239999999999995 -2.231257440309553 7.009953103419141
59094.15961810015 -0.09679371173704675 6.238106790929972 r.ztf 0.045239999999999995 -0.10091207676377026 6.503524867989824
59094.18390050018 -5.1681986477682695 8.574063361660569 g.ztf 0.06437999999999999 -5.483921104408969 9.097848249283926
59094.241737000004 8.0 28.0 o.atlas 0.04176 8.31369307143192 29.097925750011726
59095.14019680023 -3.941351614726368 4.696001100761872 r.ztf 0.045239999999999995 -4.109047680481193 4.895805885099228
59095.18206019979 0.09753790587641936 7.796982856496483 g.ztf 0.06437999999999999 0.10349644372638964 8.273296316874307
59096.2368655 -1.6779614132889926 7.217553572192529 o.atlas 0.04176 -1.7437570219738516 7.500565640728217
59098.236481500004 6.9594511847373886 4.43994692988388 o.atlas 0.04176 7.232342636939988 4.6140445035626305
