09as     0.485  0.108  0.107   0.64  0.12  0.12   7.98  0.05  0.07 7.88  0.17  0.12   7.98  0.05  0.07 8.07             8.04  0.17  0.18 8.08  0.03  0.04 8.02  0.02  0.03 8.10  0.06  0.09 8.06  0.02  0.03 8.05  0.06  0.06 8.10  0.06  0.09 8.10  0.06  0.09 
09uy     0.796  0.188  0.530   2.00  0.07  1.17   8.78  0.34  0.34                    8.78  0.34  0.34 8.07  0.59       8.68  0.11  0.19 8.54  0.11  0.17 8.47  0.05  0.09 8.84  0.12  0.19 8.36  0.03  0.06 8.47  0.06  0.12 8.83  0.09  0.16 8.29  0.11  0.26 
09atu  < 0.105                 0.                                                                                                                                                                                                                               
09cnd    0.115  0.023  0.023   0.                 8.21  0.22  0.71                    8.21  0.22  0.71 8.63  0.04  1.18 8.27  0.19  0.31 8.22  0.09  0.15 8.23  0.06  0.13 8.43  0.22  0.32 8.19  0.05  0.09 8.21  0.10  0.19 8.42  0.17  0.38 8.24  0.16  0.43 
09cwl  < 0.061                 0.                                                                                                                                                                                                                               
10bfz    0.393  0.104  0.097   0.32  0.21  0.20   7.92  0.07  0.09 7.75  0.17  0.14   7.92  0.07  0.09 7.69  0.10  0.07 7.96  0.18  0.19 8.04  0.04  0.06 8.03  0.04  0.04 8.02  0.09  0.12 8.06  0.03  0.03 8.01  0.06  0.08 8.02  0.10  0.12 8.02  0.10  0.12 
10bjp    0.934  0.283  0.254   0.38  0.26  0.27   8.09  0.13  0.21                    8.09  0.13  0.21 7.77  0.64  0.07 8.14  0.17  0.23 8.14  0.06  0.10 8.12  0.05  0.09 8.24  0.13  0.23 8.12  0.04  0.06 8.12  0.09  0.12 8.25  0.14  0.24 8.24  0.13  0.25 
10cwr    0.257  0.052  0.051 < 0.04               7.41  0.26  0.18 7.41  0.26  0.18   7.67  0.27  7.67 7.76  0.20  0.10 7.82  0.25  0.39 7.96  0.12  0.24 7.94  0.09  0.14 7.94  0.75  0.39 8.01  0.06  0.10 7.92  0.14  0.20 7.82  0.26  0.61 7.82  0.26  0.61 
10fel    1.003  0.274  0.250   0.85  0.22  0.21   8.78  0.02  0.02                    8.78  0.02  0.02 8.86  0.05  0.05 8.09  0.25  0.54 8.08  0.14  0.13 8.22  0.12  0.26 8.69             8.20  0.08  0.19 8.07  0.14  0.41 8.08  0.32  1.15 8.06  0.24  1.20 
10heh    0.387  0.166  0.130   0.82  0.38  0.39   8.30  0.08  0.09                    8.30  0.08  0.09 8.46  0.14  0.38 8.30  0.14  0.14 8.23  0.03  0.04 8.26  0.02  0.03 8.43  0.05  0.08 8.22  0.02  0.02 8.23  0.05  0.06 8.46  0.06  0.08 8.41  0.04  0.09 
10hgi    0.012  0.005  0.004   0.88  0.46  0.41   8.36  0.11  0.12                    8.36  0.11  0.12 9.13  0.04  0.05 8.37  0.14  0.17 8.27  0.05  0.06 8.36  0.03  0.05 8.49  0.08  0.12 8.28  0.02  0.03 8.26  0.06  0.07 8.52  0.08  0.13 8.38  0.06  0.12 
10jwd    7.750  1.633  3.833   2.89        0.78   8.87  0.07  0.06                    8.87  0.07  0.06 8.07  0.44       8.72  0.09  0.08 8.59  0.03  0.03 8.56  0.01  0.02 8.90  0.03  0.03 8.42  0.01  0.01 8.49  0.03  0.03 8.87  0.02  0.02                  
10nmn    0.528  0.121  0.126   1.21  0.13  0.18   8.14  0.07  0.08                    8.14  0.07  0.08 8.07             8.17  0.15  0.16 8.16  0.03  0.04 8.10  0.03  0.04 8.27  0.07  0.09 8.11  0.02  0.03 8.14  0.05  0.06 8.28  0.08  0.09 8.28  0.07  0.09 
10qaf    1.287  0.456  0.623   1.29  0.32  0.77   8.36  0.14  0.19                    8.36  0.14  0.19 8.41  0.28  0.33 8.36  0.15  0.20 8.27  0.07  0.09 8.33  0.05  0.08 8.49  0.10  0.17 8.26  0.04  0.05 8.27  0.07  0.11 8.53  0.11  0.19 8.35  0.08  0.21 
10qwu    0.062  0.014  0.015 < 0.70                                                                                     8.47  0.19  0.28 8.35  0.13  0.16 8.37  0.08  0.14 8.67  0.08  0.28 8.29  0.05  0.09 8.34  0.10  0.16 8.65  0.14  0.30 8.30  0.12  0.46 
10scc  < 0.047                 0.                                                                                                                                                                                                                               
10tpz    6.020  1.310  1.298   2.31  0.09  0.09   9.22                                9.22             9.16  0.01  0.01 8.92  0.05  0.06 8.86             8.85  0.01  0.01 8.61  0.02  0.02 8.61  0.03  0.03 9.16  0.01  0.01                                   
10uhf   19.36   7.301  5.764   1.75  0.34  0.32   9.00  0.06  0.05                    9.00  0.06  0.05 8.94  0.06  0.07 8.79  0.07  0.07 8.67  0.01  0.01 8.70  0.01  0.01 8.98  0.01  0.01 8.51  0.01  0.01 8.53  0.03  0.03 8.93  0.01  0.01                  
10vqv    1.360  0.410  0.363   0.31  0.25  0.24   8.38  0.08  0.10                    8.38  0.08  0.10 8.20  0.15  0.13 8.39  0.12  0.14 8.28  0.04  0.05 8.18  0.03  0.04 8.51  0.06  0.08 8.16  0.02  0.03 8.28  0.05  0.06 8.55  0.06  0.09 8.42  0.03  0.08 
10vwg  < 0.072                 0.                                                                                                                                                                                                                               
10yyc    0.218  0.223  0.087   0.57  0.90  0.57   9.03  0.18  0.13                    9.03  0.18  0.13 9.30  0.08  0.18 8.79  0.07  0.07 8.69  0.05  0.05 8.81  0.12  0.05 9.00  0.05  0.06 8.59  0.09  0.04 8.54  0.03  0.03 8.95  0.04  0.04                  
10aagc   0.474  0.187  0.160   0.45  0.37  0.42   8.19  0.09  0.11                    8.19  0.09  0.11 8.48  0.12  0.72 8.21  0.16  0.17 8.18  0.04  0.05 8.19  0.04  0.05 8.33  0.08  0.12 8.18  0.03  0.04 8.17  0.06  0.08 8.35  0.09  0.13 8.34  0.07  0.14 
11dij    0.600  0.132  0.129   0.63  0.11  0.10   7.82  0.06  0.06 7.82  0.06  0.06   7.71  0.15  0.43 7.82  0.06  0.05 7.76  0.25  0.32 7.93  0.10  0.20 7.93  0.06  0.10 7.80  0.21  0.29 7.99  0.05  0.07 7.90  0.10  0.16 7.76  0.21  0.45 7.76  0.21  0.45 
11dsf    0.802  0.195  0.164   0.04  0.15  0.04   8.20  0.05  0.06                    8.20  0.05  0.06 8.52  0.03  0.06 8.22  0.15  0.14 8.18  0.02  0.03 8.16  0.02  0.03 8.33  0.05  0.06 8.15  0.02  0.02 8.17  0.05  0.05 8.35  0.06  0.06 8.35  0.05  0.07 
11hrq    0.196  0.040  0.040   0.29  0.07  0.07   8.15  0.03  0.03 8.25  0.25  0.17   8.15  0.03  0.03 8.43  0.03  0.05 8.19  0.14  0.14 8.16  0.01  0.02 8.15  0.01  0.01 8.28  0.03  0.04 8.15  0.01  0.01 8.15  0.04  0.05 8.30  0.03  0.04 8.30  0.03  0.04 
11rks    0.389  0.202  0.147   0.46  0.49  0.46   8.74  0.26  0.31                    8.74  0.26  0.31 8.53  0.19  0.46 8.13  0.25  0.38 8.14  0.13  0.18 8.17  0.11  0.17 8.69        0.40 8.16  0.08  0.11 8.13  0.14  0.22 8.24  0.29  0.50 8.12  0.23  0.51 
12dam    4.781  0.956  1.174   0.25        0.20   7.97  0.02  0.02 8.09  0.03  0.05   7.97  0.02  0.02 8.07             8.00  0.16  0.15 8.07  0.01  0.01 8.00  0.01  0.01 8.08  0.02  0.03 8.04  0.02  0.02 8.04  0.04  0.05 8.08  0.02  0.03 8.08  0.02  0.03 
12epg    0.589  0.174  0.156   0.62  0.21  0.20   8.64  0.06  0.07                    8.64  0.06  0.07 8.65  0.04  0.05 8.59  0.09  0.09 8.44  0.03  0.04 8.44  0.01  0.02 8.73  0.03  0.04 8.34  0.01  0.01 8.41  0.04  0.04 8.75  0.03  0.04                  
12gwu  < 0.013                 0.                                                                                                                                                                                                                               
12mkp  < 0.010                 0.                                                                                                                                                                                                                               
12mue    0.860  0.176  0.429   1.38  0.04  0.79   8.07  0.04  0.43                  < 8.11             8.07        0.43 7.91  0.31  0.40 8.04  0.11  0.32 8.05  0.10  0.17 8.69        0.65 8.07  0.07  0.11 7.99  0.15  0.23 7.99  0.28  0.65 7.98  0.28  0.65 
12mxx    0.109  0.036  0.024 < 0.26             < 8.38                              < 8.38             6.95  2.08  0.10 8.25  0.22  0.43 8.19  0.13  0.19 8.35  0.10  0.17 8.69        0.46 8.28  0.06  0.11 8.18  0.14  0.24 8.35  0.26  0.50 8.15  0.21  0.61 
