3540.16503906 9.27587e-15
3542.34884132 9.27553e-15
3544.53264359 9.08963e-15
3546.71644585 9.25668e-15
3548.90024811 9.26724e-15
3551.08405037 9.16829e-15
3553.26785263 9.08903e-15
3555.4516549 8.9983e-15
3557.63545716 9.15223e-15
3559.81925942 9.05049e-15
3562.00306168 9.0611e-15
3564.18686394 8.84865e-15
3566.37066621 8.90066e-15
3568.55446847 9.03934e-15
3570.73827073 8.93906e-15
3572.92207299 8.9541e-15
3575.10587525 8.85542e-15
3577.28967751 8.92559e-15
3579.47347978 8.88242e-15
3581.65728204 8.88943e-15
3583.8410843 8.87354e-15
3586.02488656 8.88109e-15
3588.20868882 8.76732e-15
3590.39249109 8.65167e-15
3592.57629335 8.79046e-15
3594.76009561 8.81386e-15
3596.94389787 8.73371e-15
3599.12770013 8.72712e-15
3601.3115024 8.69603e-15
3603.49530466 8.54444e-15
3605.67910692 8.65937e-15
3607.86290918 8.73738e-15
3610.04671144 8.72606e-15
3612.2305137 8.61935e-15
3614.41431597 8.62379e-15
3616.59811823 8.63958e-15
3618.78192049 8.37207e-15
3620.96572275 8.4897e-15
3623.14952501 8.64958e-15
3625.33332728 8.54293e-15
3627.51712954 8.38627e-15
3629.7009318 8.50346e-15
3631.88473406 8.37064e-15
3634.06853632 8.35364e-15
3636.25233859 8.40725e-15
3638.43614085 8.17165e-15
3640.61994311 8.29059e-15
3642.80374537 8.36923e-15
3644.98754763 8.24067e-15
3647.17134989 8.19878e-15
3649.35515216 8.27211e-15
3651.53895442 8.28011e-15
3653.72275668 8.17719e-15
3655.90655894 8.16034e-15
3658.0903612 8.11188e-15
3660.27416347 8.0891e-15
3662.45796573 8.25535e-15
3664.64176799 8.15433e-15
3666.82557025 8.19022e-15
3669.00937251 8.07229e-15
3671.19317478 7.92365e-15
3673.37697704 8.05994e-15
3675.5607793 8.00731e-15
3677.74458156 7.94101e-15
3679.92838382 7.87673e-15
3682.11218608 8.0919e-15
3684.29598835 8.09158e-15
3686.47979061 7.94549e-15
3688.66359287 7.94045e-15
3690.84739513 7.94201e-15
3693.03119739 7.90721e-15
3695.21499966 7.84504e-15
3697.39880192 7.9788e-15
3699.58260418 7.92398e-15
3701.76640644 7.73165e-15
3703.9502087 7.78222e-15
3706.13401097 7.75813e-15
3708.31781323 7.78687e-15
3710.50161549 7.85524e-15
3712.68541775 7.8679e-15
3714.86922001 7.83866e-15
3717.05302227 7.73216e-15
3719.23682454 7.63483e-15
3721.4206268 7.63359e-15
3723.60442906 7.5848e-15
3725.78823132 7.55491e-15
3727.97203358 7.5625e-15
3730.15583585 7.51181e-15
3732.33963811 7.57689e-15
3734.52344037 7.62372e-15
3736.70724263 7.43496e-15
3738.89104489 7.45219e-15
3741.07484716 7.40819e-15
3743.25864942 7.44296e-15
3745.44245168 7.54897e-15
3747.62625394 7.44446e-15
3749.8100562 7.51615e-15
3751.99385846 7.44455e-15
3754.17766073 7.41665e-15
3756.36146299 7.36524e-15
3758.54526525 7.37559e-15
3760.72906751 7.59725e-15
3762.91286977 7.58736e-15
3765.09667204 7.4332e-15
3767.2804743 7.26219e-15
3769.46427656 7.45144e-15
3771.64807882 7.53407e-15
3773.83188108 7.37608e-15
3776.01568335 7.42339e-15
3778.19948561 7.53248e-15
3780.38328787 7.53044e-15
3782.56709013 7.35629e-15
3784.75089239 7.27718e-15
3786.93469465 7.23462e-15
3789.11849692 7.12406e-15
3791.30229918 7.17281e-15
3793.48610144 7.20605e-15
3795.6699037 7.22138e-15
3797.85370596 7.22667e-15
3800.03750823 7.07143e-15
3802.22131049 7.05837e-15
3804.40511275 7.24357e-15
3806.58891501 7.15239e-15
3808.77271727 7.04432e-15
3810.95651954 6.98003e-15
3813.1403218 7.05468e-15
3815.32412406 7.06747e-15
3817.50792632 6.92382e-15
3819.69172858 6.98195e-15
3821.87553084 6.92129e-15
3824.05933311 6.87309e-15
3826.24313537 6.82844e-15
3828.42693763 6.87482e-15
3830.61073989 6.92277e-15
3832.79454215 7.00636e-15
3834.97834442 6.90248e-15
3837.16214668 6.75285e-15
3839.34594894 6.72394e-15
3841.5297512 6.8853e-15
3843.71355346 6.95273e-15
3845.89735573 6.85595e-15
3848.08115799 6.85186e-15
3850.26496025 6.87473e-15
3852.44876251 6.70497e-15
3854.63256477 6.73632e-15
3856.81636703 6.74996e-15
3859.0001693 6.71643e-15
3861.18397156 6.59941e-15
3863.36777382 6.66056e-15
3865.55157608 6.68854e-15
3867.73537834 6.54184e-15
3869.91918061 6.50831e-15
3872.10298287 6.63331e-15
3874.28678513 6.61955e-15
3876.47058739 6.63762e-15
3878.65438965 6.66169e-15
3880.83819192 6.62637e-15
3883.02199418 6.49767e-15
3885.20579644 6.57185e-15
3887.3895987 6.63879e-15
3889.57340096 6.51723e-15
3891.75720322 6.4636e-15
3893.94100549 6.44674e-15
3896.12480775 6.42852e-15
3898.30861001 6.49375e-15
3900.49241227 6.46509e-15
3902.67621453 6.40111e-15
3904.8600168 6.38203e-15
3907.04381906 6.27428e-15
3909.22762132 6.26311e-15
3911.41142358 6.25082e-15
3913.59522584 6.20628e-15
3915.77902811 6.12007e-15
3917.96283037 6.16515e-15
3920.14663263 6.19627e-15
3922.33043489 6.19848e-15
3924.51423715 6.27536e-15
3926.69803941 6.21759e-15
3928.88184168 6.10886e-15
3931.06564394 5.97684e-15
3933.2494462 5.96398e-15
3935.43324846 6.06445e-15
3937.61705072 6.1167e-15
3939.80085299 6.18244e-15
3941.98465525 6.20041e-15
3944.16845751 6.10974e-15
3946.35225977 6.13344e-15
3948.53606203 6.18497e-15
3950.7198643 6.20197e-15
3952.90366656 6.07794e-15
3955.08746882 6.01623e-15
3957.27127108 6.10067e-15
3959.45507334 6.09488e-15
3961.6388756 5.97032e-15
3963.82267787 5.9444e-15
3966.00648013 5.85363e-15
3968.19028239 5.91317e-15
3970.37408465 5.96889e-15
3972.55788691 6.01217e-15
3974.74168918 5.98693e-15
3976.92549144 5.95194e-15
3979.1092937 5.93746e-15
3981.29309596 5.94208e-15
3983.47689822 5.84739e-15
3985.66070049 5.70503e-15
3987.84450275 5.44672e-15
3990.02830501 5.56299e-15
3992.21210727 5.71102e-15
3994.39590953 5.75899e-15
3996.57971179 5.84695e-15
3998.76351406 5.85459e-15
4000.94731632 5.75068e-15
4003.13111858 5.73407e-15
4005.31492084 5.7361e-15
4007.4987231 5.79169e-15
4009.68252537 5.76902e-15
4011.86632763 5.6848e-15
4014.05012989 5.62408e-15
4016.23393215 5.61529e-15
4018.41773441 5.59633e-15
4020.60153668 5.50498e-15
4022.78533894 5.45533e-15
4024.9691412 5.52391e-15
4027.15294346 5.6443e-15
4029.33674572 5.7044e-15
4031.52054798 5.66424e-15
4033.70435025 5.70342e-15
4035.88815251 5.6671e-15
4038.07195477 5.61664e-15
4040.25575703 5.57713e-15
4042.43955929 5.61035e-15
4044.62336156 5.57008e-15
4046.80716382 5.49176e-15
4048.99096608 5.4666e-15
4051.17476834 5.50621e-15
4053.3585706 5.48227e-15
4055.54237287 5.52573e-15
4057.72617513 5.57465e-15
4059.90997739 5.58787e-15
4062.09377965 5.56228e-15
4064.27758191 5.52883e-15
4066.46138417 5.57975e-15
4068.64518644 5.57662e-15
4070.8289887 5.55265e-15
4073.01279096 5.54731e-15
4075.19659322 5.4962e-15
4077.38039548 5.43049e-15
4079.56419775 5.37746e-15
4081.74800001 5.39643e-15
4083.93180227 5.45592e-15
4086.11560453 5.41412e-15
4088.29940679 5.39482e-15
4090.48320906 5.42129e-15
4092.66701132 5.42159e-15
4094.85081358 5.48916e-15
4097.03461584 5.4125e-15
4099.2184181 5.27356e-15
4101.40222036 5.34294e-15
4103.58602263 5.42257e-15
4105.76982489 5.34128e-15
4107.95362715 5.27992e-15
4110.13742941 5.39446e-15
4112.32123167 5.45506e-15
4114.50503394 5.4276e-15
4116.6888362 5.3797e-15
4118.87263846 5.35831e-15
4121.05644072 5.34943e-15
4123.24024298 5.36211e-15
4125.42404525 5.422e-15
4127.60784751 5.27728e-15
4129.79164977 5.19729e-15
4131.97545203 5.31334e-15
4134.15925429 5.32494e-15
4136.34305655 5.25485e-15
4138.52685882 5.34087e-15
4140.71066108 5.3545e-15
4142.89446334 5.28603e-15
4145.0782656 5.32841e-15
4147.26206786 5.30519e-15
4149.44587013 5.27015e-15
4151.62967239 5.28537e-15
4153.81347465 5.26753e-15
4155.99727691 5.21887e-15
4158.18107917 5.23685e-15
4160.36488144 5.25595e-15
4162.5486837 5.13968e-15
4164.73248596 5.02666e-15
4166.91628822 5.12287e-15
4169.10009048 5.2297e-15
4171.28389274 5.22622e-15
4173.46769501 5.13536e-15
4175.65149727 5.13215e-15
4177.83529953 5.09113e-15
4180.01910179 5.11022e-15
4182.20290405 5.12696e-15
4184.38670632 5.05516e-15
4186.57050858 5.04921e-15
4188.75431084 5.07831e-15
4190.9381131 5.10426e-15
4193.12191536 5.06287e-15
4195.30571763 4.95761e-15
4197.48951989 4.97522e-15
4199.67332215 5.00682e-15
4201.85712441 5.05243e-15
4204.04092667 4.99476e-15
4206.22472893 5.02143e-15
4208.4085312 5.03851e-15
4210.59233346 5.09424e-15
4212.77613572 5.01421e-15
4214.95993798 4.96394e-15
4217.14374024 4.93122e-15
4219.32754251 4.94727e-15
4221.51134477 4.95136e-15
4223.69514703 4.96042e-15
4225.87894929 4.97236e-15
4228.06275155 5.00952e-15
4230.24655382 4.9664e-15
4232.43035608 4.98775e-15
4234.61415834 4.92785e-15
4236.7979606 4.86749e-15
4238.98176286 4.87086e-15
4241.16556512 4.94782e-15
4243.34936739 4.87861e-15
4245.53316965 4.92627e-15
4247.71697191 4.95546e-15
4249.90077417 4.9132e-15
4252.08457643 4.90495e-15
4254.2683787 4.88645e-15
4256.45218096 4.83102e-15
4258.63598322 4.87256e-15
4260.81978548 4.87888e-15
4263.00358774 4.85987e-15
4265.18739001 4.95371e-15
4267.37119227 4.89312e-15
4269.55499453 4.87846e-15
4271.73879679 4.86402e-15
4273.92259905 4.83641e-15
4276.10640131 4.92034e-15
4278.29020358 4.80497e-15
4280.47400584 4.77867e-15
4282.6578081 4.78329e-15
4284.84161036 4.71023e-15
4287.02541262 4.79601e-15
4289.20921489 4.78033e-15
4291.39301715 4.69364e-15
4293.57681941 4.70446e-15
4295.76062167 4.69398e-15
4297.94442393 4.71461e-15
4300.1282262 4.7324e-15
4302.31202846 4.66017e-15
4304.49583072 4.6427e-15
4306.67963298 4.62282e-15
4308.86343524 4.70708e-15
4311.0472375 4.73965e-15
4313.23103977 4.69429e-15
4315.41484203 4.60752e-15
4317.59864429 4.63083e-15
4319.78244655 4.65202e-15
4321.96624881 4.66627e-15
4324.15005108 4.69804e-15
4326.33385334 4.62293e-15
4328.5176556 4.5668e-15
4330.70145786 4.5503e-15
4332.88526012 4.59019e-15
4335.06906239 4.70081e-15
4337.25286465 4.67605e-15
4339.43666691 4.56871e-15
4341.62046917 4.52914e-15
4343.80427143 4.53753e-15
4345.98807369 4.5293e-15
4348.17187596 4.51726e-15
4350.35567822 4.57216e-15
4352.53948048 4.54235e-15
4354.72328274 4.51024e-15
4356.907085 4.65117e-15
4359.09088727 4.6215e-15
4361.27468953 4.48843e-15
4363.45849179 4.54244e-15
4365.64229405 4.60528e-15
4367.82609631 4.55393e-15
4370.00989858 4.4993e-15
4372.19370084 4.47508e-15
4374.3775031 4.51614e-15
4376.56130536 4.44935e-15
4378.74510762 4.41786e-15
4380.92890988 4.39338e-15
4383.11271215 4.39317e-15
4385.29651441 4.51351e-15
4387.48031667 4.40348e-15
4389.66411893 4.34194e-15
4391.84792119 4.41474e-15
4394.03172346 4.44855e-15
4396.21552572 4.42488e-15
4398.39932798 4.40445e-15
4400.58313024 4.49688e-15
4402.7669325 4.42505e-15
4404.95073477 4.33227e-15
4407.13453703 4.39565e-15
4409.31833929 4.40153e-15
4411.50214155 4.36221e-15
4413.68594381 4.35297e-15
4415.86974607 4.28995e-15
4418.05354834 4.28279e-15
4420.2373506 4.33027e-15
4422.42115286 4.29369e-15
4424.60495512 4.2597e-15
4426.78875738 4.28484e-15
4428.97255965 4.2564e-15
4431.15636191 4.29534e-15
4433.34016417 4.375e-15
4435.52396643 4.36544e-15
4437.70776869 4.35475e-15
4439.89157096 4.2961e-15
4442.07537322 4.22621e-15
4444.25917548 4.2387e-15
4446.44297774 4.24206e-15
4448.62678 4.22931e-15
4450.81058226 4.26061e-15
4452.99438453 4.28202e-15
4455.17818679 4.29414e-15
4457.36198905 4.28849e-15
4459.54579131 4.28191e-15
4461.72959357 4.33972e-15
4463.91339584 4.34117e-15
4466.0971981 4.32708e-15
4468.28100036 4.34679e-15
4470.46480262 4.32278e-15
4472.64860488 4.32505e-15
4474.83240715 4.32433e-15
4477.01620941 4.20051e-15
4479.20001167 4.17639e-15
4481.38381393 4.22976e-15
4483.56761619 4.24029e-15
4485.75141845 4.22588e-15
4487.93522072 4.21616e-15
4490.11902298 4.20395e-15
4492.30282524 4.20184e-15
4494.4866275 4.24111e-15
4496.67042976 4.24587e-15
4498.85423203 4.16329e-15
4501.03803429 4.1528e-15
4503.22183655 4.24213e-15
4505.40563881 4.26129e-15
4507.58944107 4.21487e-15
4509.77324334 4.16383e-15
4511.9570456 4.10933e-15
4514.14084786 4.12883e-15
4516.32465012 4.17056e-15
4518.50845238 4.16857e-15
4520.69225464 4.12527e-15
4522.87605691 4.16554e-15
4525.05985917 4.15168e-15
4527.24366143 4.16741e-15
4529.42746369 4.12026e-15
4531.61126595 4.16643e-15
4533.79506822 4.18741e-15
4535.97887048 4.12795e-15
4538.16267274 4.11131e-15
4540.346475 4.1386e-15
4542.53027726 4.16485e-15
4544.71407953 4.165e-15
4546.89788179 4.10636e-15
4549.08168405 4.09043e-15
4551.26548631 4.09331e-15
4553.44928857 4.05757e-15
4555.63309083 4.16598e-15
4557.8168931 4.14829e-15
4560.00069536 4.05232e-15
4562.18449762 4.05197e-15
4564.36829988 4.07716e-15
4566.55210214 4.00657e-15
4568.73590441 4.03427e-15
4570.91970667 4.06793e-15
4573.10350893 3.98928e-15
4575.28731119 4.01078e-15
4577.47111345 4.04241e-15
4579.65491572 4.03762e-15
4581.83871798 4.00474e-15
4584.02252024 3.96231e-15
4586.2063225 4.01499e-15
4588.39012476 3.99733e-15
4590.57392702 3.99356e-15
4592.75772929 3.99698e-15
4594.94153155 4.05477e-15
4597.12533381 4.02279e-15
4599.30913607 3.9223e-15
4601.49293833 3.94663e-15
4603.6767406 4.01439e-15
4605.86054286 4.07285e-15
4608.04434512 3.96719e-15
4610.22814738 3.92748e-15
4612.41194964 3.9968e-15
4614.59575191 4.01234e-15
4616.77955417 4.00171e-15
4618.96335643 4.00285e-15
4621.14715869 4.07904e-15
4623.33096095 4.02407e-15
4625.51476321 3.96438e-15
4627.69856548 3.92265e-15
4629.88236774 3.88302e-15
4632.06617 3.89456e-15
4634.24997226 3.95377e-15
4636.43377452 4.01454e-15
4638.61757679 3.94907e-15
4640.80137905 3.96555e-15
4642.98518131 3.9907e-15
4645.16898357 3.97709e-15
4647.35278583 3.96022e-15
4649.5365881 3.87969e-15
4651.72039036 3.91935e-15
4653.90419262 3.9658e-15
4656.08799488 3.96417e-15
4658.27179714 3.94811e-15
4660.4555994 3.93429e-15
4662.63940167 3.91501e-15
4664.82320393 3.88413e-15
4667.00700619 3.8672e-15
4669.19080845 3.90212e-15
4671.37461071 3.90294e-15
4673.55841298 3.90271e-15
4675.74221524 3.94572e-15
4677.9260175 3.99831e-15
4680.10981976 3.9622e-15
4682.29362202 3.93614e-15
4684.47742429 3.8929e-15
4686.66122655 3.91782e-15
4688.84502881 3.93111e-15
4691.02883107 3.95914e-15
4693.21263333 4.00172e-15
4695.39643559 4.0097e-15
4697.58023786 3.96023e-15
4699.76404012 3.89624e-15
4701.94784238 3.92289e-15
4704.13164464 3.9105e-15
4706.3154469 3.89523e-15
4708.49924917 3.86579e-15
4710.68305143 3.90292e-15
4712.86685369 3.86884e-15
4715.05065595 3.83792e-15
4717.23445821 3.84791e-15
4719.41826048 3.87298e-15
4721.60206274 3.91739e-15
4723.785865 3.88532e-15
4725.96966726 3.86161e-15
4728.15346952 3.86009e-15
4730.33727178 3.87419e-15
4732.52107405 3.88841e-15
4734.70487631 3.86329e-15
4736.88867857 3.81101e-15
4739.07248083 3.77226e-15
4741.25628309 3.82842e-15
4743.44008536 3.88364e-15
4745.62388762 3.89058e-15
4747.80768988 3.83069e-15
4749.99149214 3.83979e-15
4752.1752944 3.89532e-15
4754.35909667 3.86923e-15
4756.54289893 3.83683e-15
4758.72670119 3.81033e-15
4760.91050345 3.82095e-15
4763.09430571 3.84553e-15
4765.27810797 3.83235e-15
4767.46191024 3.84418e-15
4769.6457125 3.82127e-15
4771.82951476 3.7996e-15
4774.01331702 3.82583e-15
4776.19711928 3.76227e-15
4778.38092155 3.78046e-15
4780.56472381 3.82044e-15
4782.74852607 3.77088e-15
4784.93232833 3.78984e-15
4787.11613059 3.78327e-15
4789.29993286 3.8282e-15
4791.48373512 3.81308e-15
4793.66753738 3.75535e-15
4795.85133964 3.66555e-15
4798.0351419 3.67081e-15
4800.21894416 3.71924e-15
4802.40274643 3.76856e-15
4804.58654869 3.76725e-15
4806.77035095 3.74232e-15
4808.95415321 3.65582e-15
4811.13795547 3.70501e-15
4813.32175774 3.76444e-15
4815.50556 3.73035e-15
4817.68936226 3.7133e-15
4819.87316452 3.77035e-15
4822.05696678 3.74899e-15
4824.24076905 3.75689e-15
4826.42457131 3.7402e-15
4828.60837357 3.79347e-15
4830.79217583 3.78366e-15
4832.97597809 3.79165e-15
4835.15978035 3.79141e-15
4837.34358262 3.78093e-15
4839.52738488 3.7768e-15
4841.71118714 3.67088e-15
4843.8949894 3.79e-15
4846.07879166 3.74826e-15
4848.26259393 3.64288e-15
4850.44639619 3.66034e-15
4852.63019845 3.69891e-15
4854.81400071 3.6779e-15
4856.99780297 3.66325e-15
4859.18160524 3.74305e-15
4861.3654075 3.68088e-15
4863.54920976 3.70321e-15
4865.73301202 3.69049e-15
4867.91681428 3.73461e-15
4870.10061654 3.65588e-15
4872.28441881 3.66221e-15
4874.46822107 3.6477e-15
4876.65202333 3.64927e-15
4878.83582559 3.63569e-15
4881.01962785 3.66884e-15
4883.20343012 3.6626e-15
4885.38723238 3.69565e-15
4887.57103464 3.6939e-15
4889.7548369 3.67874e-15
4891.93863916 3.5879e-15
4894.12244143 3.61556e-15
4896.30624369 3.64152e-15
4898.49004595 3.60287e-15
4900.67384821 3.60887e-15
4902.85765047 3.60304e-15
4905.04145273 3.61427e-15
4907.225255 3.59695e-15
4909.40905726 3.59858e-15
4911.59285952 3.60945e-15
4913.77666178 3.55765e-15
4915.96046404 3.57387e-15
4918.14426631 3.55334e-15
4920.32806857 3.55755e-15
4922.51187083 3.49556e-15
4924.69567309 3.53475e-15
4926.87947535 3.62611e-15
4929.06327762 3.61479e-15
4931.24707988 3.60926e-15
4933.43088214 3.58785e-15
4935.6146844 3.49426e-15
4937.79848666 3.47498e-15
4939.98228892 3.47566e-15
4942.16609119 3.52388e-15
4944.34989345 3.48015e-15
4946.53369571 3.46926e-15
4948.71749797 3.46444e-15
4950.90130023 3.48234e-15
4953.0851025 3.47307e-15
4955.26890476 3.50522e-15
4957.45270702 3.53787e-15
4959.63650928 3.50205e-15
4961.82031154 3.41218e-15
4964.00411381 3.3915e-15
4966.18791607 3.44696e-15
4968.37171833 3.47916e-15
4970.55552059 3.47674e-15
4972.73932285 3.49012e-15
4974.92312511 3.45723e-15
4977.10692738 3.42197e-15
4979.29072964 3.43752e-15
4981.4745319 3.39802e-15
4983.65833416 3.42747e-15
4985.84213642 3.42998e-15
4988.02593869 3.39041e-15
4990.20974095 3.39495e-15
4992.39354321 3.4389e-15
4994.57734547 3.48315e-15
4996.76114773 3.47241e-15
4998.94495 3.48122e-15
5001.12875226 3.49748e-15
5003.31255452 3.47197e-15
5005.49635678 3.39698e-15
5007.68015904 3.36941e-15
5009.8639613 3.44624e-15
5012.04776357 3.48069e-15
5014.23156583 3.42354e-15
5016.41536809 3.3801e-15
5018.59917035 3.47892e-15
5020.78297261 3.50146e-15
5022.96677488 3.42882e-15
5025.15057714 3.43808e-15
5027.3343794 3.42265e-15
5029.51818166 3.40452e-15
5031.70198392 3.41147e-15
5033.88578619 3.42309e-15
5036.06958845 3.43951e-15
5038.25339071 3.40198e-15
5040.43719297 3.33751e-15
5042.62099523 3.31298e-15
5044.80479749 3.33555e-15
5046.98859976 3.39664e-15
5049.17240202 3.39768e-15
5051.35620428 3.37804e-15
5053.54000654 3.38056e-15
5055.7238088 3.4042e-15
5057.90761107 3.41496e-15
5060.09141333 3.37792e-15
5062.27521559 3.39691e-15
5064.45901785 3.34896e-15
5066.64282011 3.33576e-15
5068.82662238 3.29795e-15
5071.01042464 3.32935e-15
5073.1942269 3.42418e-15
5075.37802916 3.43028e-15
5077.56183142 3.41683e-15
5079.74563368 3.35738e-15
5081.92943595 3.34019e-15
5084.11323821 3.31828e-15
5086.29704047 3.26597e-15
5088.48084273 3.2833e-15
5090.66464499 3.30004e-15
5092.84844726 3.30794e-15
5095.03224952 3.30074e-15
5097.21605178 3.30966e-15
5099.39985404 3.31466e-15
5101.5836563 3.33595e-15
5103.76745857 3.34961e-15
5105.95126083 3.26779e-15
5108.13506309 3.28597e-15
5110.31886535 3.2743e-15
5112.50266761 3.27868e-15
5114.68646987 3.29135e-15
5116.87027214 3.2609e-15
5119.0540744 3.30774e-15
5121.23787666 3.32023e-15
5123.42167892 3.31758e-15
5125.60548118 3.31505e-15
5127.78928345 3.28309e-15
5129.97308571 3.26912e-15
5132.15688797 3.30659e-15
5134.34069023 3.32102e-15
5136.52449249 3.27467e-15
5138.70829476 3.30624e-15
5140.89209702 3.26949e-15
5143.07589928 3.21876e-15
5145.25970154 3.28793e-15
5147.4435038 3.30998e-15
5149.62730606 3.23453e-15
5151.81110833 3.22313e-15
5153.99491059 3.24476e-15
5156.17871285 3.17088e-15
5158.36251511 3.2206e-15
5160.54631737 3.24969e-15
5162.73011964 3.20175e-15
5164.9139219 3.23256e-15
5167.09772416 3.22621e-15
5169.28152642 3.19166e-15
5171.46532868 3.17698e-15
5173.64913095 3.20346e-15
5175.83293321 3.2311e-15
5178.01673547 3.22762e-15
5180.20053773 3.2035e-15
5182.38433999 3.18443e-15
5184.56814225 3.18347e-15
5186.75194452 3.20066e-15
5188.93574678 3.21269e-15
5191.11954904 3.23274e-15
5193.3033513 3.18509e-15
5195.48715356 3.15146e-15
5197.67095583 3.13462e-15
5199.85475809 3.15151e-15
5202.03856035 3.2079e-15
5204.22236261 3.176e-15
5206.40616487 3.13922e-15
5208.58996714 3.17011e-15
5210.7737694 3.12045e-15
5212.95757166 3.12362e-15
5215.14137392 3.13892e-15
5217.32517618 3.12758e-15
5219.50897844 3.1432e-15
5221.69278071 3.12971e-15
5223.87658297 3.13914e-15
5226.06038523 3.19054e-15
5228.24418749 3.15177e-15
5230.42798975 3.17119e-15
5232.61179202 3.14255e-15
5234.79559428 3.0979e-15
5236.97939654 3.04917e-15
5239.1631988 3.03785e-15
5241.34700106 3.11333e-15
5243.53080333 3.15637e-15
5245.71460559 3.09465e-15
5247.89840785 3.07709e-15
5250.08221011 3.07866e-15
5252.26601237 3.05522e-15
5254.44981463 3.05646e-15
5256.6336169 3.06215e-15
5258.81741916 3.03043e-15
5261.00122142 3.04244e-15
5263.18502368 3.08638e-15
5265.36882594 3.10924e-15
5267.55262821 3.07834e-15
5269.73643047 3.06785e-15
5271.92023273 3.05693e-15
5274.10403499 3.0631e-15
5276.28783725 3.06538e-15
5278.47163952 3.03736e-15
5280.65544178 3.04346e-15
5282.83924404 3.0679e-15
5285.0230463 3.06003e-15
5287.20684856 3.00126e-15
5289.39065082 3.04813e-15
5291.57445309 3.096e-15
5293.75825535 3.06492e-15
5295.94205761 3.04812e-15
5298.12585987 3.05633e-15
5300.30966213 3.04384e-15
5302.4934644 3.05316e-15
5304.67726666 3.07474e-15
5306.86106892 3.03545e-15
5309.04487118 3.02849e-15
5311.22867344 3.05242e-15
5313.41247571 3.0755e-15
5315.59627797 3.07076e-15
5317.78008023 3.05131e-15
5319.96388249 3.08661e-15
5322.14768475 3.06559e-15
5324.33148701 3.03051e-15
5326.51528928 3.00639e-15
5328.69909154 3.01193e-15
5330.8828938 3.09451e-15
5333.06669606 3.06207e-15
5335.25049832 3.00271e-15
5337.43430059 3.00286e-15
5339.61810285 2.99624e-15
5341.80190511 2.98279e-15
5343.98570737 2.98772e-15
5346.16950963 2.99952e-15
5348.3533119 2.99325e-15
5350.53711416 2.97215e-15
5352.72091642 2.97819e-15
5354.90471868 3.02302e-15
5357.08852094 3.00167e-15
5359.2723232 2.97101e-15
5361.45612547 2.98836e-15
5363.63992773 2.98104e-15
5365.82372999 2.98868e-15
5368.00753225 2.97591e-15
5370.19133451 2.94102e-15
5372.37513678 2.97211e-15
5374.55893904 2.9855e-15
5376.7427413 2.98162e-15
5378.92654356 2.97167e-15
5381.11034582 2.93625e-15
5383.29414809 2.93577e-15
5385.47795035 2.94133e-15
5387.66175261 2.93492e-15
5389.84555487 2.93019e-15
5392.02935713 2.97869e-15
5394.21315939 2.95291e-15
5396.39696166 2.92447e-15
5398.58076392 2.89916e-15
5400.76456618 2.88508e-15
5402.94836844 2.92356e-15
5405.1321707 2.93979e-15
5407.31597297 2.88443e-15
5409.49977523 2.89537e-15
5411.68357749 2.907e-15
5413.86737975 2.85674e-15
5416.05118201 2.84567e-15
5418.23498428 2.89341e-15
5420.41878654 2.92435e-15
5422.6025888 2.90068e-15
5424.78639106 2.91032e-15
5426.97019332 2.90214e-15
5429.15399558 2.87227e-15
5431.33779785 2.89615e-15
5433.52160011 2.85367e-15
5435.70540237 2.82488e-15
5437.88920463 2.85432e-15
5440.07300689 2.8738e-15
5442.25680916 2.86509e-15
5444.44061142 2.87168e-15
5446.62441368 2.8853e-15
5448.80821594 2.91182e-15
5450.9920182 2.89396e-15
5453.17582047 2.8642e-15
5455.35962273 2.81933e-15
5457.54342499 2.81936e-15
5459.72722725 2.89256e-15
5461.91102951 2.91269e-15
5464.09483177 2.86238e-15
5466.27863404 2.85137e-15
5468.4624363 2.84965e-15
5470.64623856 2.8513e-15
5472.83004082 2.8495e-15
5475.01384308 2.84953e-15
5477.19764535 2.84948e-15
5479.38144761 2.86758e-15
5481.56524987 2.82292e-15
5483.74905213 2.81239e-15
5485.93285439 2.81344e-15
5488.11665666 2.83387e-15
5490.30045892 2.82769e-15
5492.48426118 2.83136e-15
5494.66806344 2.7982e-15
5496.8518657 2.83062e-15
5499.03566796 2.81684e-15
5501.21947023 2.80568e-15
5503.40327249 2.81041e-15
5505.58707475 2.8106e-15
5507.77087701 2.78456e-15
5509.95467927 2.78051e-15
5512.13848154 2.79122e-15
5514.3222838 2.79254e-15
5516.50608606 2.81344e-15
5518.68988832 2.82775e-15
5520.87369058 2.81033e-15
5523.05749285 2.75462e-15
5525.24129511 2.7789e-15
5527.42509737 2.80512e-15
5529.60889963 2.81027e-15
5531.79270189 2.76726e-15
5533.97650415 2.74779e-15
5536.16030642 2.73754e-15
5538.34410868 2.78421e-15
5540.52791094 2.74304e-15
5542.7117132 2.72389e-15
5544.89551546 2.75235e-15
5547.07931773 2.75144e-15
5549.26311999 2.70964e-15
5551.44692225 2.70765e-15
5553.63072451 2.73808e-15
5555.81452677 2.73368e-15
5557.99832904 2.70348e-15
5560.1821313 2.7229e-15
5562.36593356 2.71587e-15
5564.54973582 2.71484e-15
5566.73353808 2.69359e-15
5568.91734034 2.67835e-15
5571.10114261 2.70409e-15
5573.28494487 2.68552e-15
5575.46874713 2.66265e-15
5577.65254939 2.67815e-15
5579.83635165 2.70908e-15
5582.02015392 2.68335e-15
5584.20395618 2.70427e-15
5586.38775844 2.69977e-15
5588.5715607 2.68472e-15
5590.75536296 2.69636e-15
5592.93916523 2.71805e-15
5595.12296749 2.67034e-15
5597.30676975 2.65366e-15
5599.49057201 2.69713e-15
5601.67437427 2.69364e-15
5603.85817653 2.63346e-15
5606.0419788 2.6214e-15
5608.22578106 2.67435e-15
5610.40958332 2.64084e-15
5612.59338558 2.64829e-15
5614.77718784 2.6243e-15
5616.96099011 2.61177e-15
5619.14479237 2.64707e-15
5621.32859463 2.64025e-15
5623.51239689 2.64348e-15
5625.69619915 2.66832e-15
5627.88000142 2.66832e-15
5630.06380368 2.65137e-15
5632.24760594 2.63305e-15
5634.4314082 2.61706e-15
5636.61521046 2.64775e-15
5638.79901272 2.62652e-15
5640.98281499 2.61583e-15
5643.16661725 2.60134e-15
5645.35041951 2.59819e-15
5647.53422177 2.5662e-15
5649.71802403 2.57004e-15
5651.9018263 2.57712e-15
5654.08562856 2.58072e-15
5656.26943082 2.57227e-15
5658.45323308 2.52923e-15
5660.63703534 2.53662e-15
5662.82083761 2.57605e-15
5665.00463987 2.57543e-15
5667.18844213 2.5645e-15
5669.37224439 2.55161e-15
5671.55604665 2.54425e-15
5673.73984891 2.57296e-15
5675.92365118 2.56758e-15
5678.10745344 2.53817e-15
5680.2912557 2.56345e-15
5682.47505796 2.57911e-15
5684.65886022 2.54707e-15
5686.84266249 2.52841e-15
5689.02646475 2.5372e-15
5691.21026701 2.52741e-15
5693.39406927 2.50661e-15
5695.57787153 2.53614e-15
5697.7616738 2.58293e-15
5699.94547606 2.55098e-15
5702.12927832 2.4704e-15
5704.31308058 2.45609e-15
5706.49688284 2.51193e-15
5708.6806851 2.49837e-15
5710.86448737 2.46564e-15
5713.04828963 2.46633e-15
5715.23209189 2.50853e-15
5717.41589415 2.52441e-15
5719.59969641 2.47215e-15
5721.78349868 2.46948e-15
5723.96730094 2.48315e-15
5726.1511032 2.47874e-15
5728.33490546 2.44949e-15
5730.51870772 2.45307e-15
5732.70250999 2.46041e-15
5734.88631225 2.43199e-15
5737.07011451 2.43975e-15
5739.25391677 2.44908e-15
5741.43771903 2.45291e-15
5743.62152129 2.44184e-15
5745.80532356 2.40565e-15
5747.98912582 2.38165e-15
5750.17292808 2.40769e-15
5752.35673034 2.4329e-15
5754.5405326 2.41644e-15
5756.72433487 2.40225e-15
5758.90813713 2.41125e-15
5761.09193939 2.39146e-15
5763.27574165 2.3678e-15
5765.45954391 2.40593e-15
5767.64334618 2.40814e-15
5769.82714844 2.38844e-15
5772.0109507 2.3845e-15
5774.19475296 2.39377e-15
5776.37855522 2.40568e-15
5778.56235748 2.3741e-15
5780.74615975 2.31443e-15
5782.92996201 2.32119e-15
5785.11376427 2.35309e-15
5787.29756653 2.39433e-15
5789.48136879 2.38558e-15
5791.66517106 2.36114e-15
5793.84897332 2.35197e-15
5796.03277558 2.36989e-15
5798.21657784 2.37307e-15
5800.4003801 2.37451e-15
5802.58418237 2.36177e-15
5804.76798463 2.33422e-15
5806.95178689 2.34526e-15
5809.13558915 2.32293e-15
5811.31939141 2.28178e-15
5813.50319368 2.30753e-15
5815.68699594 2.34355e-15
5817.8707982 2.35304e-15
5820.05460046 2.35113e-15
5822.23840272 2.33486e-15
5824.42220498 2.32327e-15
5826.60600725 2.29389e-15
5828.78980951 2.28507e-15
5830.97361177 2.31124e-15
5833.15741403 2.30668e-15
5835.34121629 2.31485e-15
5837.52501856 2.3131e-15
5839.70882082 2.28714e-15
5841.89262308 2.2921e-15
5844.07642534 2.29527e-15
5846.2602276 2.29886e-15
5848.44402987 2.28413e-15
5850.62783213 2.25874e-15
5852.81163439 2.24111e-15
5854.99543665 2.25182e-15
5857.17923891 2.29231e-15
5859.36304117 2.29528e-15
5861.54684344 2.25492e-15
5863.7306457 2.24025e-15
5865.91444796 2.26005e-15
5868.09825022 2.25202e-15
5870.28205248 2.25696e-15
5872.46585475 2.3001e-15
5874.64965701 2.25911e-15
5876.83345927 2.24141e-15
5879.01726153 2.23572e-15
5881.20106379 2.20363e-15
5883.38486606 2.22997e-15
5885.56866832 2.21219e-15
5887.75247058 2.15898e-15
5889.93627284 2.17034e-15
5892.1200751 2.22211e-15
5894.30387736 2.22475e-15
5896.48767963 2.16805e-15
5898.67148189 2.19468e-15
5900.85528415 2.26985e-15
5903.03908641 2.2659e-15
5905.22288867 2.22346e-15
5907.40669094 2.21433e-15
5909.5904932 2.20525e-15
5911.77429546 2.20211e-15
5913.95809772 2.2148e-15
5916.14189998 2.18287e-15
5918.32570225 2.19051e-15
5920.50950451 2.2187e-15
5922.69330677 2.2003e-15
5924.87710903 2.19932e-15
5927.06091129 2.20313e-15
5929.24471355 2.20491e-15
5931.42851582 2.1858e-15
5933.61231808 2.17659e-15
5935.79612034 2.19752e-15
5937.9799226 2.18277e-15
5940.16372486 2.17691e-15
5942.34752713 2.17105e-15
5944.53132939 2.16871e-15
5946.71513165 2.17603e-15
5948.89893391 2.16272e-15
5951.08273617 2.19365e-15
5953.26653844 2.19743e-15
5955.4503407 2.16202e-15
5957.63414296 2.15302e-15
5959.81794522 2.14181e-15
5962.00174748 2.15475e-15
5964.18554974 2.14794e-15
5966.36935201 2.12527e-15
5968.55315427 2.14806e-15
5970.73695653 2.12975e-15
5972.92075879 2.11464e-15
5975.10456105 2.10217e-15
5977.28836332 2.11434e-15
5979.47216558 2.16895e-15
5981.65596784 2.14798e-15
5983.8397701 2.12028e-15
5986.02357236 2.12549e-15
5988.20737463 2.13815e-15
5990.39117689 2.15492e-15
5992.57497915 2.1598e-15
5994.75878141 2.13264e-15
5996.94258367 2.1278e-15
5999.12638593 2.12639e-15
6001.3101882 2.14894e-15
6003.49399046 2.14093e-15
6005.67779272 2.11044e-15
6007.86159498 2.10295e-15
6010.04539724 2.11255e-15
6012.22919951 2.14466e-15
6014.41300177 2.15044e-15
6016.59680403 2.10908e-15
6018.78060629 2.11479e-15
6020.96440855 2.13681e-15
6023.14821082 2.14386e-15
6025.33201308 2.12855e-15
6027.51581534 2.11207e-15
6029.6996176 2.10745e-15
6031.88341986 2.08197e-15
6034.06722212 2.0916e-15
6036.25102439 2.10689e-15
6038.43482665 2.09371e-15
6040.61862891 2.10467e-15
6042.80243117 2.07739e-15
6044.98623343 2.06956e-15
6047.1700357 2.10155e-15
6049.35383796 2.09316e-15
6051.53764022 2.10241e-15
6053.72144248 2.06089e-15
6055.90524474 2.06416e-15
6058.08904701 2.05157e-15
6060.27284927 2.03563e-15
6062.45665153 2.03331e-15
6064.64045379 2.06431e-15
6066.82425605 2.07353e-15
6069.00805831 2.02997e-15
6071.19186058 2.04698e-15
6073.37566284 2.06959e-15
6075.5594651 2.06482e-15
6077.74326736 2.06071e-15
6079.92706962 2.08291e-15
6082.11087189 2.06334e-15
6084.29467415 2.05977e-15
6086.47847641 2.04841e-15
6088.66227867 2.02469e-15
6090.84608093 1.99919e-15
6093.0298832 2.04107e-15
6095.21368546 2.07226e-15
6097.39748772 2.05638e-15
6099.58128998 2.05493e-15
6101.76509224 2.06107e-15
6103.9488945 2.01121e-15
6106.13269677 2.03135e-15
6108.31649903 2.02686e-15
6110.50030129 1.99392e-15
6112.68410355 1.991e-15
6114.86790581 1.9919e-15
6117.05170808 1.98578e-15
6119.23551034 1.98946e-15
6121.4193126 2.00763e-15
6123.60311486 2.00899e-15
6125.78691712 1.99121e-15
6127.97071939 1.96202e-15
6130.15452165 1.96943e-15
6132.33832391 1.94877e-15
6134.52212617 1.93805e-15
6136.70592843 2.00202e-15
6138.88973069 1.99201e-15
6141.07353296 1.94665e-15
6143.25733522 1.94597e-15
6145.44113748 1.93693e-15
6147.62493974 1.93817e-15
6149.808742 2.00014e-15
6151.99254427 1.96844e-15
6154.17634653 1.94954e-15
6156.36014879 1.93418e-15
6158.54395105 1.94169e-15
6160.72775331 1.94426e-15
6162.91155558 1.95792e-15
6165.09535784 1.95929e-15
6167.2791601 1.96635e-15
6169.46296236 1.94514e-15
6171.64676462 1.93134e-15
6173.83056688 1.96069e-15
6176.01436915 1.96907e-15
6178.19817141 1.94019e-15
6180.38197367 1.92889e-15
6182.56577593 1.95022e-15
6184.74957819 1.9457e-15
6186.93338046 1.91523e-15
6189.11718272 1.90946e-15
6191.30098498 1.91667e-15
6193.48478724 1.92345e-15
6195.6685895 1.91426e-15
6197.85239177 1.91277e-15
6200.03619403 1.88986e-15
6202.21999629 1.90532e-15
6204.40379855 1.90246e-15
6206.58760081 1.90074e-15
6208.77140307 1.89398e-15
6210.95520534 1.91541e-15
6213.1390076 1.923e-15
6215.32280986 1.90661e-15
6217.50661212 1.9202e-15
6219.69041438 1.91203e-15
6221.87421665 1.89759e-15
6224.05801891 1.9133e-15
6226.24182117 1.92569e-15
6228.42562343 1.89218e-15
6230.60942569 1.90021e-15
6232.79322796 1.87268e-15
6234.97703022 1.89869e-15
6237.16083248 1.913e-15
6239.34463474 1.88856e-15
6241.528437 1.91308e-15
6243.71223926 1.93514e-15
6245.89604153 1.91714e-15
6248.07984379 1.89057e-15
6250.26364605 1.90324e-15
6252.44744831 1.87353e-15
6254.63125057 1.87882e-15
6256.81505284 1.89559e-15
6258.9988551 1.85794e-15
6261.18265736 1.86027e-15
6263.36645962 1.85086e-15
6265.55026188 1.86495e-15
6267.73406415 1.87239e-15
6269.91786641 1.85727e-15
6272.10166867 1.80101e-15
6274.28547093 1.78671e-15
6276.46927319 1.77992e-15
6278.65307545 1.74503e-15
6280.83687772 1.73816e-15
6283.02067998 1.76336e-15
6285.20448224 1.78812e-15
6287.3882845 1.79286e-15
6289.57208676 1.8132e-15
6291.75588903 1.83437e-15
6293.93969129 1.87911e-15
6296.12349355 1.84013e-15
6298.30729581 1.79202e-15
6300.49109807 1.82143e-15
6302.67490034 1.80147e-15
6304.8587026 1.79471e-15
6307.04250486 1.79038e-15
6309.22630712 1.79833e-15
6311.41010938 1.8726e-15
6313.59391164 1.87489e-15
6315.77771391 1.80488e-15
6317.96151617 1.80195e-15
6320.14531843 1.79699e-15
6322.32912069 1.7844e-15
6324.51292295 1.79313e-15
6326.69672522 1.78801e-15
6328.88052748 1.79136e-15
6331.06432974 1.77259e-15
6333.248132 1.75721e-15
6335.43193426 1.76309e-15
6337.61573653 1.78172e-15
6339.79953879 1.77944e-15
6341.98334105 1.80732e-15
6344.16714331 1.81122e-15
6346.35094557 1.79098e-15
6348.53474783 1.8126e-15
6350.7185501 1.81476e-15
6352.90235236 1.79096e-15
6355.08615462 1.76684e-15
6357.26995688 1.76555e-15
6359.45375914 1.79044e-15
6361.63756141 1.80418e-15
6363.82136367 1.79503e-15
6366.00516593 1.7832e-15
6368.18896819 1.7633e-15
6370.37277045 1.74365e-15
6372.55657272 1.75042e-15
6374.74037498 1.77328e-15
6376.92417724 1.77041e-15
6379.1079795 1.77446e-15
6381.29178176 1.78172e-15
6383.47558402 1.76139e-15
6385.65938629 1.74475e-15
6387.84318855 1.74837e-15
6390.02699081 1.72888e-15
6392.21079307 1.71684e-15
6394.39459533 1.73618e-15
6396.5783976 1.74121e-15
6398.76219986 1.76526e-15
6400.94600212 1.78107e-15
6403.12980438 1.76135e-15
6405.31360664 1.74012e-15
6407.49740891 1.75951e-15
6409.68121117 1.76926e-15
6411.86501343 1.76006e-15
6414.04881569 1.75582e-15
6416.23261795 1.75028e-15
6418.41642021 1.75559e-15
6420.60022248 1.73069e-15
6422.78402474 1.70877e-15
6424.967827 1.70858e-15
6427.15162926 1.72839e-15
6429.33543152 1.75126e-15
6431.51923379 1.7355e-15
6433.70303605 1.72643e-15
6435.88683831 1.73772e-15
6438.07064057 1.72449e-15
6440.25444283 1.73145e-15
6442.4382451 1.73421e-15
6444.62204736 1.71504e-15
6446.80584962 1.74577e-15
6448.98965188 1.72835e-15
6451.17345414 1.67184e-15
6453.3572564 1.6903e-15
6455.54105867 1.71325e-15
6457.72486093 1.7198e-15
6459.90866319 1.7231e-15
6462.09246545 1.70698e-15
6464.27626771 1.70549e-15
6466.46006998 1.71369e-15
6468.64387224 1.69e-15
6470.8276745 1.6807e-15
6473.01147676 1.68652e-15
6475.19527902 1.68808e-15
6477.37908129 1.68283e-15
6479.56288355 1.6687e-15
6481.74668581 1.70269e-15
6483.93048807 1.68534e-15
6486.11429033 1.63808e-15
6488.29809259 1.6355e-15
6490.48189486 1.64891e-15
6492.66569712 1.67657e-15
6494.84949938 1.66826e-15
6497.03330164 1.67183e-15
6499.2171039 1.67831e-15
6501.40090617 1.65673e-15
6503.58470843 1.65545e-15
6505.76851069 1.67208e-15
6507.95231295 1.68033e-15
6510.13611521 1.67394e-15
6512.31991748 1.67887e-15
6514.50371974 1.67525e-15
6516.687522 1.6667e-15
6518.87132426 1.68045e-15
6521.05512652 1.70216e-15
6523.23892878 1.68609e-15
6525.42273105 1.65412e-15
6527.60653331 1.62854e-15
6529.79033557 1.63968e-15
6531.97413783 1.66937e-15
6534.15794009 1.66969e-15
6536.34174236 1.66206e-15
6538.52554462 1.65245e-15
6540.70934688 1.63198e-15
6542.89314914 1.5946e-15
6545.0769514 1.57696e-15
6547.26075367 1.59084e-15
6549.44455593 1.6238e-15
6551.62835819 1.60543e-15
6553.81216045 1.60823e-15
6555.99596271 1.64076e-15
6558.17976497 1.61777e-15
6560.36356724 1.60745e-15
6562.5473695 1.61582e-15
6564.73117176 1.64181e-15
6566.91497402 1.64736e-15
6569.09877628 1.61346e-15
6571.28257855 1.62933e-15
6573.46638081 1.61522e-15
6575.65018307 1.60248e-15
6577.83398533 1.59878e-15
6580.01778759 1.62566e-15
6582.20158986 1.63457e-15
6584.38539212 1.61307e-15
6586.56919438 1.59737e-15
6588.75299664 1.58702e-15
6590.9367989 1.59908e-15
6593.12060116 1.61135e-15
6595.30440343 1.62266e-15
6597.48820569 1.60403e-15
6599.67200795 1.59871e-15
6601.85581021 1.58258e-15
6604.03961247 1.58034e-15
6606.22341474 1.64372e-15
6608.407217 1.62403e-15
6610.59101926 1.6027e-15
6612.77482152 1.62994e-15
6614.95862378 1.59446e-15
6617.14242605 1.59345e-15
6619.32622831 1.61734e-15
6621.51003057 1.59697e-15
6623.69383283 1.62519e-15
6625.87763509 1.64307e-15
6628.06143735 1.58753e-15
6630.24523962 1.57303e-15
6632.42904188 1.58614e-15
6634.61284414 1.57283e-15
6636.7966464 1.59242e-15
6638.98044866 1.59683e-15
6641.16425093 1.59324e-15
6643.34805319 1.58784e-15
6645.53185545 1.58365e-15
6647.71565771 1.61088e-15
6649.89945997 1.63747e-15
6652.08326224 1.69712e-15
6654.2670645 1.78811e-15
6656.45086676 1.77046e-15
6658.63466902 1.6737e-15
6660.81847128 1.60766e-15
6663.00227354 1.58381e-15
6665.18607581 1.56154e-15
6667.36987807 1.59411e-15
6669.55368033 1.61105e-15
6671.73748259 1.57975e-15
6673.92128485 1.61643e-15
6676.10508712 1.61394e-15
6678.28888938 1.60506e-15
6680.47269164 1.60443e-15
6682.6564939 1.53564e-15
6684.84029616 1.53916e-15
6687.02409843 1.56019e-15
6689.20790069 1.58516e-15
6691.39170295 1.54899e-15
6693.57550521 1.57168e-15
6695.75930747 1.57694e-15
6697.94310973 1.5475e-15
6700.126912 1.54087e-15
6702.31071426 1.56866e-15
6704.49451652 1.59334e-15
6706.67831878 1.59078e-15
6708.86212104 1.54945e-15
6711.04592331 1.58107e-15
6713.22972557 1.57638e-15
6715.41352783 1.55218e-15
6717.59733009 1.53523e-15
6719.78113235 1.55025e-15
6721.96493462 1.56933e-15
6724.14873688 1.57181e-15
6726.33253914 1.57432e-15
6728.5163414 1.5473e-15
6730.70014366 1.5454e-15
6732.88394592 1.5388e-15
6735.06774819 1.54033e-15
6737.25155045 1.54603e-15
6739.43535271 1.5561e-15
6741.61915497 1.5376e-15
6743.80295723 1.52104e-15
6745.9867595 1.56091e-15
6748.17056176 1.57731e-15
6750.35436402 1.55549e-15
6752.53816628 1.52842e-15
6754.72196854 1.50793e-15
6756.90577081 1.50122e-15
6759.08957307 1.53175e-15
6761.27337533 1.55498e-15
6763.45717759 1.57276e-15
6765.64097985 1.53397e-15
6767.82478211 1.52915e-15
6770.00858438 1.50506e-15
6772.19238664 1.49896e-15
6774.3761889 1.47444e-15
6776.55999116 1.48526e-15
6778.74379342 1.50265e-15
6780.92759569 1.50402e-15
6783.11139795 1.51309e-15
6785.29520021 1.52219e-15
6787.47900247 1.52754e-15
6789.66280473 1.52061e-15
6791.846607 1.53865e-15
6794.03040926 1.52844e-15
6796.21421152 1.49332e-15
6798.39801378 1.47635e-15
6800.58181604 1.48708e-15
6802.7656183 1.52091e-15
6804.94942057 1.55264e-15
6807.13322283 1.54846e-15
6809.31702509 1.53124e-15
6811.50082735 1.51171e-15
6813.68462961 1.52022e-15
6815.86843188 1.48067e-15
6818.05223414 1.43509e-15
6820.2360364 1.43555e-15
6822.41983866 1.4739e-15
6824.60364092 1.50804e-15
6826.78744319 1.53501e-15
6828.97124545 1.49521e-15
6831.15504771 1.49689e-15
6833.33884997 1.50451e-15
6835.52265223 1.49374e-15
6837.70645449 1.49272e-15
6839.89025676 1.48053e-15
6842.07405902 1.48739e-15
6844.25786128 1.47112e-15
6846.44166354 1.45667e-15
6848.6254658 1.44864e-15
6850.80926807 1.43525e-15
6852.99307033 1.46248e-15
6855.17687259 1.45591e-15
6857.36067485 1.44152e-15
6859.54447711 1.46034e-15
6861.72827938 1.50493e-15
6863.91208164 1.51469e-15
6866.0958839 1.47319e-15
6868.27968616 1.46781e-15
6870.46348842 1.43124e-15
6872.64729068 1.40024e-15
6874.83109295 1.42697e-15
6877.01489521 1.4342e-15
6879.19869747 1.38186e-15
6881.38249973 1.41301e-15
6883.56630199 1.47159e-15
6885.75010426 1.44863e-15
6887.93390652 1.40212e-15
6890.11770878 1.41255e-15
6892.30151104 1.45596e-15
6894.4853133 1.42811e-15
6896.66911557 1.40771e-15
6898.85291783 1.42992e-15
6901.03672009 1.42793e-15
6903.22052235 1.4392e-15
6905.40432461 1.44495e-15
6907.58812687 1.40206e-15
6909.77192914 1.39066e-15
6911.9557314 1.40651e-15
6914.13953366 1.42999e-15
6916.32333592 1.43233e-15
6918.50713818 1.37478e-15
6920.69094045 1.40182e-15
6922.87474271 1.42726e-15
6925.05854497 1.39923e-15
6927.24234723 1.39882e-15
6929.42614949 1.41163e-15
6931.60995176 1.41924e-15
6933.79375402 1.38977e-15
6935.97755628 1.39325e-15
6938.16135854 1.40366e-15
6940.3451608 1.38256e-15
6942.52896306 1.38062e-15
6944.71276533 1.38596e-15
6946.89656759 1.38412e-15
6949.08036985 1.37429e-15
6951.26417211 1.37898e-15
6953.44797437 1.40744e-15
6955.63177664 1.39074e-15
6957.8155789 1.37774e-15
6959.99938116 1.3644e-15
6962.18318342 1.36406e-15
6964.36698568 1.39168e-15
6966.55078795 1.40794e-15
6968.73459021 1.36946e-15
6970.91839247 1.35909e-15
6973.10219473 1.37703e-15
6975.28599699 1.38131e-15
6977.46979925 1.35308e-15
6979.65360152 1.3012e-15
6981.83740378 1.33674e-15
6984.02120604 1.37439e-15
6986.2050083 1.3837e-15
6988.38881056 1.38124e-15
6990.57261283 1.36185e-15
6992.75641509 1.34695e-15
6994.94021735 1.37283e-15
6997.12401961 1.37489e-15
6999.30782187 1.33557e-15
7001.49162414 1.34097e-15
7003.6754264 1.33755e-15
7005.85922866 1.32952e-15
7008.04303092 1.32332e-15
7010.22683318 1.32181e-15
7012.41063544 1.33516e-15
7014.59443771 1.33628e-15
7016.77823997 1.36624e-15
7018.96204223 1.36385e-15
7021.14584449 1.34317e-15
7023.32964675 1.33978e-15
7025.51344902 1.31095e-15
7027.69725128 1.33593e-15
7029.88105354 1.31277e-15
7032.0648558 1.32763e-15
7034.24865806 1.33319e-15
7036.43246033 1.3007e-15
7038.61626259 1.3177e-15
7040.80006485 1.31781e-15
7042.98386711 1.31444e-15
7045.16766937 1.35543e-15
7047.35147163 1.35121e-15
7049.5352739 1.30657e-15
7051.71907616 1.32127e-15
7053.90287842 1.32181e-15
7056.08668068 1.30847e-15
7058.27048294 1.31466e-15
7060.45428521 1.29302e-15
7062.63808747 1.28603e-15
7064.82188973 1.28581e-15
7067.00569199 1.29308e-15
7069.18949425 1.29946e-15
7071.37329652 1.32328e-15
7073.55709878 1.33471e-15
7075.74090104 1.33352e-15
7077.9247033 1.29273e-15
7080.10850556 1.29431e-15
7082.29230782 1.27874e-15
7084.47611009 1.28531e-15
7086.65991235 1.32046e-15
7088.84371461 1.32733e-15
7091.02751687 1.34075e-15
7093.21131913 1.31538e-15
7095.3951214 1.30111e-15
7097.57892366 1.29058e-15
7099.76272592 1.2798e-15
7101.94652818 1.31101e-15
7104.13033044 1.34778e-15
7106.31413271 1.32572e-15
7108.49793497 1.32127e-15
7110.68173723 1.30396e-15
7112.86553949 1.26893e-15
7115.04934175 1.27724e-15
7117.23314401 1.26902e-15
7119.41694628 1.26204e-15
7121.60074854 1.27494e-15
7123.7845508 1.26957e-15
7125.96835306 1.26557e-15
7128.15215532 1.27177e-15
7130.33595759 1.28809e-15
7132.51975985 1.27256e-15
7134.70356211 1.25539e-15
7136.88736437 1.29769e-15
7139.07116663 1.32976e-15
7141.2549689 1.29793e-15
7143.43877116 1.32915e-15
7145.62257342 1.31697e-15
7147.80637568 1.28866e-15
7149.99017794 1.3184e-15
7152.1739802 1.28089e-15
7154.35778247 1.27006e-15
7156.54158473 1.29885e-15
7158.72538699 1.28969e-15
7160.90918925 1.28419e-15
7163.09299151 1.26655e-15
7165.27679378 1.2468e-15
7167.46059604 1.27353e-15
7169.6443983 1.26927e-15
7171.82820056 1.24839e-15
7174.01200282 1.25513e-15
7176.19580509 1.27799e-15
7178.37960735 1.30646e-15
7180.56340961 1.34176e-15
7182.74721187 1.30037e-15
7184.93101413 1.26958e-15
7187.11481639 1.27821e-15
7189.29861866 1.28806e-15
7191.48242092 1.30932e-15
7193.66622318 1.28126e-15
7195.85002544 1.23007e-15
7198.0338277 1.21726e-15
7200.21762997 1.22634e-15
7202.40143223 1.24868e-15
7204.58523449 1.24691e-15
7206.76903675 1.26067e-15
7208.95283901 1.28919e-15
7211.13664128 1.23657e-15
7213.32044354 1.22342e-15
7215.5042458 1.2675e-15
7217.68804806 1.22685e-15
7219.87185032 1.20563e-15
7222.05565258 1.24658e-15
7224.23945485 1.25494e-15
7226.42325711 1.22616e-15
7228.60705937 1.23183e-15
7230.79086163 1.25488e-15
7232.97466389 1.27092e-15
7235.15846616 1.27719e-15
7237.34226842 1.23254e-15
7239.52607068 1.21367e-15
7241.70987294 1.20848e-15
7243.8936752 1.25557e-15
7246.07747747 1.24804e-15
7248.26127973 1.20883e-15
7250.44508199 1.26017e-15
7252.62888425 1.30119e-15
7254.81268651 1.25801e-15
7256.99648877 1.2155e-15
7259.18029104 1.20743e-15
7261.3640933 1.17607e-15
7263.54789556 1.15887e-15
7265.73169782 1.1798e-15
7267.91550008 1.19995e-15
7270.09930235 1.19827e-15
7272.28310461 1.21653e-15
7274.46690687 1.2151e-15
7276.65070913 1.20199e-15
7278.83451139 1.19333e-15
7281.01831366 1.22152e-15
7283.20211592 1.21995e-15
7285.38591818 1.20266e-15
7287.56972044 1.20083e-15
7289.7535227 1.21556e-15
7291.93732496 1.23869e-15
7294.12112723 1.2324e-15
7296.30492949 1.18942e-15
7298.48873175 1.18063e-15
7300.67253401 1.16633e-15
7302.85633627 1.15694e-15
7305.04013854 1.20031e-15
7307.2239408 1.22188e-15
7309.40774306 1.1886e-15
7311.59154532 1.13659e-15
7313.77534758 1.14081e-15
7315.95914985 1.17498e-15
7318.14295211 1.20782e-15
7320.32675437 1.1912e-15
7322.51055663 1.13583e-15
7324.69435889 1.178e-15
7326.87816115 1.19153e-15
7329.06196342 1.15513e-15
7331.24576568 1.18767e-15
7333.42956794 1.20793e-15
7335.6133702 1.16178e-15
7337.79717246 1.12828e-15
7339.98097473 1.12679e-15
7342.16477699 1.16164e-15
7344.34857925 1.19848e-15
7346.53238151 1.21591e-15
7348.71618377 1.16017e-15
7350.89998604 1.13756e-15
7353.0837883 1.15793e-15
7355.26759056 1.16042e-15
7357.45139282 1.1564e-15
7359.63519508 1.2332e-15
7361.81899734 1.20562e-15
7364.00279961 1.16995e-15
7366.18660187 1.18533e-15
7368.37040413 1.16699e-15
7370.55420639 1.15335e-15
7372.73800865 1.14944e-15
7374.92181092 1.21186e-15
7377.10561318 1.20375e-15
7379.28941544 1.18699e-15
7381.4732177 1.1873e-15
7383.65701996 1.1482e-15
7385.84082223 1.14834e-15
7388.02462449 1.16425e-15
7390.20842675 1.16409e-15
7392.39222901 1.1681e-15
7394.57603127 1.14097e-15
7396.75983353 1.14168e-15
7398.9436358 1.12354e-15
7401.12743806 1.11229e-15
7403.31124032 1.13438e-15
7405.49504258 1.14985e-15
7407.67884484 1.14172e-15
7409.86264711 1.1485e-15
7412.04644937 1.16032e-15
7414.23025163 1.14442e-15
7416.41405389 1.1286e-15
7418.59785615 1.12444e-15
7420.78165842 1.11586e-15
7422.96546068 1.09517e-15
7425.14926294 1.10178e-15
7427.3330652 1.10244e-15
7429.51686746 1.128e-15
7431.70066972 1.1451e-15
7433.88447199 1.13361e-15
7436.06827425 1.1133e-15
7438.25207651 1.11415e-15
7440.43587877 1.15098e-15
7442.61968103 1.13621e-15
7444.8034833 1.11234e-15
7446.98728556 1.13273e-15
7449.17108782 1.11837e-15
7451.35489008 1.10733e-15
7453.53869234 1.1409e-15
7455.72249461 1.15566e-15
7457.90629687 1.09625e-15
7460.09009913 1.04418e-15
7462.27390139 1.06822e-15
7464.45770365 1.08746e-15
7466.64150591 1.1088e-15
7468.82530818 1.12348e-15
7471.00911044 1.11026e-15
7473.1929127 1.11027e-15
7475.37671496 1.12992e-15
7477.56051722 1.12586e-15
7479.74431949 1.08453e-15
7481.92812175 1.09973e-15
7484.11192401 1.11065e-15
7486.29572627 1.08657e-15
7488.47952853 1.09512e-15
7490.6633308 1.11454e-15
7492.84713306 1.11344e-15
7495.03093532 1.10369e-15
7497.21473758 1.13153e-15
7499.39853984 1.1434e-15
7501.5823421 1.15248e-15
7503.76614437 1.12153e-15
7505.94994663 1.06102e-15
7508.13374889 1.06544e-15
7510.31755115 1.10879e-15
7512.50135341 1.09832e-15
7514.68515568 1.06774e-15
7516.86895794 1.09343e-15
7519.0527602 1.08296e-15
7521.23656246 1.04007e-15
7523.42036472 1.0676e-15
7525.60416699 1.10864e-15
7527.78796925 1.08307e-15
7529.97177151 1.08496e-15
7532.15557377 1.12875e-15
7534.33937603 1.10055e-15
7536.52317829 1.08453e-15
7538.70698056 1.10681e-15
7540.89078282 1.10903e-15
7543.07458508 1.10151e-15
7545.25838734 1.08947e-15
7547.4421896 1.09161e-15
7549.62599187 1.09311e-15
7551.80979413 1.08305e-15
7553.99359639 1.11414e-15
7556.17739865 1.10105e-15
7558.36120091 1.06505e-15
7560.54500318 1.06653e-15
7562.72880544 1.08025e-15
7564.9126077 1.09284e-15
7567.09640996 1.0775e-15
7569.28021222 1.10573e-15
7571.46401448 1.08873e-15
7573.64781675 1.10226e-15
7575.83161901 1.09625e-15
7578.01542127 1.11472e-15
7580.19922353 1.08687e-15
7582.38302579 1.10615e-15
7584.56682806 1.1507e-15
7586.75063032 1.12549e-15
7588.93443258 1.09139e-15
7591.11823484 1.06038e-15
7593.3020371 1.04297e-15
7595.48583937 1.06892e-15
7597.66964163 1.06859e-15
7599.85344389 1.03282e-15
7602.03724615 1.0666e-15
7604.22104841 1.05089e-15
7606.40485067 1.03319e-15
7608.58865294 1.07705e-15
7610.7724552 1.04029e-15
7612.95625746 1.07701e-15
7615.14005972 1.0691e-15
7617.32386198 1.03334e-15
7619.50766425 1.04416e-15
7621.69146651 1.06942e-15
7623.87526877 1.08505e-15
7626.05907103 1.08952e-15
7628.24287329 1.05803e-15
7630.42667556 1.05529e-15
7632.61047782 1.04882e-15
7634.79428008 1.0576e-15
7636.97808234 1.07998e-15
7639.1618846 1.06884e-15
7641.34568686 1.02371e-15
7643.52948913 1.03125e-15
7645.71329139 1.06928e-15
7647.89709365 1.04627e-15
7650.08089591 1.00855e-15
7652.26469817 1.01863e-15
7654.44850044 1.03575e-15
7656.6323027 1.04649e-15
7658.81610496 1.06741e-15
7660.99990722 1.05689e-15
7663.18370948 1.03768e-15
7665.36751175 1.03808e-15
7667.55131401 1.05772e-15
7669.73511627 1.07266e-15
7671.91891853 1.06566e-15
7674.10272079 1.05526e-15
7676.28652305 1.04227e-15
7678.47032532 1.04683e-15
7680.65412758 1.09693e-15
7682.83792984 1.0836e-15
7685.0217321 1.02458e-15
7687.20553436 1.05047e-15
7689.38933663 1.07946e-15
7691.57313889 1.06923e-15
7693.75694115 1.05211e-15
7695.94074341 1.0474e-15
7698.12454567 1.02799e-15
7700.30834794 1.00335e-15
7702.4921502 1.03734e-15
7704.67595246 1.03585e-15
7706.85975472 1.00343e-15
7709.04355698 1.02367e-15
7711.22735924 1.0532e-15
7713.41116151 1.05371e-15
7715.59496377 1.05185e-15
7717.77876603 1.07539e-15
7719.96256829 1.05108e-15
7722.14637055 1.02466e-15
7724.33017282 1.03058e-15
7726.51397508 1.03821e-15
7728.69777734 1.05908e-15
7730.8815796 1.08098e-15
7733.06538186 1.0817e-15
7735.24918413 1.05561e-15
7737.43298639 1.06281e-15
7739.61678865 1.02435e-15
7741.80059091 1.0258e-15
7743.98439317 1.04764e-15
7746.16819543 1.06239e-15
7748.3519977 1.03217e-15
7750.53579996 1.00762e-15
7752.71960222 1.0024e-15
7754.90340448 1.02923e-15
7757.08720674 1.0161e-15
7759.27100901 1.02641e-15
7761.45481127 1.03142e-15
7763.63861353 1.03196e-15
7765.82241579 1.075e-15
7768.00621805 1.0053e-15
7770.19002032 1.00837e-15
7772.37382258 1.03602e-15
7774.55762484 1.01248e-15
7776.7414271 1.034e-15
7778.92522936 1.07302e-15
7781.10903162 1.04737e-15
7783.29283389 1.0129e-15
7785.47663615 1.00876e-15
7787.66043841 9.74241e-16
7789.84424067 9.8419e-16
7792.02804293 1.04484e-15
7794.2118452 1.02635e-15
7796.39564746 1.04422e-15
7798.57944972 1.01156e-15
7800.76325198 1.02822e-15
7802.94705424 1.01873e-15
7805.13085651 1.01563e-15
7807.31465877 9.93299e-16
7809.49846103 1.00674e-15
7811.68226329 1.03129e-15
7813.86606555 1.04327e-15
7816.04986781 1.0556e-15
7818.23367008 1.01663e-15
7820.41747234 1.02572e-15
7822.6012746 1.04895e-15
7824.78507686 1.02516e-15
7826.96887912 9.92295e-16
7829.15268139 1.00505e-15
7831.33648365 9.87465e-16
7833.52028591 1.00973e-15
7835.70408817 9.80392e-16
7837.88789043 1.01248e-15
7840.0716927 1.03638e-15
7842.25549496 1.03189e-15
7844.43929722 1.01797e-15
7846.62309948 9.9361e-16
7848.80690174 9.86904e-16
7850.990704 9.78457e-16
7853.17450627 9.7906e-16
7855.35830853 1.00532e-15
7857.54211079 1.03668e-15
7859.72591305 1.03543e-15
7861.90971531 1.02912e-15
7864.09351758 1.01891e-15
7866.27731984 1.01611e-15
7868.4611221 9.91203e-16
7870.64492436 9.88964e-16
7872.82872662 9.94663e-16
7875.01252889 9.92769e-16
7877.19633115 9.89896e-16
7879.38013341 9.69007e-16
7881.56393567 9.5878e-16
7883.74773793 9.58444e-16
7885.93154019 9.60217e-16
7888.11534246 9.68922e-16
7890.29914472 9.43719e-16
7892.48294698 9.32654e-16
7894.66674924 9.47144e-16
7896.8505515 9.59276e-16
7899.03435377 9.78433e-16
7901.21815603 9.7693e-16
7903.40195829 9.65548e-16
7905.58576055 9.78937e-16
7907.76956281 9.76541e-16
7909.95336508 9.19616e-16
7912.13716734 8.9934e-16
7914.3209696 9.57346e-16
7916.50477186 1.02411e-15
7918.68857412 1.02658e-15
7920.87237638 9.99449e-16
7923.05617865 9.84822e-16
7925.23998091 9.95809e-16
7927.42378317 9.78362e-16
7929.60758543 9.77555e-16
7931.79138769 1.0068e-15
7933.97518996 9.93991e-16
7936.15899222 9.56578e-16
7938.34279448 9.35888e-16
7940.52659674 9.22562e-16
7942.710399 9.38783e-16
7944.89420127 9.77231e-16
7947.07800353 9.86008e-16
7949.26180579 9.71799e-16
7951.44560805 9.84838e-16
7953.62941031 9.97815e-16
7955.81321257 9.79723e-16
7957.99701484 9.8183e-16
7960.1808171 9.7348e-16
7962.36461936 9.73796e-16
7964.54842162 9.6233e-16
7966.73222388 9.33424e-16
7968.91602615 1.00735e-15
7971.09982841 9.80808e-16
7973.28363067 9.59316e-16
7975.46743293 9.37008e-16
7977.65123519 9.53947e-16
7979.83503746 9.68707e-16
7982.01883972 9.68252e-16
7984.20264198 1.0032e-15
7986.38644424 9.89307e-16
7988.5702465 9.8824e-16
7990.75404876 9.89407e-16
7992.93785103 9.97306e-16
7995.12165329 9.49896e-16
7997.30545555 9.38851e-16
7999.48925781 8.99662e-16
