59257.20 |   2.49 |  44.33 +0.17 -0.28   |  14.88 +0.10 -0.06   |   4.45 +0.07 -0.12    
59258.00 |   3.23 |  44.17 +0.15 -0.02   |  14.98 +0.01 -0.07   |   4.37 +0.07 -0.00    
59259.00 |   4.15 |  44.00 +0.04 -0.03   |  15.06 +0.02 -0.03   |   4.28 +0.02 -0.01    
59260.00 |   5.07 |  43.86 +0.04 -0.02   |  15.12 +0.02 -0.03   |   4.21 +0.02 -0.01    
59261.00 |   6.00 |  43.74 +0.04 -0.02   |  15.15 +0.03 -0.03   |   4.17 +0.02 -0.02    
59262.00 |   6.92 |  43.62 +0.03 -0.02   |  15.18 +0.02 -0.03   |   4.13 +0.02 -0.01    
59264.00 |   8.76 |  43.46 +0.02 -0.02   |  15.21 +0.03 -0.03   |   4.07 +0.02 -0.01    
59268.00 |  12.45 |  43.23 +0.03 -0.02   |  15.25 +0.03 -0.03   |   4.00 +0.02 -0.02    
59271.00 |  15.22 |  43.13 +0.03 -0.03   |  15.25 +0.03 -0.03   |   3.97 +0.02 -0.02    
59285.00 |  28.14 |  42.80 +0.04 -0.03   |  15.10 +0.04 -0.04   |   3.96 +0.02 -0.02    
59293.00 |  35.52 |  42.55 +0.06 -0.04   |  15.04 +0.05 -0.06   |   3.93 +0.05 -0.03    
