#x	y
9.170	42.784
10.244	42.826
12.086	42.874
12.584	42.885
14.095	42.905
14.603	42.904
15.114	42.916
15.694	42.916
16.970	42.926
19.166	42.904
20.190	42.897
21.165	42.875
22.110	42.868
22.915	42.846
23.303	42.848
24.070	42.827
25.033	42.794
25.921	42.777
26.356	42.777
27.054	42.747
27.441	42.759
28.129	42.726
29.059	42.706
31.390	42.659
32.277	42.637
33.718	42.598
34.221	42.588
36.290	42.550
38.007	42.509
39.057	42.488
39.916	42.470
40.611	42.449
40.862	42.459
42.088	42.428
42.738	42.407
43.753	42.387
55.436	42.261
56.573	42.237
57.668	42.230
64.801	42.201
67.870	42.181
68.878	42.171
74.884	42.121
