,JD,Filter,Flux,eFlux,Mag,eMag,Telescope
0,2458351.00464125,r,5.2492624840330695,13.150045266933523,19.35525686961536,99.0,P48
1,2458351.00464125,r,5.2492624840330695,13.150045266933523,19.35525686961536,99.0,P48
2,2458356.0139468,r,5.7027182834802845,23.59921907033166,18.72033090960091,99.0,P48
3,2458356.9546296,r,-4.699369614463916,33.125602002660855,18.352165540170773,99.0,P48
4,2458357.96899305,r,-2.128505486372521,24.24141389147196,18.691180122520382,99.0,P48
5,2458357.96899305,r,-2.128505486372521,24.24141389147196,18.691180122520382,99.0,P48
6,2458358.9628646,r,3.2436235326465477,22.700405553341596,18.76249094881976,99.0,P48
7,2458358.9628646,r,3.2436235326465477,22.700405553341596,18.76249094881976,99.0,P48
8,2458359.9621759,r,4.968676442582865,29.00671343122052,18.496328678144646,99.0,P48
9,2458362.0057581,r,5.921342803551345,15.788619741184894,19.15671457626525,99.0,P48
10,2458362.0057581,r,5.921342803551345,15.788619741184894,19.15671457626525,99.0,P48
11,2458362.9555903,r,-8.607211110141467,23.159630774296065,18.740745910887174,99.0,P48
12,2458363.9939119997,r,1.5284466483581383,25.230022882748475,18.6477808781408,99.0,P48
13,2458367.00735535,r,6.542247684175747,9.573226072094458,19.699929201872884,99.0,P48
14,2458367.00735535,r,6.542247684175747,9.573226072094458,19.699929201872884,99.0,P48
15,2458368.0161111,r,-3.4937302322528323,14.800473716817802,19.22688594910035,99.0,P48
16,2458368.9755671,r,2.6079519049900965,10.78474001973591,19.570550788339386,99.0,P48
17,2458370.0107986503,r,9.309608561231343,10.056577615690214,19.646449464671186,99.0,P48
18,2458370.0107986503,r,9.309608561231343,10.056577615690214,19.646449464671186,99.0,P48
19,2458371.0175,r,11.094404885874132,14.127301823414966,19.277426929743164,99.0,P48
20,2458371.9762847,r,3.767456292230841,11.185401046626705,19.53094608888421,99.0,P48
21,2458373.00453125,r,4.242557176934289,9.055972955380476,19.760237196970664,99.0,P48
22,2458373.00453125,r,4.242557176934289,9.055972955380476,19.760237196970664,99.0,P48
23,2458373.9977546004,r,1.4137179366167176,11.23475563375181,19.52616591277438,99.0,P48
24,2458375.0041087996,r,4.618519467353267,13.049975919186231,19.36355071345585,99.0,P48
25,2458376.00315395,r,8.976938864476045,8.865019254112966,19.783375781182833,99.0,P48
26,2458376.00315395,r,8.976938864476045,8.865019254112966,19.783375781182833,99.0,P48
27,2458377.0054397997,r,4.52578396106357,13.502529108350746,19.32653718367653,99.0,P48
28,2458377.9513773,r,4.507294640288225,12.325865182198777,19.42553145616969,99.0,P48
29,2458379.0037963,r,-0.6617465416729139,11.976259866799602,19.456771961726634,99.0,P48
30,2458380.0043287002,r,11.454274788108648,14.101961743721194,19.2793761587253,99.0,P48
31,2458380.962037,r,6.401949745071562,11.826872972688193,19.470400158491415,99.0,P48
32,2458383.0171932997,r,121.2131395506404,9.165433024974863,18.691191372107617,0.0820792002046419,P48
33,2458383.0171932997,r,121.2131395506404,9.165433024974863,18.691191372107617,0.0820792002046419,P48
34,2458384.0207523,r,196.49175985619675,13.894916909406405,18.166704766343575,0.07676114416298757,P48
35,2458386.02065395,r,228.75996185751583,14.897836748842538,18.001615583626766,0.07069244836183847,P48
36,2458386.02065395,r,228.75996185751583,14.897836748842538,18.001615583626766,0.07069244836183847,P48
37,2458386.8929744996,r,273.10034268840064,21.615134378034597,17.80926000954194,0.08591431316557298,P48
38,2458386.8929744996,r,273.10034268840064,21.615134378034597,17.80926000954194,0.08591431316557298,P48
39,2458387.9725231,r,195.32672891547813,60.6520723943817,18.173161429497608,0.3370651059875717,P48
40,2458391.0240394,r,157.43643225786516,25.014352579761383,18.407302523671632,0.17247011594404618,P48
41,2458397.9559722,r,173.73473027478295,13.391950347432143,18.30034901141204,0.08367332242174945,P48
42,2458422.8804977,r,88.99307126250876,27.766293236787217,19.02667513459119,0.3386815499335408,P48
43,2458424.905625,r,86.00537527374254,7.274979195839251,19.063751634325264,0.09181972512704631,P48
44,2458425.9197337995,r,83.48871776339723,23.256925387203538,19.09599614447601,0.3023808867127843,P48
45,2458428.8873437503,r,77.55641093220295,5.258903569983655,19.17602136457413,0.07360500256010376,P48
46,2458428.8873437503,r,77.55641093220295,5.258903569983655,19.17602136457413,0.07360500256010376,P48
47,2458429.8608218,r,86.52973706159611,9.125131108953832,19.057152162222412,0.11447312976021509,P48
48,2458431.8794097,r,73.23271788539974,25.686628874721794,18.628307211675672,99.0,P48
49,2458432.8521296,r,73.5663602002652,12.856561207437052,19.2333674491817,0.1897035160184887,P48
50,2458434.8532986,r,68.36958133092219,21.330256135441108,19.312908321143624,0.33865927777078886,P48
51,2458435.8532986,r,50.01513420569505,18.441740907619383,18.988070198601694,99.0,P48
52,2458436.8456366,r,68.12424204082778,16.41985206704906,19.31681141404543,0.26163592995427,P48
53,2458437.8771296,r,59.0114362565182,16.119287104532898,19.472725160049684,0.2965100879075409,P48
54,2458439.7991667003,r,78.46417417044944,17.015190668354606,19.163387101806457,0.2353939191455219,P48
55,2458441.8394444,r,65.86601388583396,15.600145967967261,19.353412168846532,0.25709705885011064,P48
56,2458443.9011343,r,76.19998540433042,25.09716927497142,19.195178401899746,0.357519454937235,P48
57,2458447.8945486,r,59.85945374565282,33.33556213661929,18.345305531613434,99.0,P48
58,2458448.8445225502,r,46.89395037845621,7.4113052406691,19.722273573421877,0.17155670984891666,P48
59,2458448.8445225502,r,46.89395037845621,7.4113052406691,19.722273573421877,0.17155670984891666,P48
60,2458448.8445225502,r,46.89395037845621,7.4113052406691,19.722273573421877,0.17155670984891666,P48
61,2458448.8445225502,r,46.89395037845621,7.4113052406691,19.722273573421877,0.17155670984891666,P48
62,2458449.8486053003,r,45.20927681889868,7.881535481977536,19.761996722318354,0.1892400712348981,P48
63,2458449.8486053003,r,45.20927681889868,7.881535481977536,19.761996722318354,0.1892400712348981,P48
64,2458455.7719097002,r,36.83262710053169,17.5748317095663,19.040347051510192,99.0,P48
65,2458461.8006829,r,31.4966496733006,5.801654933960052,20.15440472239408,0.19994813721892876,P48
66,2458462.8155556,r,46.78491678107623,24.09674181057678,18.69767917829822,99.0,P48
67,2458465.8004397997,r,31.352122213888624,8.990307263781652,20.159398263784297,0.3112701101462238,P48
68,2458466.8317939998,r,37.63391041375004,14.64942815107257,19.23802330895014,99.0,P48
69,2458471.9082176,r,23.02966248806745,10.302378667250618,19.62023121798077,99.0,P48
70,2458472.7732639,r,33.64989451891714,27.922090557603404,18.53770516097609,99.0,P48
71,2458476.8160185004,r,-4.984703117415524,142.57261638028993,16.767484690394014,99.0,P48
72,2458490.6927082995,r,22.98798907074681,16.147959411350204,19.132280866359466,99.0,P48
73,2458493.7658448997,r,19.170254936550762,13.799942095614188,19.30288182888295,99.0,P48
74,2458494.7187616,r,16.56809136324626,5.00328787968371,20.85188442035781,0.3278029360367152,P48
75,2458503.7540972,r,6.621861045283874,77.13490369018052,17.43444763515106,99.0,P48
76,2458506.7423032,r,16.726749160023832,29.139250819319955,18.491379034886783,99.0,P48
77,2458507.7841898,r,19.59371894562339,18.511376851276236,18.983978183677827,99.0,P48
78,2458508.7825,r,13.48850479584142,23.488605455044,18.725431906683546,99.0,P48
79,2458509.7543403,r,18.67797168117282,19.334897609376448,18.936720297788206,99.0,P48
80,2458514.6458680998,r,24.427364355723316,11.09625520748096,19.539633897402133,99.0,P48
81,2458523.6997049004,r,21.78942185706277,8.337899488840588,19.849933350366378,99.0,P48
82,2458523.6997049004,r,21.78942185706277,8.337899488840588,19.849933350366378,99.0,P48
83,2458526.70242475,r,19.330617442060174,24.472334722171226,18.680886478879458,99.0,P48
84,2458526.70242475,r,19.330617442060174,24.472334722171226,18.680886478879458,99.0,P48
85,2458534.6981654996,r,11.348813215203197,28.002623338349462,18.53457819223282,99.0,P48
86,2458534.6981654996,r,11.348813215203197,28.002623338349462,18.53457819223282,99.0,P48
87,2458538.6525984,r,25.618904444153852,67.87576060456476,17.57328821601891,99.0,P48
88,2458538.6525984,r,25.618904444153852,67.87576060456476,17.57328821601891,99.0,P48
89,2458539.69875,r,9.000977387936869,15.577673065773073,19.171318526898286,99.0,P48
90,2458540.6925347,r,19.496495852905767,13.252298497181567,19.346846965539985,99.0,P48
91,2458547.652419,r,7.329456097878112,9.884315900414142,19.6652084469063,99.0,P48
92,2458547.652419,r,7.329456097878112,9.884315900414142,19.6652084469063,99.0,P48
93,2458558.66653935,r,20.220263349743785,28.94187149774293,18.498758461865222,99.0,P48
94,2458558.66653935,r,20.220263349743785,28.94187149774293,18.498758461865222,99.0,P48
95,2458559.6876852,r,16.21110200560549,35.180678293307416,18.28681446785715,99.0,P48
96,2458560.6261921003,r,19.564797213186157,22.88139036898252,18.75386896297998,99.0,P48
97,2458573.6308681,r,8.542179395642163,24.083971228727645,18.69825473986713,99.0,P48
98,2458574.6316898,r,31.274009765730934,90.33636240386873,17.26291849231839,99.0,P48
99,2458582.6859028004,r,2.719992044196917,22.002694497016282,18.796385317385138,99.0,P48
100,2458582.6859028004,r,2.719992044196917,22.002694497016282,18.796385317385138,99.0,P48
101,2458585.6399653004,r,2.441921986416608,26.779497954893188,18.583068911975516,99.0,P48
102,2458585.6399653004,r,2.441921986416608,26.779497954893188,18.583068911975516,99.0,P48
103,2458586.645463,r,9.308891753876148,40.2638983372988,18.140285437069494,99.0,P48
104,2458714.0098957997,r,-20.549247134316612,39.58913960739274,18.15863483087833,99.0,P48
105,2458716.9835647997,r,7.981762376640159,24.522101800225116,18.678680761623898,99.0,P48
106,2458722.9974537003,r,7.593725054534931,12.216569720021592,19.43520179452444,99.0,P48
107,2458726.0031944,r,6.196175920138977,13.39104331808898,19.33553895185075,99.0,P48
108,2458730.9952951497,r,8.58817839057723,9.97633877960077,19.65514701759154,99.0,P48
109,2458730.9952951497,r,8.58817839057723,9.97633877960077,19.65514701759154,99.0,P48
110,2458733.0155903,r,1.6487015818652158,16.20945693802795,19.128153826617407,99.0,P48
111,2458740.9743692,r,6.667499354194398,16.60871506978063,19.101734902566328,99.0,P48
112,2458740.9743692,r,6.667499354194398,16.60871506978063,19.101734902566328,99.0,P48
113,2458741.9613079,r,13.171902557231315,27.256017964460476,18.563918972150674,99.0,P48
114,2458744.9630903,r,6.288138629428236,30.118899153205017,18.45547725330854,99.0,P48
115,2458748.9755054335,r,-0.8338948355789129,12.661381530162645,19.39637224980033,99.0,P48
116,2458748.9755054335,r,-0.8338948355789129,12.661381530162645,19.39637224980033,99.0,P48
117,2458748.9755054335,r,-0.8338948355789129,12.661381530162645,19.39637224980033,99.0,P48
118,2458752.0095832995,r,5.123347906661602,13.798852215765157,19.302967580600807,99.0,P48
119,2458757.0014699,r,0.05120144623208199,15.314447701881301,19.189821641437398,99.0,P48
120,2458759.9980324,r,8.02114305575829,12.374553413269672,19.421251152701974,99.0,P48
121,2458761.9628646,r,6.541575048031698,9.387529814029424,19.721196665914235,99.0,P48
122,2458761.9628646,r,6.541575048031698,9.387529814029424,19.721196665914235,99.0,P48
123,2458767.0220255,r,6.800844755458214,14.435838414640813,19.253969958646152,99.0,P48
124,2458769.938846433,r,7.348073281277703,14.01933539985592,19.285756424237523,99.0,P48
125,2458769.938846433,r,7.348073281277703,14.01933539985592,19.285756424237523,99.0,P48
126,2458769.938846433,r,7.348073281277703,14.01933539985592,19.285756424237523,99.0,P48
127,2458770.89921875,r,8.450734520253421,25.53593103163477,18.634695747374977,99.0,P48
128,2458770.89921875,r,8.450734520253421,25.53593103163477,18.634695747374977,99.0,P48
129,2458771.9105265997,r,12.297112481274178,25.024827026017235,18.65664727846746,99.0,P48
130,2458771.9105265997,r,12.297112481274178,25.024827026017235,18.65664727846746,99.0,P48
131,2458773.0226389,r,-11.292810116405807,30.07237409304331,18.457155701016383,99.0,P48
132,2458776.9270525,r,4.499598403906941,12.754340546129484,19.388429967542372,99.0,P48
133,2458776.9270525,r,4.499598403906941,12.754340546129484,19.388429967542372,99.0,P48
134,2458776.9270525,r,4.499598403906941,12.754340546129484,19.388429967542372,99.0,P48
135,2458777.94301505,r,-2.97446575008871,12.69454442357998,19.393532189876346,99.0,P48
136,2458777.94301505,r,-2.97446575008871,12.69454442357998,19.393532189876346,99.0,P48
137,2458780.0244907,r,7.209362829902886,16.80149536325306,19.089205148073233,99.0,P48
138,2458783.8960126997,r,6.65171059515715,9.552933525124521,19.70223309995417,99.0,P48
139,2458783.8960126997,r,6.65171059515715,9.552933525124521,19.70223309995417,99.0,P48
140,2458785.9845832996,r,5.053971787808074,20.86125007086204,18.85422416630053,99.0,P48
141,2458788.8340741,r,3.031239038368769,19.93299329581274,18.903643687436045,99.0,P48
142,2458791.9693056,r,8.032499258156829,13.014031373777819,19.366545365706823,99.0,P48
143,2458805.8915355,r,10.196071836613404,11.611719886943401,19.490333612490215,99.0,P48
144,2458805.8915355,r,10.196071836613404,11.611719886943401,19.490333612490215,99.0,P48
145,2458805.8915355,r,10.196071836613404,11.611719886943401,19.490333612490215,99.0,P48
146,2458806.8283102,r,7.230444419751391,15.79793555121576,19.156074144763508,99.0,P48
147,2458811.9128472,r,-1.9078156203532892,23.032407682528383,18.746726641363857,99.0,P48
148,2458814.7271412,r,11.972597984899924,35.02918863924255,18.291499793851777,99.0,P48
149,2458820.7761111,r,-0.7013044731499377,122.10504797720318,16.93574094266124,99.0,P48
150,2458823.8462847,r,-8.46379385922297,62.13243681958828,17.669279021973004,99.0,P48
151,2458830.8153704,r,5.93948458518233,34.32898471980925,18.313422590783798,99.0,P48
152,2458833.7786169,r,5.978493653321534,12.419000771915476,19.417358353966947,99.0,P48
153,2458833.7786169,r,5.978493653321534,12.419000771915476,19.417358353966947,99.0,P48
154,2458833.7786169,r,5.978493653321534,12.419000771915476,19.417358353966947,99.0,P48
155,2458833.7786169,r,5.978493653321534,12.419000771915476,19.417358353966947,99.0,P48
156,2458836.9200462997,r,3.2148088815091436,16.86933698933962,19.084829954223835,99.0,P48
157,2458846.7745486,r,10.049340483736115,20.280822018836535,18.884861104739237,99.0,P48
158,2458850.6416782,r,-6.441879750950362,41.8924251392782,18.09723623351112,99.0,P48
159,2458853.6728472,r,11.355238667833797,27.05765605436456,18.571849559387875,99.0,P48
160,2458859.8264583,r,7.061812515078137,20.07119241685828,18.89614205312329,99.0,P48
161,2458859.8264583,r,7.061812515078137,20.07119241685828,18.89614205312329,99.0,P48
162,2458859.8264583,r,7.061812515078137,20.07119241685828,18.89614205312329,99.0,P48
163,2458860.70755785,r,-1.2006931281590623,14.030053778552865,19.28492664984921,99.0,P48
164,2458860.70755785,r,-1.2006931281590623,14.030053778552865,19.28492664984921,99.0,P48
165,2458860.70755785,r,-1.2006931281590623,14.030053778552865,19.28492664984921,99.0,P48
166,2458860.70755785,r,-1.2006931281590623,14.030053778552865,19.28492664984921,99.0,P48
167,2458861.696392733,r,-1.416315903610427,13.723473130710788,19.308914898302586,99.0,P48
168,2458861.696392733,r,-1.416315903610427,13.723473130710788,19.308914898302586,99.0,P48
169,2458861.696392733,r,-1.416315903610427,13.723473130710788,19.308914898302586,99.0,P48
170,2458863.7123264,r,6.7530924760925854,81.56331812087076,17.373837776082283,99.0,P48
171,2458871.7484838,r,6.383627415946182,16.680292708034152,19.097065820592604,99.0,P48
172,2458872.7609606003,r,8.63705499821849,12.167954680206583,19.439531030386533,99.0,P48
173,2458873.68052375,r,2.949830152532301,5.797682924007184,20.24443883903554,99.0,P48
174,2458873.68052375,r,2.949830152532301,5.797682924007184,20.24443883903554,99.0,P48
175,2458873.68052375,r,2.949830152532301,5.797682924007184,20.24443883903554,99.0,P48
176,2458873.68052375,r,2.949830152532301,5.797682924007184,20.24443883903554,99.0,P48
177,2458874.7118345,r,7.211421343780065,17.613892263605152,19.037936650090195,99.0,P48
178,2458874.7118345,r,7.211421343780065,17.613892263605152,19.037936650090195,99.0,P48
179,2458875.6946296003,r,14.170709115285385,15.477229060066513,19.17834196386788,99.0,P48
180,2458877.7550347,r,1.6187884958009142,19.0168647414052,18.954727695267486,99.0,P48
181,2458878.6653318,r,9.981514275117233,13.526680940164175,19.3245968735348,99.0,P48
182,2458878.6653318,r,9.981514275117233,13.526680940164175,19.3245968735348,99.0,P48
183,2458878.6653318,r,9.981514275117233,13.526680940164175,19.3245968735348,99.0,P48
184,2458880.6926389,r,3.497872674492136,18.326427360056705,18.99488046464848,99.0,P48
185,2458882.6661728336,r,0.223830851430406,12.511651116854198,19.409288424834067,99.0,P48
186,2458882.6661728336,r,0.223830851430406,12.511651116854198,19.409288424834067,99.0,P48
187,2458882.6661728336,r,0.223830851430406,12.511651116854198,19.409288424834067,99.0,P48
188,2458883.6748032,r,8.859653884598323,51.49391442157788,17.873185221862478,99.0,P48
189,2458886.6318519,r,7.951273165783028,29.150297759497494,18.490967500972438,99.0,P48
190,2458890.6664931,r,6.564669712803266,25.189281597044086,18.64953553536987,99.0,P48
191,2458896.6624306,r,4.784730393114365,11.288663462866332,19.520968673998176,99.0,P48
192,2458899.6443981,r,8.019648467451058,12.693642367195578,19.393609343497737,99.0,P48
193,2458903.6501505002,r,0.6951164839365561,15.570055522159326,19.171849586043372,99.0,P48
194,2458906.6736806,r,-3.8765469884033537,21.16473509238732,18.838542896626304,99.0,P48
195,2458913.6711111,r,3.421005299263468,26.68113542882688,18.5870642210279,99.0,P48
196,2458914.6662153,r,26.54065443306683,107.54733954386845,17.073575810456973,99.0,P48
197,2458917.6319097,r,41.696879143977064,337.53952886419154,15.831763389484259,99.0,P48
198,2458941.6704282,r,-11.43010285238828,31.015162964908722,18.42363982054092,99.0,P48
199,2459094.9492245,r,-38.23771865433367,44.042984746072136,18.0428831317335,99.0,P48
200,2459096.933375767,r,3.973284338647076,17.856312177551647,19.023095564188996,99.0,P48
201,2459096.933375767,r,3.973284338647076,17.856312177551647,19.023095564188996,99.0,P48
202,2459096.933375767,r,3.973284338647076,17.856312177551647,19.023095564188996,99.0,P48
203,2459104.9493287,r,13.529161582338798,59.269569149495396,17.720495563616684,99.0,P48
204,2459107.0237616003,r,17.858449394838647,35.19537223846945,18.286361082128213,99.0,P48
205,2459108.0012153,r,10.493051318388686,12.601710479291437,19.401501245155664,99.0,P48
206,2459108.9870486,r,-2.364537082642417,15.32900866390736,19.188789814958753,99.0,P48
207,2459110.0014352,r,-7.893659291137471,24.75703840427541,18.668328263250352,99.0,P48
208,2459110.9846528,r,1.72348506889225,14.39205528265266,19.2572679427866,99.0,P48
209,2459112.9833681,r,6.102804235085441,9.69634836812133,19.68605446332893,99.0,P48
210,2459114.0031828997,r,9.334564110160729,10.435619804013415,19.60627936848112,99.0,P48
211,2459116.9198264,r,8.02209602247701,13.518874972718399,19.325223610269788,99.0,P48
212,2459119.9616319,r,6.577018901497445,10.977083061144137,19.55135761308901,99.0,P48
213,2459123.0014583333,r,7.49946821094676,10.734841819926626,19.575585865654794,99.0,P48
214,2459123.0014583333,r,7.49946821094676,10.734841819926626,19.575585865654794,99.0,P48
215,2459123.0014583333,r,7.49946821094676,10.734841819926626,19.575585865654794,99.0,P48
216,2459123.8632292002,r,1.1022563425509604,40.549858641953186,18.13260162769502,99.0,P48
217,2459124.864737633,r,-0.4070193769140627,19.332019728114975,18.936881915010343,99.0,P48
218,2459124.864737633,r,-0.4070193769140627,19.332019728114975,18.936881915010343,99.0,P48
219,2459124.864737633,r,-0.4070193769140627,19.332019728114975,18.936881915010343,99.0,P48
220,2459125.9818171,r,8.61346503931482,21.84274518126891,18.804306940919407,99.0,P48
221,2459126.9036573996,r,4.806697147714715,15.64851541430866,19.16639213412735,99.0,P48
222,2459126.9036573996,r,4.806697147714715,15.64851541430866,19.16639213412735,99.0,P48
223,2459126.9036573996,r,4.806697147714715,15.64851541430866,19.16639213412735,99.0,P48
224,2459127.9992361,r,32.00580265126317,69.48237310772912,17.54788838174909,99.0,P48
225,2459134.9806019,r,4.007732283547312,16.716214414393995,19.09473015644489,99.0,P48
226,2459136.9986111,r,5.721814978460211,10.487380322825148,19.600907444421033,99.0,P48
227,2459141.8957639,r,6.263055775380791,14.81817901344098,19.225587896550522,99.0,P48
228,2459143.9548957995,r,-0.060718187714089336,9.641894447175401,19.69216905712016,99.0,P48
229,2459145.8576389,r,3.2676047528885097,11.232353860496401,19.526398046969447,99.0,P48
230,2459149.8812731,r,3.6985267616417175,22.63874651268821,18.765444047455652,99.0,P48
231,2459150.9657176,r,6.538408285361003,13.275810940146558,19.34492234159839,99.0,P48
232,2459152.9435648,r,-5.123582195972854,25.806942814655233,18.62323359048582,99.0,P48
233,2458204.6429398004,g,11.789937014853603,17.557150422199957,19.041439914155355,99.0,P48
234,2458204.6429398004,g,11.789937014853603,17.557150422199957,19.041439914155355,99.0,P48
235,2458344.9846181,g,7.817539456724362,11.491824411569072,19.501602535154735,99.0,P48
236,2458350.9672395997,g,6.203721817553858,5.788988744184892,20.246068226291115,99.0,P48
237,2458350.9672395997,g,6.203721817553858,5.788988744184892,20.246068226291115,99.0,P48
238,2458360.9773727003,g,-8.646774955006315,19.346705223275258,18.93605745274761,99.0,P48
239,2458361.96997685,g,3.7152372952247537,11.426610160883133,19.507781461897135,99.0,P48
240,2458361.96997685,g,3.7152372952247537,11.426610160883133,19.507781461897135,99.0,P48
241,2458363.0119907,g,0.0,,,99.0,P48
242,2458364.0164352003,g,6.262892932654808,21.507161645247816,18.821117241101923,99.0,P48
243,2458366.9715683004,g,6.566480333257996,5.069127931333058,20.39024185965594,99.0,P48
244,2458366.9715683004,g,6.566480333257996,5.069127931333058,20.39024185965594,99.0,P48
245,2458367.9625578998,g,5.324304913446476,8.113720699350521,19.879524854666528,99.0,P48
246,2458368.9959028,g,4.580166968965091,5.362014675783021,20.3292549933891,99.0,P48
247,2458369.9911632,g,5.366683049922987,4.4186574076836385,20.53934916251169,99.0,P48
248,2458369.9911632,g,5.366683049922987,4.4186574076836385,20.53934916251169,99.0,P48
249,2458370.9613542003,g,5.281229780465927,6.894745479909578,20.056279392180866,99.0,P48
250,2458372.0046181,g,12.219248258445308,6.516738422728471,20.117499266479737,99.0,P48
251,2458372.9784896,g,0.9014776866815831,4.359377314118034,20.55401383958676,99.0,P48
252,2458372.9784896,g,0.9014776866815831,4.359377314118034,20.55401383958676,99.0,P48
253,2458374.0193287004,g,2.5779474421005872,8.67117022300793,19.80738070939684,99.0,P48
254,2458374.9615625,g,3.251473959218016,8.796708179092914,19.791774526713898,99.0,P48
255,2458375.97087385,g,7.990570053689588,4.802528126244131,20.44890019663908,99.0,P48
256,2458375.97087385,g,7.990570053689588,4.802528126244131,20.44890019663908,99.0,P48
257,2458376.9833218,g,15.156452343552923,6.21731191704151,20.168568348947773,99.0,P48
258,2458378.0184259,g,-1.68726424852068,8.728896955280858,19.800176572479465,99.0,P48
259,2458378.9915972,g,8.466136635719655,4.957499308973733,20.41441833330746,99.0,P48
260,2458378.9915972,g,8.466136635719655,4.957499308973733,20.41441833330746,99.0,P48
261,2458379.9987037,g,3.412817783818013,6.9811643557876994,20.042755332630065,99.0,P48
262,2458380.9862963,g,8.475948991736928,5.674409180546251,20.267773365460116,99.0,P48
263,2458382.9622917003,g,169.07569862692725,7.220021695101625,18.32986264572808,0.04635399181360903,P48
264,2458383.9824884,g,262.9158960163441,7.674987725305098,17.85052351092007,0.03168769671994567,P48
265,2458384.9371913667,g,291.97984772846445,7.032863080710222,17.736683427927865,0.02614623212356278,P48
266,2458384.9371913667,g,291.97984772846445,7.032863080710222,17.736683427927865,0.02614623212356278,P48
267,2458384.9371913667,g,291.97984772846445,7.032863080710222,17.736683427927865,0.02614623212356278,P48
268,2458385.9995486,g,294.81498972764837,15.781081166291921,17.726191719171357,0.05810547021993352,P48
269,2458387.0018171,g,254.5568631810509,19.102816920693055,17.885603595607066,0.0814596295235771,P48
270,2458388.0179977003,g,204.29021034933768,17.262031655275496,18.12444673327245,0.09172214042836194,P48
271,2458388.95980905,g,194.60208381236188,10.293830829407781,18.177196906251954,0.057419494932522054,P48
272,2458388.95980905,g,194.60208381236188,10.293830829407781,18.177196906251954,0.057419494932522054,P48
273,2458389.9425116,g,158.54838511342285,16.96588134831955,18.399661065029477,0.11615674414107742,P48
274,2458397.9795832997,g,144.16317327248134,6.91236046745445,18.502929789062538,0.052047739496131694,P48
275,2458422.9417244997,g,48.384811556734476,11.757877203856033,19.688292987401773,0.26378475587984945,P48
276,2458425.9150926,g,40.570757510142734,11.98923956543045,19.879532830689417,0.3207807876158378,P48
277,2458427.8727198998,g,39.09003250176592,7.54431832128583,19.919900543455917,0.20949989073009362,P48
278,2458428.8532639,g,34.69480443499742,6.001201672038469,20.04940451269348,0.18776022868791944,P48
279,2458430.8562153,g,34.61951637708536,3.1576309985376683,20.051763130694784,0.09900798184406097,P48
280,2458431.9356481005,g,29.1360412853377,11.063623267314263,19.54283154169608,99.0,P48
281,2458434.9158912003,g,30.07492656274083,9.815159356548312,20.204554183410906,0.3542603989175701,P48
282,2458437.9324884,g,21.155968151320412,8.568406897818527,19.820324783769074,99.0,P48
283,2458438.9105903,g,32.16381722407958,6.970200690851713,20.131646658520328,0.23523802530052623,P48
284,2458439.9347917004,g,32.92893845608947,4.74910927691736,20.10612129626876,0.1565540330724042,P48
285,2458440.8989699,g,41.67174296176942,19.487180555780043,18.92820246648671,99.0,P48
286,2458443.80697915,g,26.31580578574468,7.033563984188063,20.349523940821868,0.29012730094595846,P48
287,2458443.80697915,g,26.31580578574468,7.033563984188063,20.349523940821868,0.29012730094595846,P48
288,2458462.8535069,g,22.30015872159221,8.293591725686587,19.855718358553318,99.0,P48
289,2458466.8104167003,g,21.59192944687625,11.79070643344831,19.4737254232082,99.0,P48
290,2458469.6761111,g,2.637791976839737,16.025261873298145,19.140562151218063,99.0,P48
291,2458472.7470718,g,16.53335979699533,17.86062523353649,19.02283334455887,99.0,P48
292,2458476.7828009,g,20.324896324803536,15.594312545895937,19.170159403579113,99.0,P48
293,2458480.7905093,g,7.585519958605088,11.4611683419811,19.50450276039298,99.0,P48
294,2458487.7255556,g,12.940236808128047,7.015664809562303,20.037402910711876,99.0,P48
295,2458492.7396238,g,193.2586478455247,76.58177483702741,17.442261421131455,99.0,P48
296,2458492.7396238,g,193.2586478455247,76.58177483702741,17.442261421131455,99.0,P48
297,2458493.7254282003,g,14.654245253671522,5.903061790830194,20.224881666006112,99.0,P48
298,2458495.74461805,g,6.290798360950646,4.258263333241956,20.579493701830664,99.0,P48
299,2458495.74461805,g,6.290798360950646,4.258263333241956,20.579493701830664,99.0,P48
300,2458505.72351855,g,10.483999896475888,11.853678452947854,19.46794213356528,99.0,P48
301,2458505.72351855,g,10.483999896475888,11.853678452947854,19.46794213356528,99.0,P48
302,2458509.7270023,g,14.365006612079588,10.798341982373932,19.569182295624067,99.0,P48
303,2458514.7071644,g,-10.459787481303168,29.988117988210387,18.460201961888707,99.0,P48
304,2458523.7462384496,g,8.947309527325922,4.641820204702445,20.485854202725903,99.0,P48
305,2458523.7462384496,g,8.947309527325922,4.641820204702445,20.485854202725903,99.0,P48
306,2458524.7450231,g,3.6976028044968157,6.989159381770771,20.04151262841239,99.0,P48
307,2458534.6666435,g,7.103666690633384,16.119021235108864,19.134228320595287,99.0,P48
308,2458534.6666435,g,7.103666690633384,16.119021235108864,19.134228320595287,99.0,P48
309,2458538.67867475,g,13.931645289242807,23.00839421052426,18.74785921496158,99.0,P48
310,2458538.67867475,g,13.931645289242807,23.00839421052426,18.74785921496158,99.0,P48
311,2458542.6352140997,g,12.056479222111548,4.764261310725287,20.457586054921855,99.0,P48
312,2458542.6352140997,g,12.056479222111548,4.764261310725287,20.457586054921855,99.0,P48
313,2458547.7275926,g,7.723812614142278,8.650998678788238,19.809909374933923,99.0,P48
314,2458558.629375,g,13.946031769421756,15.526309668147233,19.174904379653547,99.0,P48
315,2458558.629375,g,13.946031769421756,15.526309668147233,19.174904379653547,99.0,P48
316,2458559.6349883997,g,17.464588165704605,22.0502638772517,18.794040511481533,99.0,P48
317,2458561.69488425,g,4.229647439733476,21.959624218411864,18.79851272909397,99.0,P48
318,2458561.69488425,g,4.229647439733476,21.959624218411864,18.79851272909397,99.0,P48
319,2458562.6825579,g,-16.248417863120775,34.27496848007751,18.315132328969586,99.0,P48
320,2458573.6503414,g,6.84124135659958,8.2692898723703,19.8589044491821,99.0,P48
321,2458573.6503414,g,6.84124135659958,8.2692898723703,19.8589044491821,99.0,P48
322,2458574.6540508997,g,73.21111159713777,222.09908103478168,16.286208085161,99.0,P48
323,2458582.6333854003,g,-18.468898892268857,31.06716319506762,18.42182099224518,99.0,P48
324,2458582.6333854003,g,-18.468898892268857,31.06716319506762,18.42182099224518,99.0,P48
325,2458585.6789931,g,9.427433206909289,25.843534985704885,18.62169519420148,99.0,P48
326,2458585.6789931,g,9.427433206909289,25.843534985704885,18.62169519420148,99.0,P48
327,2458713.9875926003,g,-15.892958758294178,20.42615383893916,18.877108493011647,99.0,P48
328,2458717.0049074,g,0.6064317594728591,18.46108938352657,18.98693167656647,99.0,P48
329,2458722.9641551003,g,7.363164734709196,8.478160139398383,19.831820950499647,99.0,P48
330,2458725.9762731004,g,9.992447101183176,8.389150854822834,19.843279979140632,99.0,P48
331,2458730.9485185,g,13.048573376846301,11.3406268380876,19.515982338482303,99.0,P48
332,2458732.9565278,g,4.524487355652377,9.625850791581565,19.693977175459366,99.0,P48
333,2458735.9787383997,g,-1.8331037768012939,8.451464408693738,19.835245071959584,99.0,P48
334,2458738.9839467998,g,-2.153683783968249,11.681238547538095,19.483852756824263,99.0,P48
335,2458742.003125,g,1.423930769991289,18.36566640960104,18.992558260130032,99.0,P48
336,2458745.0192361,g,16.50801465007155,16.71635695210861,19.094720898505642,99.0,P48
337,2458746.9744387,g,5.980163066289836,6.344667646841544,20.146552795787304,99.0,P48
338,2458746.9744387,g,5.980163066289836,6.344667646841544,20.146552795787304,99.0,P48
339,2458749.0174768995,g,-5.18872624700235,14.114171723033568,19.278436496496816,99.0,P48
340,2458749.9783681,g,0.11943114470025404,4.994129782131415,20.406425428797665,99.0,P48
341,2458751.9602778,g,6.461901350928476,22.619902932977524,18.766348146811325,99.0,P48
342,2458756.9419213,g,12.193067896383871,8.753288318123744,19.797146905136216,99.0,P48
343,2458758.9616262,g,2.0638904354301846,2.593200800668579,21.117984621604215,99.0,P48
344,2458758.9616262,g,2.0638904354301846,2.593200800668579,21.117984621604215,99.0,P48
345,2458759.9411111,g,2.299191789294958,7.377922482856369,19.98273976930782,99.0,P48
346,2458760.9627373,g,2.8644442188517707,3.811610668073161,20.699803654668305,99.0,P48
347,2458760.9627373,g,2.8644442188517707,3.811610668073161,20.699803654668305,99.0,P48
348,2458763.9549189997,g,6.038598387148521,7.512990510503087,19.96304288842977,99.0,P48
349,2458766.9423032003,g,6.314953328442266,10.091507527315672,19.64268486794581,99.0,P48
350,2458767.8917882,g,14.106111695966908,9.561869795872287,19.701217925146423,99.0,P48
351,2458767.8917882,g,14.106111695966908,9.561869795872287,19.701217925146423,99.0,P48
352,2458768.9037674004,g,2.5512582889537216,7.024297578647746,20.036067734610203,99.0,P48
353,2458768.9037674004,g,2.5512582889537216,7.024297578647746,20.036067734610203,99.0,P48
354,2458770.002338,g,17.15615024370626,19.353065891700215,18.935700550995552,99.0,P48
355,2458772.8378125,g,6.278025714194365,66.5971104877787,17.593936523082416,99.0,P48
356,2458777.0250231004,g,5.464647034482793,13.48504643854809,19.32794387322393,99.0,P48
357,2458779.9441280668,g,3.94583821161969,3.3628966787357566,20.83579117839956,99.0,P48
358,2458779.9441280668,g,3.94583821161969,3.3628966787357566,20.83579117839956,99.0,P48
359,2458779.9441280668,g,3.94583821161969,3.3628966787357566,20.83579117839956,99.0,P48
360,2458791.8154514,g,5.620162897245497,8.854570778553382,19.784656204656898,99.0,P48
361,2458794.7729398,g,-4.319192829996559,16.51401494757824,19.10794330576107,99.0,P48
362,2458800.0067824,g,3.5118630858299826,29.119576215399704,18.492112363437663,99.0,P48
363,2458804.0295718,g,6.6732042180031454,26.128882789885154,18.609772887398165,99.0,P48
364,2458806.8762847,g,-4.459235350843729,9.72296691783769,19.68307796896545,99.0,P48
365,2458811.7897801003,g,17.161415078184838,25.97827630171303,18.616049160182044,99.0,P48
366,2458820.7309143995,g,5.475819483128193,21.487734847402713,18.822098398444727,99.0,P48
367,2458830.7266319,g,-24.486033009530388,26.348718144679015,18.600676259665576,99.0,P48
368,2458831.8704861,g,-7.883809920316251,8.802746785449607,19.79102946570852,99.0,P48
369,2458833.7061342997,g,20.296735383156598,16.016121949130095,19.141181571833734,99.0,P48
370,2458846.7322106003,g,8.973058874001666,7.77538512968035,19.925770214992326,99.0,P48
371,2458850.6803935003,g,2.7355908656422314,9.753609072953248,19.679661626722734,99.0,P48
372,2458853.6103588,g,4.6982924443249905,29.33953138455249,18.483942056796728,99.0,P48
373,2458860.6242593,g,-16.26384002459767,19.851931230861243,18.9080680839425,99.0,P48
374,2458863.6695602,g,60.682600703547834,106.12378491392715,17.088043162318446,99.0,P48
375,2458867.7276389,g,7.347276689327499,6.957942712578603,20.046372867378444,99.0,P48
376,2458871.7064005,g,7.914954993434297,8.006567383165635,19.893959081617446,99.0,P48
377,2458872.7102198997,g,3.434694041460361,6.096999213673659,20.189784641631896,99.0,P48
378,2458873.6288542002,g,4.260325962488,7.4187201618705,19.97675251524094,99.0,P48
379,2458874.7084491,g,12.045474593546537,14.829503008174239,19.224758498039478,99.0,P48
380,2458875.6699306,g,4.007207296787919,6.906327741371472,20.054457029042464,99.0,P48
381,2458876.6694405996,g,3.268346674482581,2.820366723009997,21.026811034474335,99.0,P48
382,2458876.6694405996,g,3.268346674482581,2.820366723009997,21.026811034474335,99.0,P48
383,2458876.6694405996,g,3.268346674482581,2.820366723009997,21.026811034474335,99.0,P48
384,2458877.7080093,g,3.3527057422789523,8.166232492958486,19.872520638800268,99.0,P48
385,2458879.653491534,g,7.872941199281844,7.408516571227085,19.978246847560342,99.0,P48
386,2458879.653491534,g,7.872941199281844,7.408516571227085,19.978246847560342,99.0,P48
387,2458879.653491534,g,7.872941199281844,7.408516571227085,19.978246847560342,99.0,P48
388,2458880.6434954,g,10.576766217431901,9.027990220983801,19.763597289202096,99.0,P48
389,2458886.6684028,g,15.363877601864678,22.187755809975908,18.78729154527803,99.0,P48
390,2458887.7292823996,g,-14.138730607028236,20.06752712779467,18.89634034231106,99.0,P48
391,2458890.711331,g,-14.049212722441764,20.276435087647666,18.885095985023455,99.0,P48
392,2458893.683287,g,7.122559021242005,6.035743240936592,20.200748097375296,99.0,P48
393,2458896.6954397997,g,2.715801470346006,6.946808653922379,20.048111647577244,99.0,P48
394,2458899.6708912,g,5.9044107131750145,7.368924833727681,19.984064672783013,99.0,P48
395,2458903.623359375,g,0.7047896138632843,2.9706799208700874,20.970435337173882,99.0,P48
396,2458903.623359375,g,0.7047896138632843,2.9706799208700874,20.970435337173882,99.0,P48
397,2458903.623359375,g,0.7047896138632843,2.9706799208700874,20.970435337173882,99.0,P48
398,2458903.623359375,g,0.7047896138632843,2.9706799208700874,20.970435337173882,99.0,P48
399,2458906.6510648,g,1.7304869302299242,10.159685435657911,19.63537433535144,99.0,P48
400,2458913.7540046,g,-14.251733460029623,28.288284794610593,18.523558450034834,99.0,P48
401,2458917.6714236,g,-26.12674817745486,47.69879686524801,17.956306427375893,99.0,P48
402,2458941.6458680998,g,3.4497720329997654,15.527966596522534,19.174788518822524,99.0,P48
403,2459092.975686733,g,-4.908325357447877,5.379527002660579,20.325714759643155,99.0,P48
404,2459092.975686733,g,-4.908325357447877,5.379527002660579,20.325714759643155,99.0,P48
405,2459092.975686733,g,-4.908325357447877,5.379527002660579,20.325714759643155,99.0,P48
406,2459095.0078704,g,13.390635192424526,22.155935739288985,18.788849747020173,99.0,P48
407,2459096.9965972,g,-0.2806119722318312,19.08541216377065,18.950821130907418,99.0,P48
408,2459099.9237731,g,18.435872870851092,42.35261453749654,18.08537442509298,99.0,P48
409,2459105.0145602003,g,15.801122813165993,28.7919755185633,18.504396328234584,99.0,P48
410,2459107.0017477,g,11.170888634511101,11.69565693765612,19.482513436968,99.0,P48
411,2459107.9155093,g,7.290072961697757,13.277798344227193,19.34475981781153,99.0,P48
412,2459109.0095486,g,20.21713122566162,10.128117749307151,19.638753134654607,99.0,P48
413,2459111.0203588,g,-6.701693732343792,10.484772005988596,19.601177511507434,99.0,P48
414,2459111.8813194,g,2.1665919513622285,12.005280729482829,19.45414418920611,99.0,P48
415,2459113.0189468,g,-1.4893791396077813,8.477715818718087,19.831877852903325,99.0,P48
416,2459113.8986573997,g,-0.4128891161092093,9.934260313755958,19.65973614940127,99.0,P48
417,2459120.0021875,g,-3.4360091622996616,6.516010788487324,20.117620502425805,99.0,P48
418,2459121.925327934,g,2.380639458714293,5.478816130771831,20.305858174800278,99.0,P48
419,2459121.925327934,g,2.380639458714293,5.478816130771831,20.305858174800278,99.0,P48
420,2459121.925327934,g,2.380639458714293,5.478816130771831,20.305858174800278,99.0,P48
421,2459122.9116782,g,13.598433752443725,19.114351695737398,18.94917605772153,99.0,P48
422,2459123.9225578997,g,-7.463715755269053,24.491511684394982,18.680036009613815,99.0,P48
423,2459125.9399769,g,1.5170588644982035,18.198070679585516,19.002511620519257,99.0,P48
424,2459129.9574595,g,6.252281153093436,6.156010273080092,20.17932664939558,99.0,P48
425,2459129.9574595,g,6.252281153093436,6.156010273080092,20.17932664939558,99.0,P48
426,2459134.9131829,g,3.892542658070927,8.792258975718878,19.792323809823706,99.0,P48
427,2459136.9461072665,g,0.17101673144108262,2.4110599607205168,21.197054961675207,99.0,P48
428,2459136.9461072665,g,0.17101673144108262,2.4110599607205168,21.197054961675207,99.0,P48
429,2459136.9461072665,g,0.17101673144108262,2.4110599607205168,21.197054961675207,99.0,P48
430,2459137.9156770995,g,3.9599332752648575,2.844457146172488,21.017576501187357,99.0,P48
431,2459137.9156770995,g,3.9599332752648575,2.844457146172488,21.017576501187357,99.0,P48
432,2459139.9215394,g,10.45344957230113,9.338745146809051,19.726853679855907,99.0,P48
433,2459140.9161921004,g,0.9407760485192551,2.9100257064993724,20.992832925508317,99.0,P48
434,2459140.9161921004,g,0.9407760485192551,2.9100257064993724,20.992832925508317,99.0,P48
435,2459141.9240046,g,-5.116636970474282,5.900986322867365,20.225263469047,99.0,P48
436,2459142.9221354,g,2.7770854088382886,2.195788907338823,21.298598522192552,99.0,P48
437,2459142.9221354,g,2.7770854088382886,2.195788907338823,21.298598522192552,99.0,P48
438,2459143.901794,g,7.591263739377296,5.410128646754224,20.319556008504804,99.0,P48
439,2459144.8701330996,g,0.869924848526206,2.380464525544871,21.210920704506457,99.0,P48
440,2459144.8701330996,g,0.869924848526206,2.380464525544871,21.210920704506457,99.0,P48
441,2459145.9248842997,g,3.365577749964239,4.870956432964041,20.433539376279555,99.0,P48
442,2459146.97550925,g,344.97473514899497,105.29248138872963,17.555597397549473,0.3313140844882506,P48
443,2459146.97550925,g,344.97473514899497,105.29248138872963,17.555597397549473,0.3313140844882506,P48
444,2459149.7958912,g,21.3276486769138,13.242645882781325,19.347638074457844,99.0,P48
445,2459149.7958912,g,21.3276486769138,13.242645882781325,19.347638074457844,99.0,P48
446,2459150.9587153,g,2.1888065910032193,9.015631307355687,19.765084631646616,99.0,P48
447,2459151.791522,g,-5.518586567518191,10.573232588011715,19.59205552455619,99.0,P48
448,2459151.791522,g,-5.518586567518191,10.573232588011715,19.59205552455619,99.0,P48
449,2459152.8432484665,g,16.312125717494492,8.39753903219851,19.842194911305576,99.0,P48
450,2459152.8432484665,g,16.312125717494492,8.39753903219851,19.842194911305576,99.0,P48
451,2459152.8432484665,g,16.312125717494492,8.39753903219851,19.842194911305576,99.0,P48
