,JD,Filter,Flux,eFlux,Mag,eMag,Telescope
0,2458276.9629514,r,-1.564113020476157,11.025712233085597,19.54655835573587,99.0,P48
1,2458280.9781134,r,12.877259916731209,9.180145869887358,19.745451033982597,99.0,P48
2,2458283.9645022997,r,0.15250691885046821,6.468099886528058,20.125633193977187,99.0,P48
3,2458286.9667245,r,1.4616741658575192,5.70075207681513,20.262744603809942,99.0,P48
4,2458289.9657407003,r,0.21447789672477466,5.638247855912641,20.27471458059008,99.0,P48
5,2458298.9569444,r,-7.0071964603430485,12.14490095556175,19.441590045697446,99.0,P48
6,2458301.956331,r,-9.7049741787217,7.431845583763205,19.97483329550124,99.0,P48
7,2458310.9338542004,r,-1.8339921327404676,5.984030853830204,20.210090428918313,99.0,P48
8,2458313.9210069,r,-2.0521877972438984,4.92874132514579,20.420734924910157,99.0,P48
9,2458316.9619213,r,1.9317485911127734,4.71956092087457,20.46782099814217,99.0,P48
10,2458319.9609606,r,-0.7956291190474882,3.9413269728208298,20.66346882549164,99.0,P48
11,2458322.9837731,r,-3.1155924037640674,4.592992120498521,20.49733573824684,99.0,P48
12,2458325.9806133998,r,5.689300867494377,6.869234638205661,20.060304111183797,99.0,P48
13,2458328.9361806,r,2.203445908284605,21.37492496805139,18.827813491889657,99.0,P48
14,2458334.9398958,r,-3.6969590392357983,6.609879123576898,20.102091195379117,99.0,P48
15,2458335.9278154,r,3.7167408864457654,2.5878624707249003,21.120222007963065,99.0,P48
16,2458335.9278154,r,3.7167408864457654,2.5878624707249003,21.120222007963065,99.0,P48
17,2458335.9278154,r,3.7167408864457654,2.5878624707249003,21.120222007963065,99.0,P48
18,2458335.9278154,r,3.7167408864457654,2.5878624707249003,21.120222007963065,99.0,P48
19,2458336.9288194505,r,0.4672468663317194,2.4307776120215494,21.188211919786916,99.0,P48
20,2458336.9288194505,r,0.4672468663317194,2.4307776120215494,21.188211919786916,99.0,P48
21,2458336.9288194505,r,0.4672468663317194,2.4307776120215494,21.188211919786916,99.0,P48
22,2458336.9288194505,r,0.4672468663317194,2.4307776120215494,21.188211919786916,99.0,P48
23,2458337.9721373664,r,0.38649745398439833,2.5121532289902806,21.152459674909277,99.0,P48
24,2458337.9721373664,r,0.38649745398439833,2.5121532289902806,21.152459674909277,99.0,P48
25,2458337.9721373664,r,0.38649745398439833,2.5121532289902806,21.152459674909277,99.0,P48
26,2458338.979456,r,8.749990153721852,3.9712138306617186,20.655266808281773,99.0,P48
27,2458343.9630092997,r,-9.658840167292057,3.8286501411992746,20.694960782410966,99.0,P48
28,2458345.8925231,r,5.098515799403526,4.473339023144477,20.525995455386358,99.0,P48
29,2458346.92333335,r,0.40273586952337237,2.828095234666152,21.02383991411866,99.0,P48
30,2458346.92333335,r,0.40273586952337237,2.828095234666152,21.02383991411866,99.0,P48
31,2458347.93252315,r,3.2478959785145447,2.760374101965933,21.050155128734673,99.0,P48
32,2458347.93252315,r,3.2478959785145447,2.760374101965933,21.050155128734673,99.0,P48
33,2458348.9026389,r,0.3928998847814105,4.130687314378705,20.61251918689132,99.0,P48
34,2458349.8433854003,r,-5.028703150849309,3.111399160692689,20.920185663601288,99.0,P48
35,2458349.8433854003,r,-5.028703150849309,3.111399160692689,20.920185663601288,99.0,P48
36,2458350.9154051,r,-2.1081544579736904,4.095096754207897,20.62191457109701,99.0,P48
37,2458351.8896065,r,-6.692428060365005,3.635739691869845,20.751093035480025,99.0,P48
38,2458352.9635763997,r,-5.748916577380751,2.441144433283727,21.183591299811532,99.0,P48
39,2458352.9635763997,r,-5.748916577380751,2.441144433283727,21.183591299811532,99.0,P48
40,2458353.9152854998,r,-2.2290545747494255,2.4543119506701485,21.17775058396851,99.0,P48
41,2458353.9152854998,r,-2.2290545747494255,2.4543119506701485,21.17775058396851,99.0,P48
42,2458353.9152854998,r,-2.2290545747494255,2.4543119506701485,21.17775058396851,99.0,P48
43,2458354.8798572333,r,-2.331497886455244,3.6132257863035613,20.757837236719347,99.0,P48
44,2458354.8798572333,r,-2.331497886455244,3.6132257863035613,20.757837236719347,99.0,P48
45,2458354.8798572333,r,-2.331497886455244,3.6132257863035613,20.757837236719347,99.0,P48
46,2458355.9339274666,r,2.2457605320825085,4.4391843755051275,20.534317031078636,99.0,P48
47,2458355.9339274666,r,2.2457605320825085,4.4391843755051275,20.534317031078636,99.0,P48
48,2458355.9339274666,r,2.2457605320825085,4.4391843755051275,20.534317031078636,99.0,P48
49,2458356.9151736,r,-2.7734870538082053,5.480103003010347,20.305603185458793,99.0,P48
50,2458356.9151736,r,-2.7734870538082053,5.480103003010347,20.305603185458793,99.0,P48
51,2458356.9151736,r,-2.7734870538082053,5.480103003010347,20.305603185458793,99.0,P48
52,2458357.9082639,r,6.411835800917913,5.733484899827114,20.256528306529553,99.0,P48
53,2458357.9082639,r,6.411835800917913,5.733484899827114,20.256528306529553,99.0,P48
54,2458357.9082639,r,6.411835800917913,5.733484899827114,20.256528306529553,99.0,P48
55,2458361.8156713,r,2.0881220840112866,5.657403744582202,20.271032055218942,99.0,P48
56,2458361.8156713,r,2.0881220840112866,5.657403744582202,20.271032055218942,99.0,P48
57,2458362.8934838,r,4.961758909683319,4.163799226315378,20.603850538772118,99.0,P48
58,2458362.8934838,r,4.961758909683319,4.163799226315378,20.603850538772118,99.0,P48
59,2458363.9360185,r,-5.328959342397784,3.9643947128218997,20.657132768505228,99.0,P48
60,2458363.9360185,r,-5.328959342397784,3.9643947128218997,20.657132768505228,99.0,P48
61,2458364.8621952333,r,4.349468328675969,2.749406057123596,21.054477776378206,99.0,P48
62,2458364.8621952333,r,4.349468328675969,2.749406057123596,21.054477776378206,99.0,P48
63,2458364.8621952333,r,4.349468328675969,2.749406057123596,21.054477776378206,99.0,P48
64,2458365.8578067003,r,4.052886595521327,3.1505839562132354,20.906597346387063,99.0,P48
65,2458365.8578067003,r,4.052886595521327,3.1505839562132354,20.906597346387063,99.0,P48
66,2458366.8781538997,r,-2.1759783618940323,2.882712193019967,21.003071776549355,99.0,P48
67,2458366.8781538997,r,-2.1759783618940323,2.882712193019967,21.003071776549355,99.0,P48
68,2458367.8696354004,r,3.8858865655441766,2.8563397116430425,21.01305034439128,99.0,P48
69,2458367.8696354004,r,3.8858865655441766,2.8563397116430425,21.01305034439128,99.0,P48
70,2458368.850081,r,2.4702423040714714,3.0054568987679557,20.957798728820475,99.0,P48
71,2458368.850081,r,2.4702423040714714,3.0054568987679557,20.957798728820475,99.0,P48
72,2458369.90122105,r,-2.8008266263998944,2.8618528564195844,21.010956737829606,99.0,P48
73,2458369.90122105,r,-2.8008266263998944,2.8618528564195844,21.010956737829606,99.0,P48
74,2458370.90302085,r,-2.4259535092339326,3.014600915662469,20.954500422345554,99.0,P48
75,2458370.90302085,r,-2.4259535092339326,3.014600915662469,20.954500422345554,99.0,P48
76,2458371.9030671003,r,-6.057404864630382,4.113673676006213,20.617000395174216,99.0,P48
77,2458372.864375,r,6.225770152794559,3.0574460911443726,20.93917796840912,99.0,P48
78,2458372.864375,r,6.225770152794559,3.0574460911443726,20.93917796840912,99.0,P48
79,2458373.8276447,r,21.282300753539293,3.7930888888283953,20.580019181815615,0.19346583043369928,P48
80,2458373.8276447,r,21.282300753539293,3.7930888888283953,20.580019181815615,0.19346583043369928,P48
81,2458374.8578414,r,42.78482095266399,3.3486962266140465,19.82184132508428,0.08496026565148485,P48
82,2458374.8578414,r,42.78482095266399,3.3486962266140465,19.82184132508428,0.08496026565148485,P48
83,2458375.8569907,r,77.09278191740985,4.654129883344495,19.182531328263345,0.06553217905384139,P48
84,2458376.8590046503,r,110.05432816022348,3.3046600429795854,18.79604780494206,0.03259488778516619,P48
85,2458376.8590046503,r,110.05432816022348,3.3046600429795854,18.79604780494206,0.03259488778516619,P48
86,2458377.8635243,r,131.6977213286007,3.685537057648423,18.601119970431608,0.030377522372579915,P48
87,2458377.8635243,r,131.6977213286007,3.685537057648423,18.601119970431608,0.030377522372579915,P48
88,2458378.8860764,r,132.30492202461193,5.001946559345164,18.596125619365132,0.04103863187462622,P48
89,2458379.89064235,r,126.95017993430679,3.3707679214138757,18.64098232037601,0.028822082651542336,P48
90,2458379.89064235,r,126.95017993430679,3.3707679214138757,18.64098232037601,0.028822082651542336,P48
91,2458380.8166204,r,88.11296672521503,3.7538469891286876,19.037466062295486,0.04624519021594941,P48
92,2458380.8166204,r,88.11296672521503,3.7538469891286876,19.037466062295486,0.04624519021594941,P48
93,2458382.8524537496,r,114.06382772240434,4.702809680919911,18.757195768712695,0.04475476591108526,P48
94,2458382.8524537496,r,114.06382772240434,4.702809680919911,18.757195768712695,0.04475476591108526,P48
95,2458383.84258105,r,104.3212276595618,5.667033688984466,18.854133899217235,0.058967529499053026,P48
96,2458383.84258105,r,104.3212276595618,5.667033688984466,18.854133899217235,0.058967529499053026,P48
97,2458384.6916203997,r,106.11449565984894,15.337853625557957,18.83562883653743,0.1568988290149582,P48
98,2458385.79565395,r,73.1732323889067,9.929242348581312,19.23918502181578,0.14729693109770317,P48
99,2458385.79565395,r,73.1732323889067,9.929242348581312,19.23918502181578,0.14729693109770317,P48
100,2458388.775787,r,81.18750883982705,14.621710602525164,19.126342583022755,0.19549641423724803,P48
101,2458389.8298032,r,101.61933052140854,7.423085822972139,18.88262479876466,0.07929357160189808,P48
102,2458397.7921065,r,49.0553036451737,4.75281725140948,19.673350701589932,0.1051707510307619,P48
103,2458424.7626042003,r,26.234134216501026,11.02489894868146,19.546638445336605,99.0,P48
104,2458425.7367187496,r,26.460675868673942,12.576969846370195,19.40363493994736,99.0,P48
105,2458425.7367187496,r,26.460675868673942,12.576969846370195,19.40363493994736,99.0,P48
106,2458427.7359491,r,50.63826494438001,24.63728693346998,18.673592785491522,99.0,P48
107,2458428.7526331004,r,15.591553629514426,3.212414005654252,20.917842140097996,0.22365156712392936,P48
108,2458428.7526331004,r,15.591553629514426,3.212414005654252,20.917842140097996,0.22365156712392936,P48
109,2458431.6927662003,r,13.163440887672845,8.659867210720947,19.80879690752689,99.0,P48
110,2458434.6944560003,r,15.982187504244765,6.2895507142762375,20.15602593090434,99.0,P48
111,2458436.8021064997,r,18.05665526868134,10.914959555753805,19.55751966212207,99.0,P48
112,2458437.7756713005,r,15.662837384020062,5.253410907310628,20.351471560539636,99.0,P48
113,2458437.7756713005,r,15.662837384020062,5.253410907310628,20.351471560539636,99.0,P48
114,2458438.7741782498,r,59.05407891266383,33.00754808057715,18.356041827730195,99.0,P48
115,2458438.7741782498,r,59.05407891266383,33.00754808057715,18.356041827730195,99.0,P48
116,2458443.7375463,r,10.235879724484777,10.445607417406789,19.60524074041848,99.0,P48
117,2458443.7375463,r,10.235879724484777,10.445607417406789,19.60524074041848,99.0,P48
118,2458447.83976275,r,3.2947822189462497,10.144646294036933,19.636982715646816,99.0,P48
119,2458447.83976275,r,3.2947822189462497,10.144646294036933,19.636982715646816,99.0,P48
120,2458450.8193981005,r,-348.3468628186846,308.81767653099286,15.928319611359539,99.0,P48
121,2458456.6915586665,r,7.936784959658263,4.020041653756186,20.64199860650926,99.0,P48
122,2458456.6915586665,r,7.936784959658263,4.020041653756186,20.64199860650926,99.0,P48
123,2458456.6915586665,r,7.936784959658263,4.020041653756186,20.64199860650926,99.0,P48
124,2458457.6762963003,r,7.809155915098921,5.826912461261398,20.238978755019485,99.0,P48
125,2458457.6762963003,r,7.809155915098921,5.826912461261398,20.238978755019485,99.0,P48
126,2458464.76921295,r,11.071399285294516,6.219682530538716,20.1681544449385,99.0,P48
127,2458464.76921295,r,11.071399285294516,6.219682530538716,20.1681544449385,99.0,P48
128,2458466.7178587997,r,23.922944915205374,110.17706034911363,17.04734703737288,99.0,P48
129,2458471.65597805,r,6.027434435004293,11.563029560512286,19.494895899399403,99.0,P48
130,2458471.65597805,r,6.027434435004293,11.563029560512286,19.494895899399403,99.0,P48
131,2458472.6083565,r,9.271687226241857,8.593623510222292,19.81713418124712,99.0,P48
132,2458474.6296065003,r,6.407723816776163,6.388978704218817,20.13899638780584,99.0,P48
133,2458474.6296065003,r,6.407723816776163,6.388978704218817,20.13899638780584,99.0,P48
134,2458475.6456134,r,8.905895132222238,7.699778421929706,19.93637942022805,99.0,P48
135,2458486.5989698996,r,-0.5510830951690532,5.442308368057265,20.31311712462471,99.0,P48
136,2458487.59967015,r,2.9620794468324165,3.6257182228944607,20.754089865793475,99.0,P48
137,2458487.59967015,r,2.9620794468324165,3.6257182228944607,20.754089865793475,99.0,P48
138,2458488.5990741,r,-8.949411196072786,16.02126815996142,19.140832765177137,99.0,P48
139,2458490.6372222,r,0.19105185031282226,5.555548625000873,20.29075760637481,99.0,P48
140,2458490.6372222,r,0.19105185031282226,5.555548625000873,20.29075760637481,99.0,P48
141,2458492.6372917006,r,56.89801181969147,80.0023349931963,17.39481833230942,99.0,P48
142,2458493.6032176004,r,-5.805576688499684,6.615558862101176,20.101158644315753,99.0,P48
143,2458494.5983217997,r,7.932784454542169,6.823726545929122,20.06752095269065,99.0,P48
144,2458511.6146412003,r,5.390065474040421,11.371530279518568,19.513027708876137,99.0,P48
145,2458652.9552199,r,-3.426094102972919,13.201230374964378,19.351038964146078,99.0,P48
146,2458655.9436457995,r,-10.257979293808786,13.613114134085032,19.317681274876094,99.0,P48
147,2458658.9120833,r,13.096647527881117,8.847336511780279,19.785543623809975,99.0,P48
148,2458666.9239352,r,-0.5688059069078641,5.198332958366905,20.36291475654258,99.0,P48
149,2458669.9363889,r,1.0575858065271495,5.097202320438893,20.38424530880485,99.0,P48
150,2458672.9643866,r,0.7168548776767806,4.04193162000335,20.636102584164746,99.0,P48
151,2458678.9744792003,r,-0.7232191716806913,4.12526242435518,20.613946036748565,99.0,P48
152,2458679.965,r,-3.0320000633632724,5.917203018385698,20.222283813875116,99.0,P48
153,2458680.923044,r,4.400856440811039,9.375066052651777,19.72263914850693,99.0,P48
154,2458681.94171875,r,-2.5990859046680286,6.1353873011807964,20.182970031381544,99.0,P48
155,2458681.94171875,r,-2.5990859046680286,6.1353873011807964,20.182970031381544,99.0,P48
156,2458682.9040393997,r,8.466709188601222,8.544673127873912,19.823336355010134,99.0,P48
157,2458683.9584722,r,-3.3324139135836552,8.421318533679162,19.83912475237343,99.0,P48
158,2458684.98818865,r,0.8411512898821749,5.724691411535934,20.258194786468206,99.0,P48
159,2458684.98818865,r,0.8411512898821749,5.724691411535934,20.258194786468206,99.0,P48
160,2458685.9243171,r,0.04612822526644499,7.332150614014677,19.989496545459993,99.0,P48
161,2458690.9214582997,r,-3.813681136693359,5.183487202342779,20.366019912582562,99.0,P48
162,2458693.9645255003,r,1.2015698068656997,3.821894061055655,20.69687837742827,99.0,P48
163,2458695.9918575995,r,4.849958042623438,2.749020563998265,21.054630017690997,99.0,P48
164,2458695.9918575995,r,4.849958042623438,2.749020563998265,21.054630017690997,99.0,P48
165,2458699.8931712997,r,1.9561713984812115,4.597464195307298,20.49627909998065,99.0,P48
166,2458703.923206,r,6.01930017032537,3.8981498841926205,20.675428654754477,99.0,P48
167,2458705.0017072,r,3.273917562053475,4.048563001009863,20.634322734502653,99.0,P48
168,2458705.0017072,r,3.273917562053475,4.048563001009863,20.634322734502653,99.0,P48
169,2458707.9655556,r,-0.8935056755123708,4.720234749796679,20.467665994690122,99.0,P48
170,2458710.922419,r,-14.076681633951447,9.384939161571907,19.72149633509346,99.0,P48
171,2458713.9091782,r,7.927442965435985,15.170626581916585,19.20006619285411,99.0,P48
172,2458716.8806712995,r,4.900991161842638,9.05624546333957,19.760204526013364,99.0,P48
173,2458717.9735879335,r,4.134869306205646,4.250932334808932,20.581364509059824,99.0,P48
174,2458717.9735879335,r,4.134869306205646,4.250932334808932,20.581364509059824,99.0,P48
175,2458717.9735879335,r,4.134869306205646,4.250932334808932,20.581364509059824,99.0,P48
176,2458719.9107986,r,-0.11431810541588636,3.3478373746509535,20.84066410555753,99.0,P48
177,2458719.9107986,r,-0.11431810541588636,3.3478373746509535,20.84066410555753,99.0,P48
178,2458719.9107986,r,-0.11431810541588636,3.3478373746509535,20.84066410555753,99.0,P48
179,2458721.9437731,r,10.759338434453444,10.821123213249534,19.566894133906697,99.0,P48
180,2458723.8899306,r,0.24637786405014256,4.0093569391579935,20.644888184897965,99.0,P48
181,2458725.9846643996,r,-4.694843886504396,5.124555061790648,20.378434579522242,99.0,P48
182,2458726.8749710997,r,2.2007400026572363,3.0128487883017656,20.95513165056242,99.0,P48
183,2458726.8749710997,r,2.2007400026572363,3.0128487883017656,20.95513165056242,99.0,P48
184,2458727.9844213,r,-1.4818411281718609,4.554998923498554,20.506354292483838,99.0,P48
185,2458730.9000116,r,-4.835272549701304,3.261592494843561,20.8690007414031,99.0,P48
186,2458730.9000116,r,-4.835272549701304,3.261592494843561,20.8690007414031,99.0,P48
187,2458732.9644907,r,2.263862153207329,9.757658985455388,19.679210898796732,99.0,P48
188,2458733.9005556,r,-2.0297664914578637,4.712989808092989,20.4693337376782,99.0,P48
189,2458735.8961573998,r,-7.863575089944918,4.476704137761408,20.52517900637505,99.0,P48
190,2458736.9255208503,r,-3.6885694164924407,3.2898739083922655,20.859626856700558,99.0,P48
191,2458736.9255208503,r,-3.6885694164924407,3.2898739083922655,20.859626856700558,99.0,P48
192,2458737.8298148,r,-0.7539210107492434,9.812470585549567,19.673129069439778,99.0,P48
193,2458738.6843171003,r,17.501395390628907,21.334604763483064,18.829863484908245,99.0,P48
194,2458739.6818866003,r,5.443884316492858,29.11185645151432,18.492400236389017,99.0,P48
195,2458740.6788426004,r,-11.035690601172236,30.793170075952805,18.431438987458563,99.0,P48
196,2458741.6746875,r,-34.10688919457117,33.96031371409292,18.325145755513574,99.0,P48
197,2458743.6692361,r,-100.91477005737515,93.9839175562804,17.219941129472435,99.0,P48
198,2458744.6665625,r,5.152154895500391,9.88366642210771,19.66527979076934,99.0,P48
199,2458745.795050133,r,5.005322589990279,4.483962091849155,20.52342015830574,99.0,P48
200,2458745.795050133,r,5.005322589990279,4.483962091849155,20.52342015830574,99.0,P48
201,2458745.795050133,r,5.005322589990279,4.483962091849155,20.52342015830574,99.0,P48
202,2458746.6806829,r,-12.038504129260778,10.297805675879001,19.620713258558183,99.0,P48
203,2458747.825895067,r,3.3928368176588903,4.4686577500727545,20.527132254750427,99.0,P48
204,2458747.825895067,r,3.3928368176588903,4.4686577500727545,20.527132254750427,99.0,P48
205,2458747.825895067,r,3.3928368176588903,4.4686577500727545,20.527132254750427,99.0,P48
206,2458748.7676311666,r,-3.987429119301203,4.783352235118866,20.453244082905194,99.0,P48
207,2458748.7676311666,r,-3.987429119301203,4.783352235118866,20.453244082905194,99.0,P48
208,2458748.7676311666,r,-3.987429119301203,4.783352235118866,20.453244082905194,99.0,P48
209,2458749.7961689667,r,3.0547426197802787,3.6689561094021066,20.74121869802198,99.0,P48
210,2458749.7961689667,r,3.0547426197802787,3.6689561094021066,20.74121869802198,99.0,P48
211,2458749.7961689667,r,3.0547426197802787,3.6689561094021066,20.74121869802198,99.0,P48
212,2458750.7692978336,r,4.192367907177642,4.175558003345392,20.600788686868036,99.0,P48
213,2458750.7692978336,r,4.192367907177642,4.175558003345392,20.600788686868036,99.0,P48
214,2458750.7692978336,r,4.192367907177642,4.175558003345392,20.600788686868036,99.0,P48
215,2458751.6483796,r,8.231530696481315,12.177905947980491,19.438643450154963,99.0,P48
216,2458754.6479861,r,-0.5316577128246189,6.619380658656414,20.10053159755123,99.0,P48
217,2458758.6569328997,r,-18.962097865012403,9.81164970972737,19.673219902005712,99.0,P48
218,2458759.7911748,r,1.8011483853548862,3.114397848373618,20.919139762480846,99.0,P48
219,2458759.7911748,r,1.8011483853548862,3.114397848373618,20.919139762480846,99.0,P48
220,2458760.6493981,r,-4.5022863641830275,7.748803777584037,19.92948833060135,99.0,P48
221,2458761.8149652667,r,0.6634919733964283,3.9756546246790907,20.65405336644075,99.0,P48
222,2458761.8149652667,r,0.6634919733964283,3.9756546246790907,20.65405336644075,99.0,P48
223,2458761.8149652667,r,0.6634919733964283,3.9756546246790907,20.65405336644075,99.0,P48
224,2458762.6481019,r,9.638647167694057,8.478277338042522,19.83180594182683,99.0,P48
225,2458763.752654333,r,2.184952443017919,3.622644751618962,20.755010619693305,99.0,P48
226,2458763.752654333,r,2.184952443017919,3.622644751618962,20.755010619693305,99.0,P48
227,2458763.752654333,r,2.184952443017919,3.622644751618962,20.755010619693305,99.0,P48
228,2458764.9149768995,r,-2.3772334083687117,5.521078290228466,20.29751522519788,99.0,P48
229,2458767.7084375,r,-36.36749209248433,25.17274312022015,18.650248629166462,99.0,P48
230,2458771.795246933,r,7.060608429011405,10.571975326497068,19.592184636963353,99.0,P48
231,2458771.795246933,r,7.060608429011405,10.571975326497068,19.592184636963353,99.0,P48
232,2458771.795246933,r,7.060608429011405,10.571975326497068,19.592184636963353,99.0,P48
233,2458773.7672512,r,17.948143828781998,9.051678866676015,19.76075214476247,99.0,P48
234,2458773.7672512,r,17.948143828781998,9.051678866676015,19.76075214476247,99.0,P48
235,2458774.7099267,r,-2.306039166975596,4.840220237806194,20.440412181181237,99.0,P48
236,2458774.7099267,r,-2.306039166975596,4.840220237806194,20.440412181181237,99.0,P48
237,2458774.7099267,r,-2.306039166975596,4.840220237806194,20.440412181181237,99.0,P48
238,2458775.8060359,r,9.644275162282247,4.525103481134252,20.51350370115125,99.0,P48
239,2458775.8060359,r,9.644275162282247,4.525103481134252,20.51350370115125,99.0,P48
240,2458776.7916609,r,7.166146392272196,5.367990278520425,20.32804568753405,99.0,P48
241,2458776.7916609,r,7.166146392272196,5.367990278520425,20.32804568753405,99.0,P48
242,2458777.7970216,r,-0.5986927829284112,4.580833404617455,20.50021374496913,99.0,P48
243,2458777.7970216,r,-0.5986927829284112,4.580833404617455,20.50021374496913,99.0,P48
244,2458777.7970216,r,-0.5986927829284112,4.580833404617455,20.50021374496913,99.0,P48
245,2458779.7244387,r,-0.9493694153106854,3.7800885983335033,20.708820041606295,99.0,P48
246,2458779.7244387,r,-0.9493694153106854,3.7800885983335033,20.708820041606295,99.0,P48
247,2458781.7903549336,r,6.997221988688848,8.240972420877528,19.862628837312833,99.0,P48
248,2458781.7903549336,r,6.997221988688848,8.240972420877528,19.862628837312833,99.0,P48
249,2458781.7903549336,r,6.997221988688848,8.240972420877528,19.862628837312833,99.0,P48
250,2458787.7134432998,r,-2.0647748522832132,7.090435301256828,20.025892742834667,99.0,P48
251,2458787.7134432998,r,-2.0647748522832132,7.090435301256828,20.025892742834667,99.0,P48
252,2458788.7632060335,r,1.0182637374650816,4.241126016027563,20.58387204719228,99.0,P48
253,2458788.7632060335,r,1.0182637374650816,4.241126016027563,20.58387204719228,99.0,P48
254,2458788.7632060335,r,1.0182637374650816,4.241126016027563,20.58387204719228,99.0,P48
255,2458790.694490733,r,-5.2299531820014336,3.671097825357192,20.74058509542467,99.0,P48
256,2458790.694490733,r,-5.2299531820014336,3.671097825357192,20.74058509542467,99.0,P48
257,2458790.694490733,r,-5.2299531820014336,3.671097825357192,20.74058509542467,99.0,P48
258,2458791.8431713,r,-5.031131968149254,7.1562026086296875,20.015868419285987,99.0,P48
259,2458792.6836226997,r,1.9591425469120927,4.303725176161635,20.567963662374275,99.0,P48
260,2458792.6836226997,r,1.9591425469120927,4.303725176161635,20.567963662374275,99.0,P48
261,2458792.6836226997,r,1.9591425469120927,4.303725176161635,20.567963662374275,99.0,P48
262,2458794.8019792004,r,-8.309893702087187,12.280256505585072,19.42955639344253,99.0,P48
263,2458798.7116551003,r,14.00400178965926,20.95611045491815,18.849298292035147,99.0,P48
264,2458801.7723533995,r,3.158621511373531,10.209094629396951,19.630106915747618,99.0,P48
265,2458801.7723533995,r,3.158621511373531,10.209094629396951,19.630106915747618,99.0,P48
266,2458801.7723533995,r,3.158621511373531,10.209094629396951,19.630106915747618,99.0,P48
267,2458805.711875,r,0.5082025093815418,6.952497394541991,20.047222902200527,99.0,P48
268,2458811.65690975,r,-7.8333643333996665,5.553196493652222,20.291217387236543,99.0,P48
269,2458811.65690975,r,-7.8333643333996665,5.553196493652222,20.291217387236543,99.0,P48
270,2458812.7293056,r,-3.10209370192995,5.621092626613362,20.2780231345846,99.0,P48
271,2458814.6687963,r,1.2229398325600342,18.19255777047874,19.00284058241475,99.0,P48
272,2458835.6043056,r,31.77824315932813,55.22813473689772,17.797174049901777,99.0,P48
273,2458846.6098032002,r,-10.679077432550894,5.905750715945879,20.22438721097115,99.0,P48
274,2458853.6283565,r,-4.722020551818975,22.175685155395993,18.78788237172119,99.0,P48
275,2458856.6448494997,r,10.842461715828307,8.376663425353838,19.844897324598406,99.0,P48
276,2458859.6516667004,r,1.383397894547126,10.868833133145772,19.56211768622061,99.0,P48
277,2458863.5883912,r,-4.1002277824431355,6.3907342211086595,20.138698098123044,99.0,P48
278,2458867.6027198997,r,45.20987466915374,75.40874803507342,17.459020662848225,99.0,P48
279,2458871.5892245,r,-2.2576120066699503,9.650847580822784,19.691161347378255,99.0,P48
280,2458872.6148032,r,1.4969662700418236,8.257391292283268,19.860467826763973,99.0,P48
281,2458875.5930207996,r,-11.734642610047821,8.885111103438863,19.780917832186297,99.0,P48
282,2458880.6492593,r,-2.04794080395195,10.124125317950062,19.639181208454744,99.0,P48
283,2458885.6320486,r,-3.4369743514593427,17.488409318875387,19.045699215527776,99.0,P48
284,2458892.62493055,r,-6.3861660987275535,5.812947366405016,20.241584012572076,99.0,P48
285,2458892.62493055,r,-6.3861660987275535,5.812947366405016,20.241584012572076,99.0,P48
286,2458895.6196296,r,-6.677469420820191,9.522731961321062,19.705671088388584,99.0,P48
287,2458896.61265625,r,0.2708465152674897,5.429614643137446,20.315652470573568,99.0,P48
288,2458896.61265625,r,0.2708465152674897,5.429614643137446,20.315652470573568,99.0,P48
289,2458896.61265625,r,0.2708465152674897,5.429614643137446,20.315652470573568,99.0,P48
290,2458896.61265625,r,0.2708465152674897,5.429614643137446,20.315652470573568,99.0,P48
291,2458898.6121441,r,-4.346109765345416,6.104358564902703,20.18847489968565,99.0,P48
292,2458898.6121441,r,-4.346109765345416,6.104358564902703,20.18847489968565,99.0,P48
293,2458898.6121441,r,-4.346109765345416,6.104358564902703,20.18847489968565,99.0,P48
294,2458898.6121441,r,-4.346109765345416,6.104358564902703,20.18847489968565,99.0,P48
295,2458900.6133940998,r,-14.635390480029283,16.380791485938687,19.116737783805426,99.0,P48
296,2458900.6133940998,r,-14.635390480029283,16.380791485938687,19.116737783805426,99.0,P48
297,2458900.6133940998,r,-14.635390480029283,16.380791485938687,19.116737783805426,99.0,P48
298,2458900.6133940998,r,-14.635390480029283,16.380791485938687,19.116737783805426,99.0,P48
299,2459024.9736343,r,-6.582831766544785,5.875664858194071,20.229932448860964,99.0,P48
300,2459036.8834837996,r,-6.588477722889708,12.268525213281979,19.430594089723964,99.0,P48
301,2459038.8773727003,r,4.520085081279863,12.136464505666881,19.442344513931424,99.0,P48
302,2459039.9558796003,r,-9.673317413416207,9.673090233928853,19.68866189155679,99.0,P48
303,2459040.8872685,r,-8.46087985137446,9.2909877999567,19.73242026465362,99.0,P48
304,2459044.9612037004,r,-6.518068795663461,5.1143284102432,20.380603458494477,99.0,P48
305,2459047.9204282,r,-10.392670375985196,4.587205915041815,20.498704400134113,99.0,P48
306,2459049.8891204,r,1.4436041874712808,5.445147935196682,20.312550780965893,99.0,P48
307,2459050.9779167,r,-5.335538551319352,3.225681737759853,20.88102120052418,99.0,P48
308,2459050.9779167,r,-5.335538551319352,3.225681737759853,20.88102120052418,99.0,P48
309,2459053.9603704,r,-6.564561957233164,3.7582183198257075,20.715119976078135,99.0,P48
310,2459055.9975463,r,10.826713806290526,7.432595878861533,19.97472368861756,99.0,P48
311,2459056.9724479,r,-11.497833121461575,3.0784089346065757,20.931759212079406,99.0,P48
312,2459056.9724479,r,-11.497833121461575,3.0784089346065757,20.931759212079406,99.0,P48
313,2459059.9597917004,r,4.583490649715027,4.828402146467448,20.44306640336882,99.0,P48
314,2459061.8722453997,r,-1.0088756647620065,7.107330317669653,20.023308739104763,99.0,P48
315,2459063.89246525,r,3.593529730903916,6.434280340412033,20.131325041387583,99.0,P48
316,2459063.89246525,r,3.593529730903916,6.434280340412033,20.131325041387583,99.0,P48
317,2459064.8742593,r,-7.6282116521528005,12.238813045474503,19.433226737282464,99.0,P48
318,2459065.9155556,r,-2.511773376198096,12.864148741245115,19.379122356791633,99.0,P48
319,2459066.9611227,r,-6.781907087788642,9.38763882164994,19.72118405846208,99.0,P48
320,2459072.98515045,r,0.10564591524605317,4.375660923749981,20.549965837844823,99.0,P48
321,2459072.98515045,r,0.10564591524605317,4.375660923749981,20.549965837844823,99.0,P48
322,2459073.9824421,r,-2.8512115148587323,5.19437016905118,20.363742749796636,99.0,P48
323,2459074.9302778,r,19.760042539575256,71.46356124851332,17.51736335257952,99.0,P48
324,2459075.9741493,r,-3.4850177440769037,3.4122631658302276,20.819968693867533,99.0,P48
325,2459075.9741493,r,-3.4850177440769037,3.4122631658302276,20.819968693867533,99.0,P48
326,2459076.9090972,r,-11.836447511608798,6.785889391539269,20.073558047997302,99.0,P48
327,2459077.9681366,r,-0.31961250656237244,4.993742201758802,20.40650969300203,99.0,P48
328,2459079.9011689997,r,0.21338180559933517,5.028848590192234,20.398903589227697,99.0,P48
329,2459081.91081595,r,-3.174839634230197,3.9536785842693436,20.66007158844574,99.0,P48
330,2459081.91081595,r,-3.174839634230197,3.9536785842693436,20.66007158844574,99.0,P48
331,2459084.9858681,r,-8.533863542933453,4.7990476311157355,20.449687338215085,99.0,P48
332,2459086.8673957996,r,4.240527376937313,4.153316564672433,20.60658740370958,99.0,P48
333,2459087.8770139,r,-10.929189627066943,5.488868331519814,20.30386795683164,99.0,P48
334,2459088.8952662004,r,-0.591758970439495,5.084644267213035,20.38692355382554,99.0,P48
335,2459094.8828241,r,-25.331539510723573,19.61899833924258,18.92088291310524,99.0,P48
336,2459098.8373958,r,-9.383497428700409,10.209086917689264,19.63010773588728,99.0,P48
337,2459102.9052315,r,-2.9824663494455397,19.851924010447984,18.90806847883937,99.0,P48
338,2459104.9308332996,r,1.0443336544533832,10.183144779560143,19.632870193102207,99.0,P48
339,2459106.8730556,r,0.5904619020680628,6.290065898403732,20.155937000680645,99.0,P48
340,2459108.8907407,r,-5.046092908611167,5.042112625093995,20.39604363357239,99.0,P48
341,2459109.8999536997,r,-1.4961042813665761,4.607006466125423,20.494027934651207,99.0,P48
342,2459109.8999536997,r,-1.4961042813665761,4.607006466125423,20.494027934651207,99.0,P48
343,2459110.8640972,r,-7.168110579240316,5.318004613984025,20.33820321466895,99.0,P48
344,2459112.8804051,r,-2.239356681515833,2.7818913458348367,21.041724580506834,99.0,P48
345,2459112.8804051,r,-2.239356681515833,2.7818913458348367,21.041724580506834,99.0,P48
346,2459113.8029167005,r,-1.7549955225771972,4.173958781774906,20.60120459902785,99.0,P48
347,2459115.8110416997,r,-2.25417604032186,2.9890073344085937,20.963757537385376,99.0,P48
348,2459115.8110416997,r,-2.25417604032186,2.9890073344085937,20.963757537385376,99.0,P48
349,2459116.861713,r,-6.829620561393297,4.364792213975423,20.552666054320476,99.0,P48
350,2459117.8744213,r,-1.073082887513827,3.9068694561895505,20.67300273919097,99.0,P48
351,2459118.8004282,r,-1.439563645297617,3.9663707186646002,20.656591730910016,99.0,P48
352,2459118.8004282,r,-1.439563645297617,3.9663707186646002,20.656591730910016,99.0,P48
353,2459126.8599421503,r,-1.468562791294525,8.7292319647391,19.800134903420947,99.0,P48
354,2459126.8599421503,r,-1.468562791294525,8.7292319647391,19.800134903420947,99.0,P48
355,2459128.7572685,r,4.27793618658668,8.838352654376624,19.786646673851042,99.0,P48
356,2459130.7602778,r,2.9880371038779323,5.095770247185764,20.38455039228834,99.0,P48
357,2459134.7978125,r,1.1781033717095408,5.398607742802377,20.321870556074167,99.0,P48
358,2459136.7991551002,r,-4.756754634663425,4.530163567006065,20.512290281608163,99.0,P48
359,2459138.8050579,r,-0.7138144923511864,5.121879493147189,20.379001598575545,99.0,P48
360,2459140.7482639,r,-10.592277036830101,4.03645628714977,20.637574355040535,99.0,P48
361,2459144.7322454,r,-1.8128671855520881,4.092513278345465,20.622599746223795,99.0,P48
362,2459149.7081481004,r,1.1682604682592412,17.743818695272743,19.02995726104446,99.0,P48
363,2458270.9669329,g,-8.22472571302925,19.203533375570643,18.944122127774673,99.0,P48
364,2458273.9807755,g,11.986867602867768,17.947401802313873,19.01757102464438,99.0,P48
365,2458280.9469444,g,-2.6985913345681976,5.751796346683557,20.25306623760281,99.0,P48
366,2458283.9442593,g,8.080010501844237,6.271284904718955,20.159183661062798,99.0,P48
367,2458286.9446991,g,-9.690515349122835,5.492131037450831,20.30322276272134,99.0,P48
368,2458289.9340393995,g,7.6084248787477105,5.969431338050762,20.21274258617303,99.0,P48
369,2458292.9423611,g,-1.4324241665709339,4.204995573100571,20.59316113185664,99.0,P48
370,2458295.9480207996,g,-9.202489507607465,11.410786845966559,19.509286007150543,99.0,P48
371,2458298.9622106003,g,-6.378666602181882,15.005504391265616,19.211948493479582,99.0,P48
372,2458301.9656944,g,7.091141242778826,9.763087182647562,19.67860707040623,99.0,P48
373,2458313.961956,g,-2.6661276069818856,4.137203940886917,20.61080766491321,99.0,P48
374,2458316.9190394,g,-24.97959863478609,31.664270727786505,18.401151263979173,99.0,P48
375,2458319.9373032004,g,-0.5550937252258875,3.4855499758701454,20.796896704064324,99.0,P48
376,2458322.9607869997,g,0.8360661368312147,4.445210781145744,20.532844091688453,99.0,P48
377,2458325.9399537,g,-5.898341311023121,10.566912062913252,19.592704755982965,99.0,P48
378,2458334.965,g,0.07511007315480564,6.963982467197521,20.045430816536435,99.0,P48
379,2458336.0021758997,g,-7.423548728569746,12.147015087551175,19.44140106186889,99.0,P48
380,2458337.9215208394,g,-0.5249460395238894,1.9281084529981636,21.439746342610718,99.0,P48
381,2458337.9215208394,g,-0.5249460395238894,1.9281084529981636,21.439746342610718,99.0,P48
382,2458337.9215208394,g,-0.5249460395238894,1.9281084529981636,21.439746342610718,99.0,P48
383,2458337.9215208394,g,-0.5249460395238894,1.9281084529981636,21.439746342610718,99.0,P48
384,2458337.9215208394,g,-0.5249460395238894,1.9281084529981636,21.439746342610718,99.0,P48
385,2458338.936331,g,-0.3551779659585369,4.49248216539845,20.52135908493804,99.0,P48
386,2458340.9790394,g,0.13357891686930823,4.863212737914688,20.43526681941305,99.0,P48
387,2458343.9188426,g,-5.967271352917905,3.8124215486182633,20.699572700143495,99.0,P48
388,2458344.9119444,g,0.361947862127977,3.928125023033937,20.66711173437823,99.0,P48
389,2458345.9030671003,g,-7.577348569630362,3.662338919231857,20.74317865867411,99.0,P48
390,2458346.8575868,g,3.2644607495814597,3.0390945736133466,20.94571445139895,99.0,P48
391,2458346.8575868,g,3.2644607495814597,3.0390945736133466,20.94571445139895,99.0,P48
392,2458347.9620602,g,-13.56459414335506,3.782923322511778,20.708006142898427,99.0,P48
393,2458348.8925463,g,4.2276619408763985,3.5542417928948193,20.775707566004442,99.0,P48
394,2458349.91421875,g,7.674930519545023,2.6329371645116604,21.101473752362764,99.0,P48
395,2458349.91421875,g,7.674930519545023,2.6329371645116604,21.101473752362764,99.0,P48
396,2458350.9235301004,g,1.2180230796601172,3.784186891736377,20.707643546655405,99.0,P48
397,2458351.9224884,g,0.8043783447848414,3.00799260734347,20.956883077740166,99.0,P48
398,2458352.9163426002,g,-3.135113826687907,3.200411834091985,20.88956032010605,99.0,P48
399,2458361.9060686664,g,-3.29541095779056,6.076589045606519,20.193425323197175,99.0,P48
400,2458361.9060686664,g,-3.29541095779056,6.076589045606519,20.193425323197175,99.0,P48
401,2458361.9060686664,g,-3.29541095779056,6.076589045606519,20.193425323197175,99.0,P48
402,2458362.9703125,g,-3.055943803021235,7.370179030932594,19.983879895291917,99.0,P48
403,2458363.8613831,g,2.639816210132532,5.436504545797851,20.314275600388708,99.0,P48
404,2458363.8613831,g,2.639816210132532,5.436504545797851,20.314275600388708,99.0,P48
405,2458364.8799074,g,0.9304920374715513,3.0251681897923777,20.950701176508403,99.0,P48
406,2458364.8799074,g,0.9304920374715513,3.0251681897923777,20.950701176508403,99.0,P48
407,2458364.8799074,g,0.9304920374715513,3.0251681897923777,20.950701176508403,99.0,P48
408,2458365.9172106506,g,-3.333256849710177,3.4579222497017796,20.805536928979087,99.0,P48
409,2458365.9172106506,g,-3.333256849710177,3.4579222497017796,20.805536928979087,99.0,P48
410,2458366.8991319,g,-3.151865427379447,4.316766669823113,20.5646785522233,99.0,P48
411,2458367.9010706004,g,3.050318481881218,2.432086728300641,21.187627344575557,99.0,P48
412,2458367.9010706004,g,3.050318481881218,2.432086728300641,21.187627344575557,99.0,P48
413,2458368.88556715,g,-2.3713422983443566,2.6967448586473535,21.07547534060572,99.0,P48
414,2458368.88556715,g,-2.3713422983443566,2.6967448586473535,21.07547534060572,99.0,P48
415,2458369.8216088,g,-2.045481548547824,3.927147526131719,20.66738194875351,99.0,P48
416,2458370.8628626666,g,2.5825972374962,2.168958296478804,21.31194698485436,99.0,P48
417,2458370.8628626666,g,2.5825972374962,2.168958296478804,21.31194698485436,99.0,P48
418,2458370.8628626666,g,2.5825972374962,2.168958296478804,21.31194698485436,99.0,P48
419,2458371.8594907,g,6.222538194764723,3.648863721338488,20.74718088033446,99.0,P48
420,2458372.9051042004,g,-2.741976798034425,4.080066716677205,20.625906827484357,99.0,P48
421,2458373.89230905,g,24.42085879675127,2.6839330113864244,20.43066329101887,0.1193000339630782,P48
422,2458373.89230905,g,24.42085879675127,2.6839330113864244,20.43066329101887,0.1193000339630782,P48
423,2458374.9112384,g,60.14919411253012,3.9248865405424986,19.451991089843435,0.07083161133943362,P48
424,2458375.9243171,g,97.34737751661287,4.3256622585745435,18.929254981368477,0.048234544180518396,P48
425,2458376.8268403,g,132.19976205826748,3.1936840902829684,18.596988938585078,0.02622352738028517,P48
426,2458376.8268403,g,132.19976205826748,3.1936840902829684,18.596988938585078,0.02622352738028517,P48
427,2458377.8512962996,g,146.02013454530294,4.563206260577628,18.48903376160503,0.03392244782735923,P48
428,2458378.84115745,g,138.2433219503845,3.3695117225285767,18.548455219178493,0.02645773353245579,P48
429,2458378.84115745,g,138.2433219503845,3.3695117225285767,18.548455219178493,0.02645773353245579,P48
430,2458379.8599015996,g,122.33336199812211,3.4229078145468725,18.68120334404466,0.030372470534633603,P48
431,2458379.8599015996,g,122.33336199812211,3.4229078145468725,18.68120334404466,0.030372470534633603,P48
432,2458380.8647917,g,111.49999115636635,5.525115189530442,18.78187853993706,0.05378935438501021,P48
433,2458382.89265625,g,85.83325297272133,5.0317794871170545,19.065926692148654,0.06363497180983504,P48
434,2458382.89265625,g,85.83325297272133,5.0317794871170545,19.065926692148654,0.06363497180983504,P48
435,2458383.8563831,g,86.79344200295255,6.929671297617486,19.05384834302553,0.08666735665706046,P48
436,2458383.8563831,g,86.79344200295255,6.929671297617486,19.05384834302553,0.08666735665706046,P48
437,2458384.8188830996,g,80.4411100636782,9.702488952019822,19.136370484526548,0.13092872225507843,P48
438,2458384.8188830996,g,80.4411100636782,9.702488952019822,19.136370484526548,0.13092872225507843,P48
439,2458385.8835822,g,68.80260480262932,11.363307340306685,19.306053420952388,0.17927911527895415,P48
440,2458385.8835822,g,68.80260480262932,11.363307340306685,19.306053420952388,0.17927911527895415,P48
441,2458388.8483102,g,61.63429962433306,9.75866311309299,19.42550945908126,0.1718690546307488,P48
442,2458388.8483102,g,61.63429962433306,9.75866311309299,19.42550945908126,0.1718690546307488,P48
443,2458389.8883681,g,73.14608205026822,10.802533210037438,19.23958795024778,0.16031138607584028,P48
444,2458390.841412,g,60.03195099986089,8.720658484843257,19.45410947758965,0.15768727531975915,P48
445,2458397.8440856,g,29.61544566383618,4.1376139926943205,20.22126994116951,0.15165667402243987,P48
446,2458424.7027546,g,33.37667292430673,9.762353632372204,20.091458015108206,0.3174982387241684,P48
447,2458425.6944212997,g,1.4439908755697926,6.231477176269639,20.166097467432103,99.0,P48
448,2458427.7037153,g,117.1169176589843,34.73058001787065,18.728516537563333,0.3219009291140317,P48
449,2458428.7138079,g,0.42467862837612397,3.9535458638617893,20.66010803596346,99.0,P48
450,2458429.7488426003,g,4.904902219443026,4.690636729093738,20.47449548942852,99.0,P48
451,2458430.7644097,g,5.514135630519542,4.399317668313906,20.544111681958938,99.0,P48
452,2458431.7127893995,g,2.5118337236916695,8.21901548939455,19.865525491882295,99.0,P48
453,2458432.7453703997,g,11.274808888830014,4.930119113636743,20.42043145883187,99.0,P48
454,2458434.6511457996,g,7.583099540050195,6.317504182833456,20.151211143811498,99.0,P48
455,2458435.6996296,g,5.020558926586392,7.667190197769292,19.940984397141342,99.0,P48
456,2458436.6646875,g,9.870793915792833,12.860815836193789,19.37940369095562,99.0,P48
457,2458437.7361284504,g,4.438855485739019,4.497498061003006,20.520147527207072,99.0,P48
458,2458437.7361284504,g,4.438855485739019,4.497498061003006,20.520147527207072,99.0,P48
459,2458438.857419,g,-29.48528264239599,80.24427694099548,17.391539818915543,99.0,P48
460,2458440.7393519,g,-8.97651444628594,99.76010610978858,17.155182733140336,99.0,P48
461,2458443.6976736,g,-0.505325753050143,18.04231213460634,19.01184450939388,99.0,P48
462,2458450.76889465,g,-31.054976037669277,56.158258859193374,17.779040903195263,99.0,P48
463,2458450.76889465,g,-31.054976037669277,56.158258859193374,17.779040903195263,99.0,P48
464,2458457.6294907,g,0.28253837517027236,7.7444855699838255,19.930093551913295,99.0,P48
465,2458466.7648727,g,71.53474182470428,89.17212673646964,17.277002177666347,99.0,P48
466,2458471.594647,g,10.030421066076713,14.766640459511368,19.229370737314476,99.0,P48
467,2458471.594647,g,10.030421066076713,14.766640459511368,19.229370737314476,99.0,P48
468,2458472.6747685,g,-0.05935971620044085,11.782768591589337,19.474456618130503,99.0,P48
469,2458482.65375,g,8.444470474670664,6.101967299304188,20.18890029938374,99.0,P48
470,2458487.6592766,g,3.7101574939183277,3.6452784825790747,20.7482482090836,99.0,P48
471,2458487.6592766,g,3.7101574939183277,3.6452784825790747,20.7482482090836,99.0,P48
472,2458488.6448032,g,0.8838666208753749,4.295053398432181,20.570153570196823,99.0,P48
473,2458490.6035995,g,-5.132443498783441,6.56537071183871,20.10942685557127,99.0,P48
474,2458491.6462153,g,-2.959334776165135,6.307894358024657,20.15286396082119,99.0,P48
475,2458492.6827199,g,-48.14997799604216,98.99403473450924,17.163552425896885,99.0,P48
476,2458493.6575463004,g,-2.77213575082141,3.736176072476639,20.721506652235384,99.0,P48
477,2458493.6575463004,g,-2.77213575082141,3.736176072476639,20.721506652235384,99.0,P48
478,2458494.6521064998,g,-2.510797196291805,6.055563170722167,20.197188641699466,99.0,P48
479,2458503.6850984003,g,8.210866470309913,11.464711567650532,19.504167156399873,99.0,P48
480,2458503.6850984003,g,8.210866470309913,11.464711567650532,19.504167156399873,99.0,P48
481,2458505.6629514,g,-14.754013078007652,20.578193249020128,18.869056885789025,99.0,P48
482,2458507.65122685,g,3.8126702206158547,4.67131468425565,20.478977177591958,99.0,P48
483,2458507.65122685,g,3.8126702206158547,4.67131468425565,20.478977177591958,99.0,P48
484,2458509.6532292003,g,-9.679751118685113,11.37950098457788,19.51226694481987,99.0,P48
485,2458510.6378183,g,6.269585762879949,7.074820324326098,20.028286452218452,99.0,P48
486,2458510.6378183,g,6.269585762879949,7.074820324326098,20.028286452218452,99.0,P48
487,2458511.6326852003,g,6.322235995032843,7.956931268914177,19.900710972435125,99.0,P48
488,2458643.9577893997,g,6.756191762614738,6.864520887004811,20.061049412136704,99.0,P48
489,2458646.9486921,g,-9.660264388070043,10.755566637082513,19.573491750845967,99.0,P48
490,2458649.9726736,g,3.6810427000674593,8.86078438612267,19.783894567205763,99.0,P48
491,2458655.9775463,g,-14.13028878437137,18.55412165824427,18.981473989376894,99.0,P48
492,2458661.9722337998,g,6.961318351023178,7.181490428380757,20.01203852421964,99.0,P48
493,2458669.9624537,g,2.5656841451551538,4.145665972316717,20.60858922198658,99.0,P48
494,2458672.9282523,g,-10.452943256778573,3.897806888525113,20.675524192178656,99.0,P48
495,2458675.9492707998,g,-5.519250290322287,4.459059470101807,20.529466827816762,99.0,P48
496,2458677.9642245,g,4.166361991954435,3.7860348002315005,20.70711348524433,99.0,P48
497,2458678.949375,g,-7.180106817017013,3.181376313140622,20.896037381108414,99.0,P48
498,2458678.949375,g,-7.180106817017013,3.181376313140622,20.896037381108414,99.0,P48
499,2458679.9465278,g,8.906269418400747,8.836041223463132,19.78693065578097,99.0,P48
500,2458680.9830324,g,-7.619981084429667,11.325003434602774,19.5174791331699,99.0,P48
501,2458682.9825231005,g,-12.091718301848724,10.147270826318364,19.63670186000193,99.0,P48
502,2458683.981169,g,-0.760436207871062,9.7266320308605,19.68266877328373,99.0,P48
503,2458684.9197511496,g,-4.166260663435445,8.069160677557708,19.885504080502912,99.0,P48
504,2458684.9197511496,g,-4.166260663435445,8.069160677557708,19.885504080502912,99.0,P48
505,2458685.9777662004,g,7.523009775141993,10.9199325266562,19.55702510189004,99.0,P48
506,2458690.9762269,g,-3.0690201180720753,5.382442454521081,20.32512650082525,99.0,P48
507,2458691.9885822,g,8.239081880492517,4.303015339663562,20.568142753444988,99.0,P48
508,2458691.9885822,g,8.239081880492517,4.303015339663562,20.568142753444988,99.0,P48
509,2458693.956169,g,2.1628557457172066,4.092257441237422,20.622667621457037,99.0,P48
510,2458696.9402893996,g,-2.5025222583776108,4.083006516253994,20.62512480657577,99.0,P48
511,2458699.9559722,g,0.11928264031627284,4.025256619827115,20.640591056889534,99.0,P48
512,2458700.9933796003,g,7.875141360755053,5.278456615333573,20.346307598274137,99.0,P48
513,2458704.0018692,g,11.716209409657285,5.699593792422162,20.2629652271699,99.0,P48
514,2458704.0018692,g,11.716209409657285,5.699593792422162,20.2629652271699,99.0,P48
515,2458707.9371644,g,-3.6638798997871103,4.14505790544653,20.608748484368682,99.0,P48
516,2458713.949386567,g,-0.24986004032698825,9.195373101651287,19.74365160065674,99.0,P48
517,2458713.949386567,g,-0.24986004032698825,9.195373101651287,19.74365160065674,99.0,P48
518,2458713.949386567,g,-0.24986004032698825,9.195373101651287,19.74365160065674,99.0,P48
519,2458717.9054167005,g,7.848307260666798,7.885895978293106,19.910447379010847,99.0,P48
520,2458718.9571007,g,-1.9849508897667758,5.589505276136857,20.28414156307177,99.0,P48
521,2458718.9571007,g,-1.9849508897667758,5.589505276136857,20.28414156307177,99.0,P48
522,2458719.984838,g,0.6890395165850107,6.378543408639157,20.140771200591118,99.0,P48
523,2458722.9234143496,g,1.5390720148205912,1.8981164516475333,21.456767855711924,99.0,P48
524,2458722.9234143496,g,1.5390720148205912,1.8981164516475333,21.456767855711924,99.0,P48
525,2458722.9234143496,g,1.5390720148205912,1.8981164516475333,21.456767855711924,99.0,P48
526,2458722.9234143496,g,1.5390720148205912,1.8981164516475333,21.456767855711924,99.0,P48
527,2458723.9396488997,g,5.886712539509586,2.1900854298135886,21.301422349350755,99.0,P48
528,2458723.9396488997,g,5.886712539509586,2.1900854298135886,21.301422349350755,99.0,P48
529,2458723.9396488997,g,5.886712539509586,2.1900854298135886,21.301422349350755,99.0,P48
530,2458725.8936998667,g,1.4692503090037041,2.3058202860017825,21.245511349975743,99.0,P48
531,2458725.8936998667,g,1.4692503090037041,2.3058202860017825,21.245511349975743,99.0,P48
532,2458725.8936998667,g,1.4692503090037041,2.3058202860017825,21.245511349975743,99.0,P48
533,2458726.9075637,g,-1.7489644811593257,2.9840938736698708,20.965543786515312,99.0,P48
534,2458726.9075637,g,-1.7489644811593257,2.9840938736698708,20.965543786515312,99.0,P48
535,2458727.931331,g,4.571013536517452,2.51131501287319,21.15282200688805,99.0,P48
536,2458727.931331,g,4.571013536517452,2.51131501287319,21.15282200688805,99.0,P48
537,2458727.931331,g,4.571013536517452,2.51131501287319,21.15282200688805,99.0,P48
538,2458730.9726794,g,-4.507459965927718,3.6197140029294594,20.755889344495756,99.0,P48
539,2458730.9726794,g,-4.507459965927718,3.6197140029294594,20.755889344495756,99.0,P48
540,2458732.8993171,g,-8.420958713870148,3.465999429232658,20.80300377201002,99.0,P48
541,2458733.9480961002,g,-3.174459575773665,2.8971059690321974,20.997664036856243,99.0,P48
542,2458733.9480961002,g,-3.174459575773665,2.8971059690321974,20.997664036856243,99.0,P48
543,2458734.9022801,g,1.8733712561614062,3.0676518040603438,20.935559831212892,99.0,P48
544,2458734.9022801,g,1.8733712561614062,3.0676518040603438,20.935559831212892,99.0,P48
545,2458734.9022801,g,1.8733712561614062,3.0676518040603438,20.935559831212892,99.0,P48
546,2458735.9226042004,g,-4.504902375596958,4.332072981024715,20.560835578077914,99.0,P48
547,2458736.9678587997,g,-0.3971276789392828,2.70349159715605,21.07276242900118,99.0,P48
548,2458736.9678587997,g,-0.3971276789392828,2.70349159715605,21.07276242900118,99.0,P48
549,2458737.949375,g,3.4254459343583883,3.4754445020158222,20.80004909459489,99.0,P48
550,2458737.949375,g,3.4254459343583883,3.4754445020158222,20.80004909459489,99.0,P48
551,2458737.949375,g,3.4254459343583883,3.4754445020158222,20.80004909459489,99.0,P48
552,2458738.6864352003,g,-6.758068977247532,24.793505666769324,18.666730144195604,99.0,P48
553,2458739.6840046,g,-93.0084810783606,50.99593981756005,17.88373598935741,99.0,P48
554,2458740.6818056,g,-79.25606356961158,42.69734188036799,18.076572891914807,99.0,P48
555,2458741.6786806,g,-7.187268214326209,34.73951236544235,18.30051569413009,99.0,P48
556,2458743.6792477,g,20.162716800573996,25.977934857612343,18.616063430592213,99.0,P48
557,2458744.6782523,g,-0.3133402123144861,12.244258251487121,19.432743786648043,99.0,P48
558,2458745.6783565,g,-6.1395139782454144,6.520785458990249,20.116825209968333,99.0,P48
559,2458746.839633466,g,0.4738650105052272,5.1014707232502845,20.383336492585414,99.0,P48
560,2458746.839633466,g,0.4738650105052272,5.1014707232502845,20.383336492585414,99.0,P48
561,2458746.839633466,g,0.4738650105052272,5.1014707232502845,20.383336492585414,99.0,P48
562,2458747.6782523,g,-0.6524055143741595,6.673790918344039,20.091643497609276,99.0,P48
563,2458748.6773727,g,3.698025619609382,8.72934385714781,19.80012098640499,99.0,P48
564,2458749.8446026337,g,6.1223232365846005,3.6324769420866634,20.752067823652432,99.0,P48
565,2458749.8446026337,g,6.1223232365846005,3.6324769420866634,20.752067823652432,99.0,P48
566,2458749.8446026337,g,6.1223232365846005,3.6324769420866634,20.752067823652432,99.0,P48
567,2458751.6768287,g,-8.167740018093728,7.126268446666273,20.020419543648863,99.0,P48
568,2458754.6764931,g,-8.956556635056597,6.989499195361423,20.041459841098607,99.0,P48
569,2458758.8284220668,g,2.3627330931649966,3.266428033665886,20.867392253652117,99.0,P48
570,2458758.8284220668,g,2.3627330931649966,3.266428033665886,20.867392253652117,99.0,P48
571,2458758.8284220668,g,2.3627330931649966,3.266428033665886,20.867392253652117,99.0,P48
572,2458760.832530867,g,-0.22143608354286093,3.4944148852065395,20.794138822503285,99.0,P48
573,2458760.832530867,g,-0.22143608354286093,3.4944148852065395,20.794138822503285,99.0,P48
574,2458760.832530867,g,-0.22143608354286093,3.4944148852065395,20.794138822503285,99.0,P48
575,2458761.6771180998,g,4.204162664120796,8.214332665425502,19.866144271648103,99.0,P48
576,2458762.676875,g,-9.885997159089042,9.413164599665992,19.718235856967226,99.0,P48
577,2458763.678206,g,-1.1927320537715949,7.9790691190504655,19.897694421197073,99.0,P48
578,2458764.8188194335,g,0.1672475567598835,3.6075856343064916,20.75953336700505,99.0,P48
579,2458764.8188194335,g,0.1672475567598835,3.6075856343064916,20.75953336700505,99.0,P48
580,2458764.8188194335,g,0.1672475567598835,3.6075856343064916,20.75953336700505,99.0,P48
581,2458766.80377315,g,11.108147793678315,9.992801876811123,19.653356796866376,99.0,P48
582,2458766.80377315,g,11.108147793678315,9.992801876811123,19.653356796866376,99.0,P48
583,2458767.88479745,g,2.850526857031124,14.424132621338845,19.254850722128168,99.0,P48
584,2458767.88479745,g,2.850526857031124,14.424132621338845,19.254850722128168,99.0,P48
585,2458768.8114410006,g,22.079416293205554,15.460788692745131,19.179495877725138,99.0,P48
586,2458768.8114410006,g,22.079416293205554,15.460788692745131,19.179495877725138,99.0,P48
587,2458771.6930903,g,-20.69611646690415,23.111391224130507,18.743009766009862,99.0,P48
588,2458772.77881945,g,13.045804610296038,17.162040013731566,19.06615271364629,99.0,P48
589,2458772.77881945,g,13.045804610296038,17.162040013731566,19.06615271364629,99.0,P48
590,2458781.7156944,g,-12.906189064506568,7.633596267369152,19.945752022019576,99.0,P48
591,2458783.74385995,g,-8.327311653711519,3.5848482915531705,20.76639803582783,99.0,P48
592,2458783.74385995,g,-8.327311653711519,3.5848482915531705,20.76639803582783,99.0,P48
593,2458785.7127546,g,-6.9515599508225625,4.678658320183543,20.477271663995886,99.0,P48
594,2458786.7006539004,g,-2.1004182753500307,4.113618186126936,20.61701504090988,99.0,P48
595,2458786.7006539004,g,-2.1004182753500307,4.113618186126936,20.61701504090988,99.0,P48
596,2458788.6915278,g,-6.8608439956062615,7.520633763223606,19.96193888891978,99.0,P48
597,2458791.7230411,g,0.13649097843498903,3.1695341712581837,20.900086393330042,99.0,P48
598,2458791.7230411,g,0.13649097843498903,3.1695341712581837,20.900086393330042,99.0,P48
599,2458791.7230411,g,0.13649097843498903,3.1695341712581837,20.900086393330042,99.0,P48
600,2458791.7230411,g,0.13649097843498903,3.1695341712581837,20.900086393330042,99.0,P48
601,2458794.69818285,g,2.516966533517307,7.374118851156044,19.98329965666776,99.0,P48
602,2458794.69818285,g,2.516966533517307,7.374118851156044,19.98329965666776,99.0,P48
603,2458798.6694792,g,-5.459628184140196,21.804551171124423,18.806207110399257,99.0,P48
604,2458801.6906712996,g,4.08627612247075,15.435573623844384,19.181268055239663,99.0,P48
605,2458802.7245255,g,5.248657243514879,5.467359347031857,20.308130941112857,99.0,P48
606,2458802.7245255,g,5.248657243514879,5.467359347031857,20.308130941112857,99.0,P48
607,2458802.7245255,g,5.248657243514879,5.467359347031857,20.308130941112857,99.0,P48
608,2458811.6696528,g,2.8292647024152755,7.233600170387285,20.004188739359915,99.0,P48
609,2458813.656331033,g,2.9719412222570294,7.183511078565863,20.011733074467124,99.0,P48
610,2458813.656331033,g,2.9719412222570294,7.183511078565863,20.011733074467124,99.0,P48
611,2458813.656331033,g,2.9719412222570294,7.183511078565863,20.011733074467124,99.0,P48
612,2458814.6097569,g,3.8599542992922946,32.20418118084946,18.38279433586093,99.0,P48
613,2458819.6910764,g,-9.763674509788562,16.88365624982278,19.083908735749702,99.0,P48
614,2458828.6062963,g,-4.584282987253713,18.577597791345923,18.980101098951657,99.0,P48
615,2458831.625,g,-0.0657558020195707,9.546873591958553,19.70292205864544,99.0,P48
616,2458835.629919,g,11.9272891264153,16.911700814285865,19.082106771893198,99.0,P48
617,2458838.6289468,g,-0.5395262342623807,12.11792108721433,19.44400468912898,99.0,P48
618,2458846.5979514,g,-3.456750513146305,5.479844922194202,20.305654318491136,99.0,P48
619,2458853.5884259,g,11.632381419737085,16.739110126860812,19.093244072649213,99.0,P48
620,2458856.5879051,g,-12.03997343423205,9.812239427493182,19.673154647058066,99.0,P48
621,2458859.5921296002,g,12.431659564748339,11.078349967457235,19.541387287951395,99.0,P48
622,2458863.6222106004,g,-1.7063729524202935,5.540889167812604,20.293626331089555,99.0,P48
623,2458867.6291898,g,-10.467376475492907,17.4808142925786,19.046170841392154,99.0,P48
624,2458871.6662962995,g,-15.57260370426742,11.234322535905838,19.526207768520138,99.0,P48
625,2458872.6536343,g,-7.248243185488781,7.096029974092144,20.02503638587075,99.0,P48
626,2458875.6308102002,g,-0.9359937025638156,7.120601420104573,20.021283297763755,99.0,P48
627,2458880.6109259,g,1.9596466938082577,9.218630824648013,19.74090893095527,99.0,P48
628,2458885.6106366003,g,-23.407616047004357,15.939050169461934,19.146418895137714,99.0,P48
629,2458892.6246644,g,1.26338756924621,7.684123940867893,19.938589086192025,99.0,P48
630,2458895.6319676004,g,-6.590300815683226,10.19454925837,19.631654917535705,99.0,P48
631,2459035.9595602,g,5.6375903237538125,12.381201775147424,19.420667985893964,99.0,P48
632,2459036.9657986,g,-6.439400119245693,11.405246661824332,19.50981328360465,99.0,P48
633,2459038.9608448995,g,3.23440580903757,10.621391623134583,19.587121433959766,99.0,P48
634,2459039.8598958,g,5.254277202972352,19.232530877053396,18.942483893278364,99.0,P48
635,2459040.977037,g,-1.7627679832341894,8.381704403516874,19.84424413775826,99.0,P48
636,2459044.8587616,g,-7.390248788809907,7.761313176858876,19.927736969128404,99.0,P48
637,2459047.9532986,g,-9.24094121833451,3.8500855769534574,20.68889903215129,99.0,P48
638,2459050.9371875,g,-4.03618739862125,4.052993762724123,20.63313515067704,99.0,P48
639,2459052.9853241,g,-4.383372860967214,5.053632716382629,20.39356580054475,99.0,P48
640,2459053.9375463,g,-1.3447184048832328,3.562604885622598,20.77315584130163,99.0,P48
641,2459056.9405903,g,-4.291981137645236,4.358182349694171,20.55431149539791,99.0,P48
642,2459059.9190856004,g,-3.080713221724408,4.150957396143899,20.60720429924206,99.0,P48
643,2459063.9600116,g,3.0927341724426136,9.516830053560614,19.70634420420216,99.0,P48
644,2459066.9181828997,g,-8.931261614065122,12.422237435171605,19.417075424229676,99.0,P48
645,2459071.9779977,g,-1.1695836875123187,6.8094720099226205,20.06979139148764,99.0,P48
646,2459072.94754055,g,-1.6975840504228508,4.776081762790902,20.454895606741424,99.0,P48
647,2459072.94754055,g,-1.6975840504228508,4.776081762790902,20.454895606741424,99.0,P48
648,2459073.9053819,g,-6.233231173762307,5.330840388271879,20.335585790599605,99.0,P48
649,2459074.9624769,g,-2.895603833724242,11.392325244908086,19.511044050786566,99.0,P48
650,2459075.8870197004,g,-3.269037630961446,3.2217307897648055,20.88235187009123,99.0,P48
651,2459075.8870197004,g,-3.269037630961446,3.2217307897648055,20.88235187009123,99.0,P48
652,2459076.9951273,g,5.955234246511456,5.623887362541034,20.277483454470485,99.0,P48
653,2459077.9090509,g,-0.6202247874404401,4.28228497729781,20.573386075838116,99.0,P48
654,2459078.9071412003,g,-3.008946758865944,4.991242737619828,20.407053260925533,99.0,P48
655,2459080.9168518996,g,-7.010237827311905,5.4977893986028885,20.302104740413355,99.0,P48
656,2459081.9634491,g,2.1532155025217232,4.451064405971997,20.531415292963942,99.0,P48
657,2459082.8748957994,g,-3.6754475500828,15.570489967331907,19.171819291593135,99.0,P48
658,2459084.9182060002,g,-2.92219950302316,4.332093407111326,20.560830458752925,99.0,P48
659,2459085.890544,g,-11.149661234902105,4.143329623924523,20.609201276384262,99.0,P48
660,2459087.9618403,g,1.8188665421825971,5.486558655307813,20.304324922947796,99.0,P48
661,2459089.8513773,g,-9.691803697179537,6.933439159790915,20.05020321661862,99.0,P48
662,2459090.8651215,g,2.8163158014426175,4.087541422971571,20.623919572128656,99.0,P48
663,2459090.8651215,g,2.8163158014426175,4.087541422971571,20.623919572128656,99.0,P48
664,2459091.8268287,g,-2.9875916541020766,9.161966879588956,19.747603195477318,99.0,P48
665,2459092.8421064997,g,2.119861648891231,10.684888010714214,19.58065005255029,99.0,P48
666,2459093.9345718,g,-22.34996844141563,12.546400700001483,19.406277104960942,99.0,P48
667,2459106.8992477003,g,-5.247317190390044,6.326804077806592,20.149614024493403,99.0,P48
668,2459107.8743056,g,-0.4849087009852736,5.293381837225357,20.3432419319549,99.0,P48
669,2459109.82818285,g,-1.7995573777343983,4.082673466225167,20.625213373474118,99.0,P48
670,2459109.82818285,g,-1.7995573777343983,4.082673466225167,20.625213373474118,99.0,P48
671,2459111.8674537004,g,-3.5258927175376766,4.363809439260735,20.552910545737483,99.0,P48
672,2459112.8304745,g,5.881075140579775,3.5116450629546585,20.788798455549532,99.0,P48
673,2459113.889213,g,-2.038214894019857,3.91882137516664,20.66968631856589,99.0,P48
674,2459114.8217014,g,3.9662182538509243,3.673055698347871,20.740006204029278,99.0,P48
675,2459115.9249421,g,-5.900336917539848,3.8901998728088705,20.67764520086624,99.0,P48
676,2459117.7852662,g,1.3715963841641838,4.76808947353079,20.456713998222902,99.0,P48
677,2459118.8742823997,g,-5.2342891030907035,3.250468987413429,20.87270992213481,99.0,P48
678,2459119.8380207997,g,6.8952613772500095,6.514645580073022,20.117848005349057,99.0,P48
679,2459120.7832522998,g,-2.095930869460669,8.91337758902828,19.777469227856127,99.0,P48
680,2459121.8297917005,g,-15.033465747049839,11.336923587980799,19.516336940516158,99.0,P48
681,2459122.7816551,g,-5.89128231486109,15.548877114421703,19.173327410996976,99.0,P48
682,2459126.778287,g,-16.58506475969869,13.788047834475911,19.303818035600408,99.0,P48
683,2459128.794213,g,3.5574477966626445,9.787676588502258,19.675875962549803,99.0,P48
684,2459130.7475694,g,2.747158470424366,4.893379739910886,20.428552690334087,99.0,P48
685,2459134.7683218,g,-3.3225894731198267,4.115992168084587,20.616388639872305,99.0,P48
686,2459136.7372569,g,-1.1814582595428451,4.314733700977996,20.565189997006776,99.0,P48
687,2459138.7323032003,g,-11.011304806766292,5.4997152777547615,20.30172447292467,99.0,P48
688,2459140.7760532,g,-0.262474642721326,4.483319686018845,20.523575720110664,99.0,P48
689,2459144.832963,g,-2.49297645200952,3.2544693531700783,20.871374523625434,99.0,P48
690,2459149.7600694,g,4.475316252275343,16.585571012471632,19.10324891886148,99.0,P48
691,2458375.7763,r,83.00623230719175,4.587246880751133,19.102223246318573,0.06,P60+SEDM
692,2458375.7771,r,72.96434723531675,4.704342181516232,19.242223246318574,0.07,P60+SEDM
693,2458375.7785,r,74.32085572888387,5.476345637202458,19.222223246318574,0.08,P60+SEDM
694,2458377.8617,r,134.0018213950422,4.93697416947747,18.582223246318573,0.04,P60+SEDM
