,JD,Filter,Flux,eFlux,Mag,eMag,Telescope
0,2458214.84663195,r,21.634323951956155,9.804769974093242,19.673981465887785,99.0,P48
1,2458214.84663195,r,21.634323951956155,9.804769974093242,19.673981465887785,99.0,P48
2,2458217.8538281005,r,-0.6827024299090765,1.5749371423357292,21.65941692603875,99.0,P48
3,2458217.8538281005,r,-0.6827024299090765,1.5749371423357292,21.65941692603875,99.0,P48
4,2458217.8538281005,r,-0.6827024299090765,1.5749371423357292,21.65941692603875,99.0,P48
5,2458217.8538281005,r,-0.6827024299090765,1.5749371423357292,21.65941692603875,99.0,P48
6,2458218.8271875,r,3.7758605365671736,4.164855022845449,20.603575268244754,99.0,P48
7,2458219.8190625,r,-7.720802167487711,4.747391179673525,20.461437442740504,99.0,P48
8,2458219.8190625,r,-7.720802167487711,4.747391179673525,20.461437442740504,99.0,P48
9,2458222.8319242,r,4.89536068896244,2.41949315106259,21.19326399647254,99.0,P48
10,2458222.8319242,r,4.89536068896244,2.41949315106259,21.19326399647254,99.0,P48
11,2458222.8319242,r,4.89536068896244,2.41949315106259,21.19326399647254,99.0,P48
12,2458222.8319242,r,4.89536068896244,2.41949315106259,21.19326399647254,99.0,P48
13,2458226.803596625,r,0.013422244775377444,1.7571015398162195,21.540582840817738,99.0,P48
14,2458226.803596625,r,0.013422244775377444,1.7571015398162195,21.540582840817738,99.0,P48
15,2458226.803596625,r,0.013422244775377444,1.7571015398162195,21.540582840817738,99.0,P48
16,2458226.803596625,r,0.013422244775377444,1.7571015398162195,21.540582840817738,99.0,P48
17,2458229.85908565,r,1.291574516131265,2.5288172861339295,21.145281360332767,99.0,P48
18,2458229.85908565,r,1.291574516131265,2.5288172861339295,21.145281360332767,99.0,P48
19,2458231.7916435,r,-0.36049373883294056,3.1531430753697007,20.90571579537472,99.0,P48
20,2458231.7916435,r,-0.36049373883294056,3.1531430753697007,20.90571579537472,99.0,P48
21,2458242.8117361,r,-0.05603480453173581,5.045797484366226,20.395250449403257,99.0,P48
22,2458245.8358796,r,-8.41862535796388,22.664709191859572,18.76419961153365,99.0,P48
23,2458248.78261575,r,-0.44077597875477226,3.185723592698266,20.894554759628875,99.0,P48
24,2458248.78261575,r,-0.44077597875477226,3.185723592698266,20.894554759628875,99.0,P48
25,2458255.760162,r,-7.456785360034,4.004548839102534,20.64619100254447,99.0,P48
26,2458258.7497222,r,-5.368943308678523,4.2902003342524955,20.57138105821504,99.0,P48
27,2458262.8004051005,r,1.286034257136868,8.443550945194078,19.83626216892872,99.0,P48
28,2458267.8120717998,r,-9.954087919153949,10.228749204369622,19.62801866315219,99.0,P48
29,2458270.8175231004,r,1.6717844328490201,5.648759592838279,20.272692259490967,99.0,P48
30,2458276.6945081,r,4.14800128229118,2.1503139315098645,21.32132031754574,99.0,P48
31,2458276.6945081,r,4.14800128229118,2.1503139315098645,21.32132031754574,99.0,P48
32,2458279.7028588,r,-1.4452299477366717,2.9521179697737354,20.977240718242065,99.0,P48
33,2458279.7028588,r,-1.4452299477366717,2.9521179697737354,20.977240718242065,99.0,P48
34,2458282.70248265,r,1.485206416361606,2.5440814877629156,21.13874744467597,99.0,P48
35,2458282.70248265,r,1.485206416361606,2.5440814877629156,21.13874744467597,99.0,P48
36,2458288.7453183,r,-3.6707595648087135,2.668449460388183,21.086927534625893,99.0,P48
37,2458288.7453183,r,-3.6707595648087135,2.668449460388183,21.086927534625893,99.0,P48
38,2458291.7366898,r,-8.493893186155388,9.356547942347438,19.724785871085828,99.0,P48
39,2458297.7710069,r,11.005170231164097,8.477497688644158,19.831905789056236,99.0,P48
40,2458298.7524884,r,-4.2062020413223085,7.123571795308957,20.020830474858684,99.0,P48
41,2458300.6769907,r,-2.2800591579950833,4.30963866511784,20.566472841788205,99.0,P48
42,2458301.673287,r,-8.277130867601521,5.505666040933646,20.300550327391345,99.0,P48
43,2458303.6766088,r,3.4975368588754465,5.418381860059004,20.31790096754232,99.0,P48
44,2458304.6768519,r,0.06072406982004649,4.41675615112892,20.539816432797146,99.0,P48
45,2458307.6727140998,r,-1.733516625227503,3.5421036854896286,20.779421814573567,99.0,P48
46,2458307.6727140998,r,-1.733516625227503,3.5421036854896286,20.779421814573567,99.0,P48
47,2458311.6705324,r,7.060934592010466,6.945898426384129,20.048253918912636,99.0,P48
48,2458314.6699306,r,-7.318435211110086,6.128981963091973,20.184104130975122,99.0,P48
49,2458323.6649189997,r,2.6108413394039687,9.94337691148294,19.65874023416263,99.0,P48
50,2458336.6952662,r,1.5197050754959849,3.6818367829498184,20.737413658720534,99.0,P48
51,2458336.6952662,r,1.5197050754959849,3.6818367829498184,20.737413658720534,99.0,P48
52,2458364.6371412002,r,3.2130246563425593,9.577993969244421,19.699388591023855,99.0,P48
53,2458448.051999425,r,1.7043203680554702,6.4234677466348185,20.133151119674253,99.0,P48
54,2458448.051999425,r,1.7043203680554702,6.4234677466348185,20.133151119674253,99.0,P48
55,2458448.051999425,r,1.7043203680554702,6.4234677466348185,20.133151119674253,99.0,P48
56,2458448.051999425,r,1.7043203680554702,6.4234677466348185,20.133151119674253,99.0,P48
57,2458448.051999425,r,1.7043203680554702,6.4234677466348185,20.133151119674253,99.0,P48
58,2458448.051999425,r,1.7043203680554702,6.4234677466348185,20.133151119674253,99.0,P48
59,2458448.051999425,r,1.7043203680554702,6.4234677466348185,20.133151119674253,99.0,P48
60,2458448.051999425,r,1.7043203680554702,6.4234677466348185,20.133151119674253,99.0,P48
61,2458450.052362389,r,-3.7837772513082113,3.07811294762665,20.931863609915272,99.0,P48
62,2458450.052362389,r,-3.7837772513082113,3.07811294762665,20.931863609915272,99.0,P48
63,2458450.052362389,r,-3.7837772513082113,3.07811294762665,20.931863609915272,99.0,P48
64,2458450.052362389,r,-3.7837772513082113,3.07811294762665,20.931863609915272,99.0,P48
65,2458450.052362389,r,-3.7837772513082113,3.07811294762665,20.931863609915272,99.0,P48
66,2458450.052362389,r,-3.7837772513082113,3.07811294762665,20.931863609915272,99.0,P48
67,2458450.052362389,r,-3.7837772513082113,3.07811294762665,20.931863609915272,99.0,P48
68,2458450.052362389,r,-3.7837772513082113,3.07811294762665,20.931863609915272,99.0,P48
69,2458450.052362389,r,-3.7837772513082113,3.07811294762665,20.931863609915272,99.0,P48
70,2458451.054645525,r,3.851434807918982,3.0273460578613456,20.949919818475372,99.0,P48
71,2458451.054645525,r,3.851434807918982,3.0273460578613456,20.949919818475372,99.0,P48
72,2458451.054645525,r,3.851434807918982,3.0273460578613456,20.949919818475372,99.0,P48
73,2458451.054645525,r,3.851434807918982,3.0273460578613456,20.949919818475372,99.0,P48
74,2458451.054645525,r,3.851434807918982,3.0273460578613456,20.949919818475372,99.0,P48
75,2458451.054645525,r,3.851434807918982,3.0273460578613456,20.949919818475372,99.0,P48
76,2458451.054645525,r,3.851434807918982,3.0273460578613456,20.949919818475372,99.0,P48
77,2458451.054645525,r,3.851434807918982,3.0273460578613456,20.949919818475372,99.0,P48
78,2458456.0506829,r,161.77314478754732,106.04800833078359,17.088818697860017,99.0,P48
79,2458457.0617901334,r,4.67415640695992,5.011857196008519,20.402578269043545,99.0,P48
80,2458457.0617901334,r,4.67415640695992,5.011857196008519,20.402578269043545,99.0,P48
81,2458457.0617901334,r,4.67415640695992,5.011857196008519,20.402578269043545,99.0,P48
82,2458458.0598302335,r,-9.657156773228474,6.139136721465742,20.1823067255834,99.0,P48
83,2458458.0598302335,r,-9.657156773228474,6.139136721465742,20.1823067255834,99.0,P48
84,2458458.0598302335,r,-9.657156773228474,6.139136721465742,20.1823067255834,99.0,P48
85,2458469.0295718,r,0.4569048009647163,4.895005635249963,20.428191998885325,99.0,P48
86,2458474.9849074,r,23.145459290954623,14.816954754625625,19.225677602379484,99.0,P48
87,2458475.9917072,r,7.969368804275243,6.654841259043868,20.094730737883978,99.0,P48
88,2458475.9917072,r,7.969368804275243,6.654841259043868,20.094730737883978,99.0,P48
89,2458477.018341067,r,3.9706816144983645,4.158357074526777,20.605270541439054,99.0,P48
90,2458477.018341067,r,3.9706816144983645,4.158357074526777,20.605270541439054,99.0,P48
91,2458477.018341067,r,3.9706816144983645,4.158357074526777,20.605270541439054,99.0,P48
92,2458481.0439699,r,1.315547011474844,9.624139809079919,19.694170180816222,99.0,P48
93,2458482.0400463,r,5.038055574008151,5.20234285813484,20.36207756218175,99.0,P48
94,2458482.0400463,r,5.038055574008151,5.20234285813484,20.36207756218175,99.0,P48
95,2458487.0196181,r,3.286040395767266,3.5544410593166424,20.775646696565445,99.0,P48
96,2458492.9974884,r,-2.9691826837832798,4.54897230231067,20.507791757873292,99.0,P48
97,2458494.0059028,r,5.411299677970878,3.562983534334992,20.773040450798536,99.0,P48
98,2458504.0034028,r,51.369448121525785,42.60012405681176,18.079047829600906,99.0,P48
99,2458509.0004359335,r,7.095678049413497,5.119191404218085,20.37957156934681,99.0,P48
100,2458509.0004359335,r,7.095678049413497,5.119191404218085,20.37957156934681,99.0,P48
101,2458509.0004359335,r,7.095678049413497,5.119191404218085,20.37957156934681,99.0,P48
102,2458512.03751735,r,2.400477658665447,6.25353503896538,20.162261020237075,99.0,P48
103,2458512.03751735,r,2.400477658665447,6.25353503896538,20.162261020237075,99.0,P48
104,2458513.023044,r,-9.75203024531274,13.677638644655909,19.312547174814412,99.0,P48
105,2458523.0430324,r,0.7672626183487625,3.255173941392988,20.87113948864381,99.0,P48
106,2458527.0039815,r,1.3577825877039862,7.430812934318501,19.974984168225575,99.0,P48
107,2458534.959838,r,-0.6146650595769496,14.151440196356564,19.27557338818368,99.0,P48
108,2458539.861512333,r,-1.544888563626321,4.8965465031728135,20.427850280620284,99.0,P48
109,2458539.861512333,r,-1.544888563626321,4.8965465031728135,20.427850280620284,99.0,P48
110,2458539.861512333,r,-1.544888563626321,4.8965465031728135,20.427850280620284,99.0,P48
111,2458543.9397222,r,-8.1450364188347,37.854551476871926,18.20727972722817,99.0,P48
112,2458543.9397222,r,-8.1450364188347,37.854551476871926,18.20727972722817,99.0,P48
113,2458560.8781944,r,-2.2736376539742706,5.4492175517024455,20.311739622171814,99.0,P48
114,2458561.8559375,r,-2.2244299383709363,9.922442111624617,19.661028554471294,99.0,P48
115,2458567.8762384,r,2.2662668956653285,5.0422095704458805,20.396022758182575,99.0,P48
116,2458567.8762384,r,2.2662668956653285,5.0422095704458805,20.396022758182575,99.0,P48
117,2458568.8262615995,r,16.66409892253266,9.827309607683988,19.67148839256032,99.0,P48
118,2458568.8262615995,r,16.66409892253266,9.827309607683988,19.67148839256032,99.0,P48
119,2458572.8604089664,r,2.761422432153989,3.895352584497944,20.67620805520933,99.0,P48
120,2458572.8604089664,r,2.761422432153989,3.895352584497944,20.67620805520933,99.0,P48
121,2458572.8604089664,r,2.761422432153989,3.895352584497944,20.67620805520933,99.0,P48
122,2458573.9035764,r,1.2088449515218869,4.847697573214639,20.43873619351526,99.0,P48
123,2458575.901898133,r,1.6241068483361925,2.7122640237341114,21.069245080680425,99.0,P48
124,2458575.901898133,r,1.6241068483361925,2.7122640237341114,21.069245080680425,99.0,P48
125,2458575.901898133,r,1.6241068483361925,2.7122640237341114,21.069245080680425,99.0,P48
126,2458580.869263133,r,22.066151962091016,2.3090563294822655,20.540749110553588,0.1135893856780764,P48
127,2458580.869263133,r,22.066151962091016,2.3090563294822655,20.540749110553588,0.1135893856780764,P48
128,2458580.869263133,r,22.066151962091016,2.3090563294822655,20.540749110553588,0.1135893856780764,P48
129,2458581.8627199,r,42.207173488932376,6.715060478774582,19.836599948557037,0.1727004569879855,P48
130,2458582.7904861,r,132.91684677039026,4.633797973388853,18.591115547733335,0.0378431163718678,P48
131,2458583.7992245,r,205.6767322247613,6.54675853151134,18.11710271314694,0.03455182464776641,P48
132,2458584.8141898,r,303.3464070939707,5.810139378225169,17.695218483720296,0.020791102671968244,P48
133,2458585.8366898,r,363.4189085548954,5.472879198790328,17.49904682291894,0.01634700405080746,P48
134,2458586.8343981,r,353.56482641020875,5.489084678009699,17.52889298804562,0.01685235909486806,P48
135,2458587.8083218,r,380.2957717167346,7.019147731566177,17.44976188034346,0.020035155342958563,P48
136,2458588.8380671,r,389.0032077189927,18.258056579324048,17.425182665954374,0.05094847554874958,P48
137,2458589.7956250003,r,348.55857829069487,16.954692201474504,17.5443761834815,0.05280122060100764,P48
138,2458589.7956250003,r,348.55857829069487,16.954692201474504,17.5443761834815,0.05280122060100764,P48
139,2458593.8153009,r,257.672948315474,8.940267039509218,17.872393555474183,0.03766270357377854,P48
140,2458593.8153009,r,257.672948315474,8.940267039509218,17.872393555474183,0.03766270357377854,P48
141,2458594.836412,r,217.91380043172714,13.060322490056468,18.054353785060798,0.06505774317582963,P48
142,2458596.77529515,r,175.32054918892183,4.556136472520575,18.29048356627015,0.028209392246380166,P48
143,2458596.77529515,r,175.32054918892183,4.556136472520575,18.29048356627015,0.028209392246380166,P48
144,2458597.8527082996,r,144.9149297860756,5.014938354639532,18.497282795428042,0.0375649050929208,P48
145,2458598.818206,r,134.17544887946806,4.167766057910783,18.580882980084382,0.033717867863637514,P48
146,2458599.9799306,r,112.90907086318576,3.9038382052551763,18.768243538338254,0.03753123056817376,P48
147,2458601.8063078998,r,82.42946635220461,3.7576872269175143,19.109859401698905,0.04948436117965803,P48
148,2458606.8038772997,r,48.27629232424042,4.027538350183203,19.690730851328468,0.09055983110220456,P48
149,2458612.7474653,r,29.181923617769183,2.948490862105345,20.237280831331823,0.10967703406866847,P48
150,2458616.7981018997,r,27.858621401180688,5.052760234023933,20.28766656897135,0.1968787742598249,P48
151,2458628.7868287005,r,8.624041505222898,3.848096091678671,20.68946021824243,99.0,P48
152,2458634.76944445,r,5.9889602017105386,2.3744180283079355,21.2136820364327,99.0,P48
153,2458634.76944445,r,5.9889602017105386,2.3744180283079355,21.2136820364327,99.0,P48
154,2458635.7643981003,r,6.949893431475183,2.656118564601613,21.091956345926256,99.0,P48
155,2458636.7258912004,r,6.355122045818025,2.990455709388498,20.963231552636252,99.0,P48
156,2458637.7072222,r,4.281985217141521,2.2845837834498197,21.255557264814797,99.0,P48
157,2458637.7072222,r,4.281985217141521,2.2845837834498197,21.255557264814797,99.0,P48
158,2458639.6689583,r,4.485067164466522,4.248583242611849,20.58196465961862,99.0,P48
159,2458640.73265625,r,6.279535786555142,2.343088487387712,21.228103263763856,99.0,P48
160,2458640.73265625,r,6.279535786555142,2.343088487387712,21.228103263763856,99.0,P48
161,2458641.7765162,r,4.042966890374855,3.308100083444607,20.853628388538027,99.0,P48
162,2458642.7309259,r,4.76991003736318,3.5092503320196147,20.789539114975824,99.0,P48
163,2458643.7352430504,r,5.471623878961289,2.9321098399804533,20.984624400632274,99.0,P48
164,2458643.7352430504,r,5.471623878961289,2.9321098399804533,20.984624400632274,99.0,P48
165,2458648.6905324,r,11.745796155344717,10.990025370545455,19.550078251669206,99.0,P48
166,2458654.6919792006,r,4.057633668671798,3.463123361359289,20.803905084135998,99.0,P48
167,2458660.7138426,r,1.4864272784599,3.4701477367144675,20.801705077489643,99.0,P48
168,2458665.7700579,r,4.844294507356824,4.4195238331093485,20.539136288520808,99.0,P48
169,2458668.6721759,r,4.365489191763583,4.954334183608311,20.415111745141147,99.0,P48
170,2458671.7046181,r,5.348010288350351,5.8358746369770955,20.23731010403901,99.0,P48
171,2458676.708588,r,-0.10273241749617286,8.597851815561976,19.816600099768053,99.0,P48
172,2458677.6921643997,r,1.1514280140233164,6.664877710699936,20.09309452603636,99.0,P48
173,2458678.7063078997,r,-6.458641072375262,6.565249577317919,20.109446888156477,99.0,P48
174,2458679.7004861,r,-8.809661959350723,5.141416241209142,20.3748680763886,99.0,P48
175,2458679.7004861,r,-8.809661959350723,5.141416241209142,20.3748680763886,99.0,P48
176,2458680.7364582997,r,4.429072879945317,9.258439146016098,19.736230548213534,99.0,P48
177,2458681.7351157,r,9.130123568591461,9.56837495360886,19.70047952523184,99.0,P48
178,2458682.7366551002,r,4.416907230592448,5.0633177106392795,20.391487041298994,99.0,P48
179,2458682.7366551002,r,4.416907230592448,5.0633177106392795,20.391487041298994,99.0,P48
180,2458690.6731134,r,-4.507486654626296,4.765619310837097,20.4572766218962,99.0,P48
181,2458716.644838,r,10.929059491365164,7.943103248309583,19.902599469768823,99.0,P48
182,2458812.052735367,r,6.17921529198607,5.964241864220579,20.213686872124345,99.0,P48
183,2458812.052735367,r,6.17921529198607,5.964241864220579,20.213686872124345,99.0,P48
184,2458812.052735367,r,6.17921529198607,5.964241864220579,20.213686872124345,99.0,P48
185,2458835.9840278,r,2.2739094528607544,17.245796593917238,19.060866840422236,99.0,P48
186,2458851.0197222,r,4.8607352572412275,5.900146342424671,20.22541803000404,99.0,P48
187,2458860.0001505003,r,14.05387602125704,6.734532574426244,20.08180634439183,99.0,P48
188,2458872.0406944,r,-2.667546458423997,5.366910558482947,20.328264094980458,99.0,P48
189,2458876.0225579,r,0.5715367850246386,4.370612271636333,20.55121928714177,99.0,P48
190,2458881.0026852,r,1.0706111921426003,4.032691266357562,20.638587552445912,99.0,P48
191,2458882.0241782498,r,1.5609680217310282,2.8314754665171784,21.022542981636924,99.0,P48
192,2458882.0241782498,r,1.5609680217310282,2.8314754665171784,21.022542981636924,99.0,P48
193,2458886.0282407003,r,-0.44077510240154905,4.040884978449818,20.63638376749251,99.0,P48
194,2458887.0467244997,r,3.206385198545672,5.202905861767805,20.361960068896433,99.0,P48
195,2458888.0410647998,r,4.450315342737881,5.87545032425537,20.229972092292385,99.0,P48
196,2458888.9873264,r,11.251297557315844,10.85336229959561,19.563664237718626,99.0,P48
197,2458890.9784259,r,-15.833215923995564,14.424574390157934,19.25481746972619,99.0,P48
198,2458891.9982407,r,-5.483798871572989,7.014478650408372,20.037586494856228,99.0,P48
199,2458895.0019213,r,2.87792145000224,3.837354794180429,20.692495101516425,99.0,P48
200,2458895.0019213,r,2.87792145000224,3.837354794180429,20.692495101516425,99.0,P48
201,2458898.9844444497,r,0.737043932501606,2.1306773158761394,21.33128078362823,99.0,P48
202,2458898.9844444497,r,0.737043932501606,2.1306773158761394,21.33128078362823,99.0,P48
203,2458899.9953819,r,5.205624484835247,3.4573562881052347,20.80571464705476,99.0,P48
204,2458900.9645255003,r,-2.939761869259522,4.626509412249434,20.489441364058802,99.0,P48
205,2458903.9784201,r,1.4420186155559573,2.33558963391315,21.23158364154244,99.0,P48
206,2458903.9784201,r,1.4420186155559573,2.33558963391315,21.23158364154244,99.0,P48
207,2458904.9983102,r,4.542410985326146,2.767864488259668,21.047212929902003,99.0,P48
208,2458904.9983102,r,4.542410985326146,2.767864488259668,21.047212929902003,99.0,P48
209,2458906.9994792,r,5.338744343259777,7.520348379473517,19.961980089882164,99.0,P48
210,2458908.978044,r,-0.2948210470019661,2.6178628625530838,21.10770775871518,99.0,P48
211,2458908.978044,r,-0.2948210470019661,2.6178628625530838,21.10770775871518,99.0,P48
212,2458911.9563309997,r,-1.7932025597275911,3.366143783343945,20.834743332327818,99.0,P48
213,2458911.9563309997,r,-1.7932025597275911,3.366143783343945,20.834743332327818,99.0,P48
214,2458912.9448727,r,3.6884656853008493,3.7895811931709997,20.706096948108517,99.0,P48
215,2458913.9764931,r,6.644249602835457,5.638855936998822,20.274597491013985,99.0,P48
216,2458914.90810185,r,5.878071827334012,8.159275616321253,19.87344598008137,99.0,P48
217,2458914.90810185,r,5.878071827334012,8.159275616321253,19.87344598008137,99.0,P48
218,2458915.9363078997,r,8.195183561388792,8.486427295909394,19.830762751839742,99.0,P48
219,2458939.8931636,r,-0.26530421039386504,8.859046195053546,19.784107573416172,99.0,P48
220,2458939.8931636,r,-0.26530421039386504,8.859046195053546,19.784107573416172,99.0,P48
221,2458939.8931636,r,-0.26530421039386504,8.859046195053546,19.784107573416172,99.0,P48
222,2458940.9092303496,r,4.180442296276659,5.767400458136894,20.250124720169293,99.0,P48
223,2458940.9092303496,r,4.180442296276659,5.767400458136894,20.250124720169293,99.0,P48
224,2458941.9033449,r,3.2003171041608125,3.424676023019405,20.81602625620925,99.0,P48
225,2458941.9033449,r,3.2003171041608125,3.424676023019405,20.81602625620925,99.0,P48
226,2458944.8946528006,r,-1.2806824030871033,6.316514909877618,20.151381175130727,99.0,P48
227,2458944.8946528006,r,-1.2806824030871033,6.316514909877618,20.151381175130727,99.0,P48
228,2458954.9497685004,r,1.8271746808144733,4.298468520547162,20.569290612737916,99.0,P48
229,2458954.9497685004,r,1.8271746808144733,4.298468520547162,20.569290612737916,99.0,P48
230,2458956.8190741,r,0.8212682170317478,2.815620759905071,21.02863959254089,99.0,P48
231,2458956.8190741,r,0.8212682170317478,2.815620759905071,21.02863959254089,99.0,P48
232,2458962.810968367,r,-0.2164003521249302,2.2055688654390906,21.29377343292935,99.0,P48
233,2458962.810968367,r,-0.2164003521249302,2.2055688654390906,21.29377343292935,99.0,P48
234,2458962.810968367,r,-0.2164003521249302,2.2055688654390906,21.29377343292935,99.0,P48
235,2458964.7870949,r,-0.19408401092972344,3.4514245224494573,20.807579038034802,99.0,P48
236,2458965.815189067,r,2.9671833810966164,1.922209599235308,21.44307313485016,99.0,P48
237,2458965.815189067,r,2.9671833810966164,1.922209599235308,21.44307313485016,99.0,P48
238,2458965.815189067,r,2.9671833810966164,1.922209599235308,21.44307313485016,99.0,P48
239,2458966.8399883998,r,14.052552655250599,5.864902125141186,20.231923066899704,99.0,P48
240,2458967.8387731,r,1.724979108924777,3.3673985037721836,20.834338702683134,99.0,P48
241,2458971.7162963,r,4.802132054851104,4.982078207623518,20.409048637364705,99.0,P48
242,2458976.7719329,r,6.03041319119202,12.399837497490912,19.41903500496514,99.0,P48
243,2458991.7487616,r,0.38178472300035704,3.11696842941519,20.918243980420222,99.0,P48
244,2458997.7534954,r,4.311767124004886,3.3990620727964314,20.82417725008623,99.0,P48
245,2459004.7321065,r,0.18017331084722357,13.710977538463576,19.309903940729896,99.0,P48
246,2459009.7010069,r,8.047383359237799,5.533762511827733,20.295023696842186,99.0,P48
247,2459012.7252662,r,-0.7319413571863457,3.4407281523476483,20.81094908688631,99.0,P48
248,2459015.7154514,r,2.7082078508835563,3.6618406124239793,20.743326396653742,99.0,P48
249,2459018.735463,r,2.3352488384572156,3.364853512372839,20.83515958384684,99.0,P48
250,2459021.7362384,r,-1.923948880442033,3.2416167164741445,20.8756708309854,99.0,P48
251,2459024.7320602,r,3.4872456675947436,10.506162335909309,19.598964721615648,99.0,P48
252,2459027.6861806,r,0.9374364366617429,5.364728707874109,20.328705577250453,99.0,P48
253,2459031.7130092997,r,-10.976585256202048,8.927187542086793,19.775788342872247,99.0,P48
254,2459035.7957292004,r,2.725485990003624,14.295061476688813,19.264609920647338,99.0,P48
255,2459037.6917477003,r,6.138101801548038,5.981026076505616,20.210635749448944,99.0,P48
256,2459038.6917477003,r,4.091492604590579,3.718091290627425,20.726774867065004,99.0,P48
257,2459039.7293981,r,0.005631512024881849,3.539909903155493,20.780094467612678,99.0,P48
258,2459040.7037153,r,1.8786076226105006,3.9349636436505064,20.66522317882943,99.0,P48
259,2459041.7502662004,r,-7.232294348539482,4.413932423300767,20.54051078944081,99.0,P48
260,2459043.7367014,r,4.224088278148198,4.610100165888953,20.493299085110856,99.0,P48
261,2459044.7146412004,r,-1.6184794660721893,4.076132391984905,20.626954285751154,99.0,P48
262,2459065.6834375,r,7.599980882944728,9.475013906671801,19.711125349001264,99.0,P48
263,2459070.6908333497,r,10.158398262725225,4.513071546441445,20.51639444287431,99.0,P48
264,2459070.6908333497,r,10.158398262725225,4.513071546441445,20.51639444287431,99.0,P48
265,2459071.69012155,r,1.3587707078819016,5.097139173676519,20.384258759546356,99.0,P48
266,2459071.69012155,r,1.3587707078819016,5.097139173676519,20.384258759546356,99.0,P48
267,2459088.649239,r,4.070325710619015,7.800045226000747,19.92233218713067,99.0,P48
268,2459088.649239,r,4.070325710619015,7.800045226000747,19.92233218713067,99.0,P48
269,2459088.649239,r,4.070325710619015,7.800045226000747,19.92233218713067,99.0,P48
270,2459088.649239,r,4.070325710619015,7.800045226000747,19.92233218713067,99.0,P48
271,2459090.650706025,r,7.137842143257603,6.040558480590782,20.19988225608965,99.0,P48
272,2459090.650706025,r,7.137842143257603,6.040558480590782,20.19988225608965,99.0,P48
273,2459090.650706025,r,7.137842143257603,6.040558480590782,20.19988225608965,99.0,P48
274,2459090.650706025,r,7.137842143257603,6.040558480590782,20.19988225608965,99.0,P48
275,2459092.6458750004,r,1.0396079193995256,4.5085379479885095,20.517485665542633,99.0,P48
276,2459092.6458750004,r,1.0396079193995256,4.5085379479885095,20.517485665542633,99.0,P48
277,2459092.6458750004,r,1.0396079193995256,4.5085379479885095,20.517485665542633,99.0,P48
278,2459092.6458750004,r,1.0396079193995256,4.5085379479885095,20.517485665542633,99.0,P48
279,2459092.6458750004,r,1.0396079193995256,4.5085379479885095,20.517485665542633,99.0,P48
280,2459094.64325692,r,-4.533683177306388,5.4538370401548315,20.310819596298685,99.0,P48
281,2459094.64325692,r,-4.533683177306388,5.4538370401548315,20.310819596298685,99.0,P48
282,2459094.64325692,r,-4.533683177306388,5.4538370401548315,20.310819596298685,99.0,P48
283,2459094.64325692,r,-4.533683177306388,5.4538370401548315,20.310819596298685,99.0,P48
284,2459094.64325692,r,-4.533683177306388,5.4538370401548315,20.310819596298685,99.0,P48
285,2459096.64184492,r,2.7620231000393978,4.565744563067206,20.50379596259807,99.0,P48
286,2459096.64184492,r,2.7620231000393978,4.565744563067206,20.50379596259807,99.0,P48
287,2459096.64184492,r,2.7620231000393978,4.565744563067206,20.50379596259807,99.0,P48
288,2459096.64184492,r,2.7620231000393978,4.565744563067206,20.50379596259807,99.0,P48
289,2459096.64184492,r,2.7620231000393978,4.565744563067206,20.50379596259807,99.0,P48
290,2459098.6474653003,r,0.058268740943459324,6.972709725924961,20.044071024431403,99.0,P48
291,2459098.6474653003,r,0.058268740943459324,6.972709725924961,20.044071024431403,99.0,P48
292,2459106.6412269,r,22.872297315128407,62.701590130786116,17.6593786021442,99.0,P48
293,2458202.8652314497,g,-0.820828361138172,3.6836115374749157,20.736890427765424,99.0,P48
294,2458202.8652314497,g,-0.820828361138172,3.6836115374749157,20.736890427765424,99.0,P48
295,2458205.8557986,g,17.845808608278823,11.115221645263421,19.537779671020225,99.0,P48
296,2458205.8557986,g,17.845808608278823,11.115221645263421,19.537779671020225,99.0,P48
297,2458211.891712975,g,11.056900169155973,9.006388977336423,19.766198239670516,99.0,P48
298,2458211.891712975,g,11.056900169155973,9.006388977336423,19.766198239670516,99.0,P48
299,2458211.891712975,g,11.056900169155973,9.006388977336423,19.766198239670516,99.0,P48
300,2458211.891712975,g,11.056900169155973,9.006388977336423,19.766198239670516,99.0,P48
301,2458214.84930555,g,-73.05612642048894,72.47705212786516,17.502073686933322,99.0,P48
302,2458214.84930555,g,-73.05612642048894,72.47705212786516,17.502073686933322,99.0,P48
303,2458229.8032927997,g,2.7591471515136683,2.8776997224474536,21.004961301892088,99.0,P48
304,2458229.8032927997,g,2.7591471515136683,2.8776997224474536,21.004961301892088,99.0,P48
305,2458232.7524306,g,-11.393709489690778,11.176930263358834,19.531768636085484,99.0,P48
306,2458235.7933950666,g,7.061775666633643,7.394670768439887,19.980277882283993,99.0,P48
307,2458235.7933950666,g,7.061775666633643,7.394670768439887,19.980277882283993,99.0,P48
308,2458235.7933950666,g,7.061775666633643,7.394670768439887,19.980277882283993,99.0,P48
309,2458242.7317477,g,-0.2318058660581804,4.432372703506004,20.5359843100674,99.0,P48
310,2458245.7720832997,g,-131.37726872582238,297.2261787917147,15.969857343833606,99.0,P48
311,2458248.7646759003,g,-1.9941116510613197,2.9736415632368374,20.969353443262932,99.0,P48
312,2458248.7646759003,g,-1.9941116510613197,2.9736415632368374,20.969353443262932,99.0,P48
313,2458255.7121643997,g,-0.6248658009146238,3.4289098966060183,20.814684806498683,99.0,P48
314,2458258.7753588,g,-0.20604201571791786,2.629172059583286,21.103027468281223,99.0,P48
315,2458258.7753588,g,-0.20604201571791786,2.629172059583286,21.103027468281223,99.0,P48
316,2458262.76899885,g,7.198464760535697,6.371759667477995,20.14192652278752,99.0,P48
317,2458262.76899885,g,7.198464760535697,6.371759667477995,20.14192652278752,99.0,P48
318,2458267.7086690003,g,-8.973673494812951,12.017883312752856,19.453005031836092,99.0,P48
319,2458267.7086690003,g,-8.973673494812951,12.017883312752856,19.453005031836092,99.0,P48
320,2458270.7379051005,g,-0.29727455779385026,8.194233230818414,19.868804186585315,99.0,P48
321,2458273.7369849505,g,4.337388966449245,2.2164903712886375,21.288410366635176,99.0,P48
322,2458273.7369849505,g,4.337388966449245,2.2164903712886375,21.288410366635176,99.0,P48
323,2458276.7338889,g,0.2706773982792491,2.0839430970937656,21.355360348651182,99.0,P48
324,2458276.7338889,g,0.2706773982792491,2.0839430970937656,21.355360348651182,99.0,P48
325,2458279.7133912,g,-1.5848442618209255,2.409665382046894,21.19768314290974,99.0,P48
326,2458279.7133912,g,-1.5848442618209255,2.409665382046894,21.19768314290974,99.0,P48
327,2458282.7430093,g,-1.7634482192181562,2.646800148518915,21.095772113307547,99.0,P48
328,2458282.7430093,g,-1.7634482192181562,2.646800148518915,21.095772113307547,99.0,P48
329,2458288.7033102,g,-1.6160865627312626,3.076135018701629,20.932561504809996,99.0,P48
330,2458288.7033102,g,-1.6160865627312626,3.076135018701629,20.932561504809996,99.0,P48
331,2458292.6900810003,g,-12.216502402309223,10.810321033428579,19.56797851075764,99.0,P48
332,2458294.6901968,g,3.860172359157712,8.11278135278615,19.87965056044977,99.0,P48
333,2458295.6722685,g,1.604357575632671,12.897003867554766,19.376352913977556,99.0,P48
334,2458298.6739699,g,-14.801517547556577,13.262861733825876,19.345981883905857,99.0,P48
335,2458300.6923264,g,-1.0454721395471498,2.568342842899489,21.12844249826027,99.0,P48
336,2458301.7554051,g,-3.755941286902032,8.172336306712243,19.87170941329219,99.0,P48
337,2458303.7125578998,g,2.4715135983696364,3.3201983920234808,20.84966490189774,99.0,P48
338,2458304.6932523,g,-1.3923666287483742,3.749987495098633,20.717500440386466,99.0,P48
339,2458307.7293056,g,1.5680036197769534,5.516681205593,20.29838026927471,99.0,P48
340,2458311.7313079,g,1.3241438745562963,4.835929426725957,20.44137510329478,99.0,P48
341,2458313.7374768998,g,4.0196561630945595,6.678403036104676,20.090893427104074,99.0,P48
342,2458314.7314352,g,2.354778677483113,5.774524716376937,20.248784377727517,99.0,P48
343,2458324.7551157,g,32.322449521658854,33.37043544125415,18.34417030496978,99.0,P48
344,2458332.6747917,g,-5.822194500052834,4.510091672991513,20.517111565357666,99.0,P48
345,2458333.6842361,g,5.801867649279479,6.76822919314429,20.0763873470788,99.0,P48
346,2458336.6734028,g,-4.482413990815519,3.6636461108185667,20.7427911980824,99.0,P48
347,2458336.6734028,g,-4.482413990815519,3.6636461108185667,20.7427911980824,99.0,P48
348,2458348.6536111,g,-5.199266093420498,18.417368611652847,18.98950603838869,99.0,P48
349,2458467.0273264,g,34.02593207438196,51.819443538292745,17.86634312662201,99.0,P48
350,2458467.9915393996,g,51.273994406980734,101.4174371405903,17.137293410274047,99.0,P48
351,2458472.0179514,g,7.785378539164549,6.052351170753081,20.19776469214706,99.0,P48
352,2458472.986427467,g,5.940672087337307,9.082849912131215,19.757019644587317,99.0,P48
353,2458472.986427467,g,5.940672087337307,9.082849912131215,19.757019644587317,99.0,P48
354,2458472.986427467,g,5.940672087337307,9.082849912131215,19.757019644587317,99.0,P48
355,2458477.0490162005,g,5.71898124452541,10.353409859417011,19.61486647234905,99.0,P48
356,2458481.03020835,g,-14.34463291064073,8.535284406694295,19.824529996798432,99.0,P48
357,2458481.03020835,g,-14.34463291064073,8.535284406694295,19.824529996798432,99.0,P48
358,2458487.0567477,g,7.509339975543497,5.3378679421038475,20.334155426118073,99.0,P48
359,2458488.0077469335,g,2.305515010266351,2.6387341447734034,21.099085897158552,99.0,P48
360,2458488.0077469335,g,2.305515010266351,2.6387341447734034,21.099085897158552,99.0,P48
361,2458488.0077469335,g,2.305515010266351,2.6387341447734034,21.099085897158552,99.0,P48
362,2458492.0095216,g,4.3786784903076414,3.105709614878878,20.922172872712842,99.0,P48
363,2458492.0095216,g,4.3786784903076414,3.105709614878878,20.922172872712842,99.0,P48
364,2458492.0095216,g,4.3786784903076414,3.105709614878878,20.922172872712842,99.0,P48
365,2458493.0438542003,g,0.22069490602611674,4.461937266173993,20.528766339387893,99.0,P48
366,2458494.0440972,g,3.48543722322689,3.9438414223830662,20.66277637889305,99.0,P48
367,2458495.030347233,g,2.653983993581319,1.8732797180427745,21.471068411535633,99.0,P48
368,2458495.030347233,g,2.653983993581319,1.8732797180427745,21.471068411535633,99.0,P48
369,2458495.030347233,g,2.653983993581319,1.8732797180427745,21.471068411535633,99.0,P48
370,2458502.996346433,g,8.183580404025902,7.686043731465285,19.93831786128252,99.0,P48
371,2458502.996346433,g,8.183580404025902,7.686043731465285,19.93831786128252,99.0,P48
372,2458502.996346433,g,8.183580404025902,7.686043731465285,19.93831786128252,99.0,P48
373,2458505.9889814667,g,-6.701719889329478,10.940643034320145,19.554967868341507,99.0,P48
374,2458505.9889814667,g,-6.701719889329478,10.940643034320145,19.554967868341507,99.0,P48
375,2458505.9889814667,g,-6.701719889329478,10.940643034320145,19.554967868341507,99.0,P48
376,2458507.0224769,g,15.122653687505784,17.768113569913766,19.02847168549728,99.0,P48
377,2458508.0329475333,g,5.442951515293734,7.0892392187153686,20.02607591066696,99.0,P48
378,2458508.0329475333,g,5.442951515293734,7.0892392187153686,20.02607591066696,99.0,P48
379,2458508.0329475333,g,5.442951515293734,7.0892392187153686,20.02607591066696,99.0,P48
380,2458509.0440162,g,-6.663453072988307,9.680926835771839,19.687782644341333,99.0,P48
381,2458510.0385995,g,-2.204568465615954,12.815618080975224,19.383226097919028,99.0,P48
382,2458512.00462385,g,-1.6465880156871873,6.933197621126904,20.050241040825966,99.0,P48
383,2458512.00462385,g,-1.6465880156871873,6.933197621126904,20.050241040825966,99.0,P48
384,2458513.8835994997,g,1.3845175033398642,37.19809994441671,18.226273096762313,99.0,P48
385,2458522.987699625,g,2.1191031567729306,2.1019595735624366,21.34601409140845,99.0,P48
386,2458522.987699625,g,2.1191031567729306,2.1019595735624366,21.34601409140845,99.0,P48
387,2458522.987699625,g,2.1191031567729306,2.1019595735624366,21.34601409140845,99.0,P48
388,2458522.987699625,g,2.1191031567729306,2.1019595735624366,21.34601409140845,99.0,P48
389,2458526.9754784,g,1.8905138455773867,4.454095972149335,20.5306760628674,99.0,P48
390,2458526.9754784,g,1.8905138455773867,4.454095972149335,20.5306760628674,99.0,P48
391,2458526.9754784,g,1.8905138455773867,4.454095972149335,20.5306760628674,99.0,P48
392,2458539.8962847334,g,3.590534141810331,7.175390741397432,20.01296109943854,99.0,P48
393,2458539.8962847334,g,3.590534141810331,7.175390741397432,20.01296109943854,99.0,P48
394,2458539.8962847334,g,3.590534141810331,7.175390741397432,20.01296109943854,99.0,P48
395,2458540.8763889,g,0.22067102896142843,6.584846294677718,20.10621088417755,99.0,P48
396,2458543.9832639,g,1.4739144517407499,3.4446503069785055,20.809712139413012,99.0,P48
397,2458543.9832639,g,1.4739144517407499,3.4446503069785055,20.809712139413012,99.0,P48
398,2458543.9832639,g,1.4739144517407499,3.4446503069785055,20.809712139413012,99.0,P48
399,2458547.8663252,g,-1.4600429066347158,3.353448646622179,20.838845838873063,99.0,P48
400,2458547.8663252,g,-1.4600429066347158,3.353448646622179,20.838845838873063,99.0,P48
401,2458556.9412268996,g,-7.620394516676755,4.905777504093226,20.425805370686525,99.0,P48
402,2458560.789375,g,16.64926774570542,11.616910768758208,19.489848355438408,99.0,P48
403,2458561.8178704,g,-9.6217114441011,20.68607909330546,18.863379536965297,99.0,P48
404,2458562.8151157,g,-17.34459604757388,38.075370560455475,18.20096464239137,99.0,P48
405,2458567.8019965,g,-7.2107989784355135,8.097661861753767,19.88167589477954,99.0,P48
406,2458567.8019965,g,-7.2107989784355135,8.097661861753767,19.88167589477954,99.0,P48
407,2458568.76192705,g,2.1813478604855843,3.819222016174084,20.697637726182457,99.0,P48
408,2458568.76192705,g,2.1813478604855843,3.819222016174084,20.697637726182457,99.0,P48
409,2458572.8501311666,g,-0.6843689714143751,4.05409392348583,20.63284047411164,99.0,P48
410,2458572.8501311666,g,-0.6843689714143751,4.05409392348583,20.63284047411164,99.0,P48
411,2458572.8501311666,g,-0.6843689714143751,4.05409392348583,20.63284047411164,99.0,P48
412,2458574.8571758997,g,-6.2665971285351,9.452161501183285,19.71374715553359,99.0,P48
413,2458575.8535879496,g,2.650046279495459,12.57226440896045,19.404041223793836,99.0,P48
414,2458575.8535879496,g,2.650046279495459,12.57226440896045,19.404041223793836,99.0,P48
415,2458580.9010185,g,16.57656224849382,4.2360565205600595,20.851329450189308,0.27739402682759207,P48
416,2458580.9010185,g,16.57656224849382,4.2360565205600595,20.851329450189308,0.27739402682759207,P48
417,2458581.8150810003,g,63.2398462819863,6.02106304147484,19.39758860824337,0.10335040825965229,P48
418,2458582.8521875,g,195.17988028214674,7.674978503829516,18.173978004078357,0.04268467197471173,P48
419,2458583.8578935,g,286.2539275859119,6.184370457484499,17.758186986819034,0.02345167518997497,P48
420,2458583.8578935,g,286.2539275859119,6.184370457484499,17.758186986819034,0.02345167518997497,P48
421,2458584.7552662003,g,383.2286178058572,8.998904883670725,17.441420790295833,0.02548951408470538,P48
422,2458586.7728819,g,440.3940399414458,10.482806349432833,17.290462040209473,0.025838420278853653,P48
423,2458587.8330787,g,471.68835902613245,9.588540877236102,17.21592772662822,0.02206618188273573,P48
424,2458588.8125694,g,458.62166153566346,24.639218496123434,17.24642921378959,0.05831794248005044,P48
425,2458589.8951505,g,373.5454018693908,35.965283473673466,17.46920713512982,0.10451290529958898,P48
426,2458589.8951505,g,373.5454018693908,35.965283473673466,17.46920713512982,0.10451290529958898,P48
427,2458589.8951505,g,373.5454018693908,35.965283473673466,17.46920713512982,0.10451290529958898,P48
428,2458592.9208681,g,280.5428553970925,23.663949654491883,17.780067589845082,0.09156254331835376,P48
429,2458594.7918403,g,232.52793050610353,18.57608237896702,17.983877806248092,0.0867179154714036,P48
430,2458596.74149305,g,197.3716373938143,4.175436825360945,18.161853762192287,0.022963971590739582,P48
431,2458596.74149305,g,197.3716373938143,4.175436825360945,18.161853762192287,0.022963971590739582,P48
432,2458597.7948148,g,193.59120220058483,6.815440314359506,18.182851580276875,0.03821537537419608,P48
433,2458599.8191087996,g,159.1368852753582,3.002171977538222,18.395638488455983,0.02047833018711447,P48
434,2458600.7352083502,g,139.56337259153653,4.512391235973208,18.538136982877937,0.035096605905222705,P48
435,2458600.7352083502,g,139.56337259153653,4.512391235973208,18.538136982877937,0.035096605905222705,P48
436,2458601.7380207996,g,125.89425592465494,5.300571233467657,18.65005083388976,0.0457031977485347,P48
437,2458606.9082522998,g,66.05200628151049,2.821990999651792,19.350350588459758,0.046376656858332276,P48
438,2458606.9082522998,g,66.05200628151049,2.821990999651792,19.350350588459758,0.046376656858332276,P48
439,2458612.7738889,g,42.00290177402121,3.6759883875578163,19.84186738551886,0.09500023155928718,P48
440,2458616.7311457996,g,26.048206262894972,10.088832786987936,19.642972678992002,99.0,P48
441,2458628.7113773003,g,16.682314676234803,2.9882065693091153,20.844424849847254,0.19443933854130768,P48
442,2458628.7113773003,g,16.682314676234803,2.9882065693091153,20.844424849847254,0.19443933854130768,P48
443,2458633.7499537,g,15.017183060583713,4.700220772507755,20.958594435082357,0.33975011345162703,P48
444,2458634.73677085,g,11.089477140396978,3.1498232268293753,21.287787947259535,0.3083223013525135,P48
445,2458634.73677085,g,11.089477140396978,3.1498232268293753,21.287787947259535,0.3083223013525135,P48
446,2458635.6901389,g,10.440316163265166,5.189068208827209,20.36485154063492,99.0,P48
447,2458637.7320775003,g,10.105750416618354,2.7336193728330582,21.38864420180137,0.2936292414594615,P48
448,2458637.7320775003,g,10.105750416618354,2.7336193728330582,21.38864420180137,0.2936292414594615,P48
449,2458638.7084954,g,6.70138187107411,4.371801241000724,20.55092396661241,99.0,P48
450,2458639.7335764,g,7.318870453057313,4.654539384676847,20.482883215496493,99.0,P48
451,2458640.6924016,g,7.699344538208217,2.9247353371194005,20.987358558267495,99.0,P48
452,2458640.6924016,g,7.699344538208217,2.9247353371194005,20.987358558267495,99.0,P48
453,2458641.6824306,g,5.869429177134056,7.105041745816267,20.023658404217493,99.0,P48
454,2458642.6928819,g,6.882344405786723,4.761692502746412,20.45817162313853,99.0,P48
455,2458643.6934028,g,8.211371540857959,4.431646424668101,20.536162230990044,99.0,P48
456,2458643.6934028,g,8.211371540857959,4.431646424668101,20.536162230990044,99.0,P48
457,2458651.6924653,g,-0.9669776320998141,16.691354015704256,19.09634606811838,99.0,P48
458,2458654.7410532003,g,-5.369327246658056,6.592163435186962,20.10500507415758,99.0,P48
459,2458657.6922222,g,-2.291386867280751,5.515186430740429,20.298674495282278,99.0,P48
460,2458665.6928819,g,1.3506412147979947,4.448354727232832,20.53207645890236,99.0,P48
461,2458668.7067707996,g,-1.3821054129279713,4.625456019923842,20.48968859935146,99.0,P48
462,2458675.8012731,g,9.086490931465525,16.676499362485995,19.09731276116218,99.0,P48
463,2458677.686088,g,-9.469750262787123,10.42802188423571,19.607070154391984,99.0,P48
464,2458678.7589873,g,0.8125735637828125,9.09100975313584,19.75604467993343,99.0,P48
465,2458678.7589873,g,0.8125735637828125,9.09100975313584,19.75604467993343,99.0,P48
466,2458679.6712384503,g,-4.1930695032080765,8.129427084381971,19.877425138969002,99.0,P48
467,2458679.6712384503,g,-4.1930695032080765,8.129427084381971,19.877425138969002,99.0,P48
468,2458680.6713773,g,-4.821301634670383,15.464092894892028,19.17926386442528,99.0,P48
469,2458682.6683449,g,-5.100358158087279,6.612882516819208,20.101597971206274,99.0,P48
470,2458682.6683449,g,-5.100358158087279,6.612882516819208,20.101597971206274,99.0,P48
471,2458683.6923611,g,6.651633655955987,6.757215146875106,20.078155621915172,99.0,P48
472,2458685.6869618,g,0.45185191639178884,3.5324309643879257,20.782390781597563,99.0,P48
473,2458685.6869618,g,0.45185191639178884,3.5324309643879257,20.782390781597563,99.0,P48
474,2458686.6700926004,g,8.350974838174759,7.509374424045316,19.96356559122386,99.0,P48
475,2458690.6970718,g,1.5663851015377988,5.985050488552736,20.209905443236472,99.0,P48
476,2458693.7497222,g,8.578388718730308,9.980526879160562,19.65469131763688,99.0,P48
477,2458716.6508102003,g,-0.6625487954541333,8.061899642491802,19.886481520179053,99.0,P48
478,2458720.6541435,g,-1.8942196225083054,9.66475187566869,19.689598217126218,99.0,P48
479,2458831.0676505,g,-9.678242280050984,14.429987129303894,19.25441012983834,99.0,P48
480,2458836.0479282,g,-2.213656751212419,12.65947205994444,19.396536002648894,99.0,P48
481,2458851.0597337997,g,4.034217606196848,5.655871956924444,20.27132606685131,99.0,P48
482,2458851.0597337997,g,4.034217606196848,5.655871956924444,20.27132606685131,99.0,P48
483,2458854.0238079,g,3.494782179780678,5.023468580291433,20.40006576347865,99.0,P48
484,2458863.9195948998,g,-15.144610511780854,15.684245469917334,19.16391591239055,99.0,P48
485,2458871.9597106003,g,-1.7241236335230494,6.4887422270748445,20.12217368505549,99.0,P48
486,2458872.9412037004,g,0.9911802033485788,5.999326496300368,20.20731874460006,99.0,P48
487,2458875.9598843,g,1.1793543679327099,6.071774349292958,20.19428593136411,99.0,P48
488,2458879.0017244997,g,11.50464938650475,6.614839376405561,20.10127673171648,99.0,P48
489,2458880.9805324,g,1.245298435805512,4.955756267586552,20.414800141916214,99.0,P48
490,2458882.0023148004,g,2.728448152084677,3.439113769221986,20.81145863180319,99.0,P48
491,2458882.0023148004,g,2.728448152084677,3.439113769221986,20.81145863180319,99.0,P48
492,2458883.9992130003,g,5.765350787309514,7.969698749252939,19.898970225195953,99.0,P48
493,2458884.9622222,g,3.934895347196541,8.088854897453837,19.882857377007035,99.0,P48
494,2458891.9598032003,g,13.699299916407849,13.188423087001203,19.352092811809378,99.0,P48
495,2458895.0448727002,g,1.2259804102540537,5.938387891894994,20.218403584063264,99.0,P48
496,2458895.0448727002,g,1.2259804102540537,5.938387891894994,20.218403584063264,99.0,P48
497,2458898.9413542002,g,3.069066133084863,2.514586049917462,21.151408734400924,99.0,P48
498,2458898.9413542002,g,3.069066133084863,2.514586049917462,21.151408734400924,99.0,P48
499,2458900.0268981005,g,-0.16273393398026173,4.88694151683702,20.42998213476885,99.0,P48
500,2458901.0265278,g,34.582857542463145,127.91435553311702,16.88527677145509,99.0,P48
501,2458904.9423264,g,-1.6530955978896398,4.975889656645786,20.410398136541268,99.0,P48
502,2458904.9423264,g,-1.6530955978896398,4.975889656645786,20.410398136541268,99.0,P48
503,2458907.0418403,g,4.637555376542915,7.326721027859895,19.99030085000385,99.0,P48
504,2458911.93350695,g,3.0306254821072156,4.011349750583697,20.644348664468566,99.0,P48
505,2458911.93350695,g,3.0306254821072156,4.011349750583697,20.644348664468566,99.0,P48
506,2458913.0052198996,g,3.9375239001032436,4.666522298544776,20.480091625646658,99.0,P48
507,2458914.0047569,g,0.9971030522852425,5.274398460327637,20.34714264926272,99.0,P48
508,2458914.9768634,g,-3.810073381028262,7.021537422753839,20.036494452028293,99.0,P48
509,2458914.9768634,g,-3.810073381028262,7.021537422753839,20.036494452028293,99.0,P48
510,2458915.9778009,g,6.297259197933205,9.67032501211342,19.68897231258859,99.0,P48
511,2458936.8005208503,g,2.934949783875843,3.31015907405015,20.85295282698487,99.0,P48
512,2458936.8005208503,g,2.934949783875843,3.31015907405015,20.85295282698487,99.0,P48
513,2458937.88769095,g,-1.8535738747757862,2.822537270931264,21.025975775685232,99.0,P48
514,2458937.88769095,g,-1.8535738747757862,2.822537270931264,21.025975775685232,99.0,P48
515,2458939.8540046,g,3.8650556839867023,10.573331990429121,19.592045317243034,99.0,P48
516,2458939.8540046,g,3.8650556839867023,10.573331990429121,19.592045317243034,99.0,P48
517,2458940.8805266004,g,1.159035389619363,4.592507777764262,20.49745023793622,99.0,P48
518,2458940.8805266004,g,1.159035389619363,4.592507777764262,20.49745023793622,99.0,P48
519,2458941.9579861,g,-1.336145118320965,5.7692271609011785,20.24978089051498,99.0,P48
520,2458943.9106829,g,-2.0199428261056895,6.500268636219129,20.12024672646942,99.0,P48
521,2458943.9106829,g,-2.0199428261056895,6.500268636219129,20.12024672646942,99.0,P48
522,2458944.94131945,g,1.1756832890483198,8.957116785662116,19.772154397366688,99.0,P48
523,2458944.94131945,g,1.1756832890483198,8.957116785662116,19.772154397366688,99.0,P48
524,2458954.87939815,g,2.891676789338173,3.7781511395694465,20.70937667099207,99.0,P48
525,2458954.87939815,g,2.891676789338173,3.7781511395694465,20.70937667099207,99.0,P48
526,2458955.8335417,g,-0.5289179140735146,4.914765440102783,20.4238179998636,99.0,P48
527,2458956.86113425,g,2.3252297952985477,7.584312874746932,19.952784387665965,99.0,P48
528,2458956.86113425,g,2.3252297952985477,7.584312874746932,19.952784387665965,99.0,P48
529,2458962.8386052996,g,-0.8932539146513894,3.6074307725985144,20.759579975066245,99.0,P48
530,2458962.8386052996,g,-0.8932539146513894,3.6074307725985144,20.759579975066245,99.0,P48
531,2458963.8254977,g,4.996523003812372,2.673356358514963,21.084932853939847,99.0,P48
532,2458963.8254977,g,4.996523003812372,2.673356358514963,21.084932853939847,99.0,P48
533,2458963.8254977,g,4.996523003812372,2.673356358514963,21.084932853939847,99.0,P48
534,2458964.8413542,g,1.8892380259390644,4.197948350451709,20.59498226184069,99.0,P48
535,2458965.7552951,g,1.3778007871835012,3.0544434298211742,20.940244773808764,99.0,P48
536,2458965.7552951,g,1.3778007871835012,3.0544434298211742,20.940244773808764,99.0,P48
537,2458966.7677546,g,-4.087659604791353,7.389369237628914,19.981056568514074,99.0,P48
538,2458967.7731133997,g,0.3075021868700581,5.249983974754509,20.3521800447814,99.0,P48
539,2458968.7936111,g,1.25003580082052,3.0155865135869147,20.954145508216598,99.0,P48
540,2458968.7936111,g,1.25003580082052,3.0155865135869147,20.954145508216598,99.0,P48
541,2458971.7936457996,g,-0.12941605902162667,7.04765164208069,20.03246391610864,99.0,P48
542,2458976.7058681,g,6.238040267015344,24.34494795606779,18.68655286300844,99.0,P48
543,2458979.7677777503,g,9.724458942645768,5.737168269671875,20.25583101962281,99.0,P48
544,2458979.7677777503,g,9.724458942645768,5.737168269671875,20.25583101962281,99.0,P48
545,2458985.794919,g,1.1600548447323784,4.327382515888742,20.562011774044308,99.0,P48
546,2458991.797419,g,2.7026112396728834,4.254231282073672,20.580522247388238,99.0,P48
547,2458994.7534028,g,-0.041049788798382995,4.1326386421814,20.612006408551643,99.0,P48
548,2458997.7128009,g,-1.6376690843434603,4.8238802939548515,20.444083683866978,99.0,P48
549,2459000.7580903,g,1.5423707694648534,7.867030154341652,19.913047952100197,99.0,P48
550,2459004.6893866,g,2.897558708360832,15.443683227086485,19.180697776615986,99.0,P48
551,2459009.7562153,g,3.543730818823211,7.131628939170589,20.019603142618053,99.0,P48
552,2459012.6974306,g,-1.4171950765756562,3.9017366046407687,20.674430119063743,99.0,P48
553,2459018.7031829,g,2.06152104996549,3.95252156976247,20.660389367536588,99.0,P48
554,2459024.7025231,g,1.201250512534832,4.246637687478862,20.58246196503317,99.0,P48
555,2459027.7132407003,g,-5.0756770060379655,7.790320527303292,19.923686672200823,99.0,P48
556,2459031.6727546,g,3.068015668673091,12.702205790628485,19.392877127810166,99.0,P48
557,2459035.7068518996,g,10.015912476004889,14.381166413532673,19.258089709644807,99.0,P48
558,2459036.6928588,g,5.851449497924106,9.054643476463411,19.760396602190443,99.0,P48
559,2459037.7254861,g,0.1845297429984359,11.518257194767383,19.499108059661264,99.0,P48
560,2459038.7334375,g,6.790495572105472,7.354564395665771,19.986182601790354,99.0,P48
561,2459040.7129745,g,-1.0034672800201967,4.793564018076279,20.450928659781326,99.0,P48
562,2459041.6922569,g,0.11994633422941972,5.27075775994377,20.347892347094017,99.0,P48
563,2459045.7329398,g,2.53237150829273,4.680872708842042,20.476757911335554,99.0,P48
564,2459056.7710647997,g,-10.422933382350893,9.676428607706677,19.68828724727326,99.0,P48
565,2459065.6941667004,g,10.886264535226179,17.500117129736825,19.04497260049734,99.0,P48
566,2459070.6953819497,g,2.3687541660436895,5.59284245632243,20.28349352429789,99.0,P48
567,2459070.6953819497,g,2.3687541660436895,5.59284245632243,20.28349352429789,99.0,P48
568,2459071.69462385,g,1.711219905665683,6.91213546802375,20.053544386389014,99.0,P48
569,2459071.69462385,g,1.711219905665683,6.91213546802375,20.053544386389014,99.0,P48
570,2458214.8912095,i,9.582158271314048,49.192644506177835,17.922824564009368,99.0,P48
571,2458214.8912095,i,9.582158271314048,49.192644506177835,17.922824564009368,99.0,P48
572,2458232.8247454,i,-4.410396078382983,2.3553050961923767,21.222457059743334,99.0,P48
573,2458232.8247454,i,-4.410396078382983,2.3553050961923767,21.222457059743334,99.0,P48
574,2458243.8362847,i,-0.7765539657205687,2.7958445606503295,21.036292432999772,99.0,P48
575,2458247.6533681,i,-1.6675696279258776,4.02298436948676,20.641204126137737,99.0,P48
576,2458249.7964352,i,14.887828156507355,10.492341315470394,19.600393964831575,99.0,P48
577,2458254.65707755,i,2.2653694520871377,3.6175313795673554,20.75654422163538,99.0,P48
578,2458254.65707755,i,2.2653694520871377,3.6175313795673554,20.75654422163538,99.0,P48
579,2458261.6824112665,i,-2.439227332205291,2.7750053463007323,21.044415428741438,99.0,P48
580,2458261.6824112665,i,-2.439227332205291,2.7750053463007323,21.044415428741438,99.0,P48
581,2458261.6824112665,i,-2.439227332205291,2.7750053463007323,21.044415428741438,99.0,P48
582,2458267.7331018997,i,11.92447397185485,10.432994957058712,19.60655249551119,99.0,P48
583,2458272.83796875,i,3.8934404289991376,3.692045357060345,20.7344074198408,99.0,P48
584,2458272.83796875,i,3.8934404289991376,3.692045357060345,20.7344074198408,99.0,P48
585,2458280.8851736,i,-3.8275300102862313,4.057335094746808,20.63197279539233,99.0,P48
586,2458281.6847337997,i,-6.70078296149807,5.204377374217212,20.36165303884517,99.0,P48
587,2458286.6724421,i,4.800806327685487,8.967932035222534,19.77084421857125,99.0,P48
588,2458288.671794,i,-0.595716624635192,4.32941875588981,20.56150100350399,99.0,P48
589,2458292.6730092997,i,7.142488315545025,12.924111165250034,19.37407327692116,99.0,P48
590,2458299.7978009,i,-8.301372824416253,10.195725455253289,19.63152965786564,99.0,P48
591,2458539.9208912,i,-517.043043016411,271.79600976043974,16.06696729775433,99.0,P48
592,2458547.9400057998,i,-0.551512958080635,2.239777211195376,21.27706293524468,99.0,P48
593,2458547.9400057998,i,-0.551512958080635,2.239777211195376,21.27706293524468,99.0,P48
594,2458556.9026852003,i,-0.9178736168096245,3.5997365186308214,20.76189820438923,99.0,P48
595,2458560.7960647997,i,7.148222199475334,4.05021581909621,20.633879575231113,99.0,P48
596,2458568.85899305,i,64.59350120022665,65.46278257012511,17.612588835295256,99.0,P48
597,2458568.85899305,i,64.59350120022665,65.46278257012511,17.612588835295256,99.0,P48
598,2458573.8492419,i,-1.054107725424455,2.885838068417689,21.001895093927466,99.0,P48
599,2458573.8492419,i,-1.054107725424455,2.885838068417689,21.001895093927466,99.0,P48
600,2458581.8784954,i,58.60865473255899,6.920398669200363,19.48016123987116,0.12817377893582302,P48
601,2458587.8386806,i,307.60177078476227,8.07904428450156,17.680093544134973,0.02851024735147875,P48
602,2458594.7979977,i,209.67589534736948,14.922124391583292,18.09619435679294,0.07725239947218794,P48
603,2458600.6836227,i,101.16568590364865,7.895117604301417,18.88748254630356,0.08471400241017983,P48
604,2458607.773669,i,46.304497195333695,5.910107426631782,19.73600769051114,0.13854856439852042,P48
605,2458612.8176736,i,29.4604108433035,5.632737223924753,20.226968624660007,0.20754416118267197,P48
606,2458616.8313426003,i,12.997681991846074,6.966948546810386,20.044968481310267,99.0,P48
607,2458627.9229861,i,4.951231597008989,3.3153631202905425,20.85124723385254,99.0,P48
608,2458635.6875347,i,1.8453013122965634,6.786170963886484,20.07351299760942,99.0,P48
609,2458639.666412,i,12.337987748954857,10.842950389213593,19.564706312387475,99.0,P48
610,2458641.7554514,i,9.454945940486121,7.656703470841521,19.94247041905177,99.0,P48
611,2458645.7670718,i,3.233628715840955,9.731407424238235,19.682135850365338,99.0,P48
612,2458649.8250116003,i,2.103127766704033,15.811041456339254,19.155173795694907,99.0,P48
613,2458653.737338,i,-13.002427454276651,9.778138587588522,19.676934518366686,99.0,P48
614,2458657.6701389,i,3.748278178893832,9.374192255163855,19.722740348624114,99.0,P48
615,2458954.824103,i,6.905671439474143,3.4840367455402776,20.79736817218626,99.0,P48
616,2458954.824103,i,6.905671439474143,3.4840367455402776,20.79736817218626,99.0,P48
617,2458955.8721181,i,3.4761867328207385,6.651906372611102,20.095209669715675,99.0,P48
618,2458964.7936573997,i,5.283726984283934,5.8511436119842894,20.234473094965495,99.0,P48
619,2458966.7905208,i,-3.5923888797259207,21.77893052617436,18.807483615347117,99.0,P48
620,2458967.8109259,i,4.66127971006154,4.858030085610187,20.43642448904006,99.0,P48
621,2458968.82984955,i,1.197341091576201,3.4396324389214814,20.811294898920753,99.0,P48
622,2458968.82984955,i,1.197341091576201,3.4396324389214814,20.811294898920753,99.0,P48
623,2458972.8273264,i,-2.263375327218392,6.701698324943383,20.087112803420325,99.0,P48
624,2458977.7854514,i,6.561759636543472,39.82174612523851,18.152274240945438,99.0,P48
625,2458981.8369213,i,2.0297343917615556,9.022176607524228,19.764296678951986,99.0,P48
626,2459011.7112963,i,9.688831051172516,6.150572028492598,20.180286217093354,99.0,P48
627,2459020.7936227,i,5.100929249810246,6.318506827694251,20.15103884136142,99.0,P48
628,2459024.8085417002,i,19.44559327612468,12.2700851265386,19.430456049771593,99.0,P48
629,2459028.7729282,i,7.960936296161148,10.692145912670691,19.57991279711478,99.0,P48
630,2459033.7518403,i,3.9238999996343873,8.915445797304345,19.777217329167613,99.0,P48
631,2459037.7746991003,i,8.675127429419867,8.934455109084734,19.774904811474862,99.0,P48
632,2459043.6864583,i,-1.6654215160801487,5.647535873591076,20.27292749347547,99.0,P48
633,2459049.7420486,i,3.673595667732815,5.858419582496155,20.233123807123587,99.0,P48
634,2459059.6901852,i,-4.803753131073469,8.37204350397008,19.84549629812608,99.0,P48
635,2459063.6901042005,i,16.033344946692353,9.433771242784264,19.715861636818705,99.0,P48
636,2459070.6999190003,i,13.622772988300614,5.789018072812239,20.246062725663407,99.0,P48
637,2459070.6999190003,i,13.622772988300614,5.789018072812239,20.246062725663407,99.0,P48
638,2459071.69913775,i,2.3035134889981927,6.043940954698412,20.199274456864554,99.0,P48
639,2459071.69913775,i,2.3035134889981927,6.043940954698412,20.199274456864554,99.0,P48
640,2459075.6499306,i,21.410549264252992,17.83788980169645,19.024216297591654,99.0,P48
641,2459081.6487153,i,-3.4776558855410817,11.256788297463014,19.524038742811882,99.0,P48
642,2459085.6487731,i,5.755728090449035,12.542786302853527,19.40658993150798,99.0,P48
643,2459091.645463,i,8.263086883511592,10.972386669222455,19.551822229581482,99.0,P48
644,2458583.5829,g,274.68786609021066,5.060106218848865,17.802901311099614,0.02,LT+IOO
645,2458583.5836,r,202.48019818661658,5.594921198856495,18.13404360691076,0.03,LT+IOO
646,2458583.5843,i,159.8223863209354,2.944135328745241,18.390905972837885,0.02,LT+IOO
647,2458583.585,z,133.85886444793664,4.931707265282735,18.58338215881402,0.04,LT+IOO
648,2458584.5545,g,362.1091304730992,13.341038241617358,17.502901311099617,0.04,LT+IOO
649,2458584.5553,r,279.5004794704786,5.148760789729733,17.78404360691076,0.02,LT+IOO
650,2458584.556,i,216.589605798809,5.984791539066288,18.060905972837883,0.03,LT+IOO
651,2458584.5567,z,163.92573381816788,7.549310758872979,18.363382158814016,0.05,LT+IOO
652,2458585.5554,g,423.4864075710254,3.900584024786086,17.332901311099615,0.01,LT+IOO
653,2458585.5561,r,329.9001835935582,9.115782912228742,17.60404360691076,0.03,LT+IOO
654,2458585.5568,i,253.30141208294057,9.332280080425184,17.890905972837885,0.04,LT+IOO
655,2458585.5575,z,210.20698175936695,13.552996889707734,18.093382158814016,0.07,LT+IOO
656,2458586.4958,g,443.4447070791393,16.337651545699153,17.282901311099614,0.04,LT+IOO
657,2458586.4966,r,351.8702562140395,3.2409528987200833,17.53404360691076,0.01,LT+IOO
658,2458586.4972,i,275.19314458529203,5.069414103072525,17.800905972837885,0.02,LT+IOO
659,2458586.4979,z,222.1504188822549,6.138447606583445,18.033382158814018,0.03,LT+IOO
660,2458587.4366,g,431.3596077098218,7.946202592057138,17.312901311099615,0.02,LT+IOO
661,2458587.4373,r,351.8702562140395,6.481905797440167,17.53404360691076,0.02,LT+IOO
662,2458587.438,i,280.30936712611077,7.7454923218046625,17.780905972837882,0.03,LT+IOO
663,2458587.4387,z,232.62004557307498,4.285162486378833,17.983382158814017,0.02,LT+IOO
664,2458588.47,g,423.4864075710254,3.900584024786086,17.332901311099615,0.01,LT+IOO
665,2458588.4708,r,361.72835821397103,9.99525720403346,17.50404360691076,0.03,LT+IOO
666,2458588.4715,i,277.7394754012246,5.116320814243798,17.790905972837884,0.02,LT+IOO
667,2458588.4721,z,228.37425124658137,6.310424184763232,18.003382158814016,0.03,LT+IOO
668,2458589.0144,r,351.8702562140395,19.4457173923205,17.53404360691076,0.06,P60+SEDM
669,2458596.8318,r,169.97402444018186,4.696712474169158,18.32404360691076,0.03,P60+SEDM
670,2458600.5466,z,120.96149241144296,6.684802012237798,18.693382158814018,0.06,LT+IOO
671,2458601.8211,r,87.57548622642138,2.4198808020564067,19.04404360691076,0.03,P60+SEDM
672,2458604.4729,g,74.96170837671349,2.76178348997747,19.212901311099614,0.04,LT+IOO
673,2458604.4736,r,47.24790509108151,2.611102795859713,19.71404360691076,0.06,LT+IOO
674,2458604.4743,i,44.42604077412557,1.6367704070784035,19.780905972837882,0.04,LT+IOO
675,2458604.475,z,52.80160652899361,6.322380813087564,19.593382158814016,0.13,LT+IOO
676,2458608.4602,g,48.17696924281409,1.7749643268974518,19.692901311099615,0.04,LT+IOO
677,2458608.4609,r,30.930187821519375,4.843079975737583,20.174043606910757,0.17,LT+IOO
678,2458608.4616,i,22.889568772186504,7.5897989849747995,20.500905972837884,0.36,LT+IOO
679,2458608.4623,z,32.11050505402781,2.9575854337319525,20.13338215881402,0.1,LT+IOO
680,2458634.455,g,8.069367142179612,0.4459445781806914,21.632901311099616,0.06,NOT+ALFOSC
681,2458634.455,i,6.076277657386809,0.2798322583304232,21.940905972837882,0.05,NOT+ALFOSC
682,2458634.455,r,6.766787793747174,0.4362854799321195,21.82404360691076,0.07,NOT+ALFOSC
683,2458585.0,UVW2,0,0,18.41,0.080,Swift+UVOT
684,2458586.0,UVW2,0,0,18.34,0.08,Swift+UVOT


