,JD,Filter,Flux,eFlux,Mag,eMag,Telescope
0,2458199.7649942,r,-10.867686219377816,7.400253397276725,19.979458511739658,99.0,P48
1,2458199.7649942,r,-10.867686219377816,7.400253397276725,19.979458511739658,99.0,P48
2,2458216.7109954,r,-7.3858396364122765,11.087842364463189,19.540457381761374,99.0,P48
3,2458219.6799074,r,2.902196899366232,4.994561645947452,20.406331544591858,99.0,P48
4,2458219.6799074,r,2.902196899366232,4.994561645947452,20.406331544591858,99.0,P48
5,2458223.6795428,r,-2.074902477104437,3.3627640877283556,20.83583398723639,99.0,P48
6,2458223.6795428,r,-2.074902477104437,3.3627640877283556,20.83583398723639,99.0,P48
7,2458226.7578356,r,-4.430221708179992,5.755285017941083,20.25240789919591,99.0,P48
8,2458229.6809606003,r,-10.256927395610829,6.931485258424839,20.050509229317097,99.0,P48
9,2458232.6989931,r,-28.481187848450958,25.832853032907373,18.6221440561866,99.0,P48
10,2458247.7526852,r,5.624615104742621,5.322537661787624,20.337278131287214,99.0,P48
11,2458250.7359606004,r,8.744169315642814,7.792543579105035,19.923376889887884,99.0,P48
12,2458258.6980787003,r,5.47022635798079,5.936254804589535,20.21879365392887,99.0,P48
13,2458280.6837153,r,-1.4962957605853047,6.277041867732712,20.158187425672157,99.0,P48
14,2458283.7052893997,r,-12.35719439793725,5.5553305305563265,20.290800230010834,99.0,P48
15,2458362.0116898,r,-8.312401294320152,9.87213068539115,19.666547749572224,99.0,P48
16,2458365.0066898,r,-0.21848334009887577,6.741529358377757,20.08067891378584,99.0,P48
17,2458368.0092014,r,2.5381584168539653,4.38813510416516,20.546875013182813,99.0,P48
18,2458371.0070832996,r,3.2866659656944104,4.433854169824645,20.535621476664595,99.0,P48
19,2458373.9873957997,r,0.9356973643396435,4.614076369656261,20.492363043039582,99.0,P48
20,2458377.0162037,r,8.522682819095543,4.944325181707103,20.417307424180123,99.0,P48
21,2458380.0175116,r,-3.4131735571241655,4.802575337839752,20.448889523284265,99.0,P48
22,2458383.0267707994,r,0.2825403424325856,7.642853702013848,19.94443612294519,99.0,P48
23,2458387.9663079,r,11.966433240789177,16.85399479088674,19.0858178507685,99.0,P48
24,2458389.01436345,r,5.679195765575569,4.90973250649329,20.424930410644016,99.0,P48
25,2458389.01436345,r,5.679195765575569,4.90973250649329,20.424930410644016,99.0,P48
26,2458389.9910301003,r,-5.555564226400207,6.185793976987157,20.174086360737128,99.0,P48
27,2458391.0113079,r,-6.982579787247586,6.377869042781434,20.14088599515902,99.0,P48
28,2458397.9507639,r,-4.785383059704496,4.315231438495856,20.565064756258874,99.0,P48
29,2458423.0289120004,r,-0.7674022863181567,4.8165000289550415,20.445746071077444,99.0,P48
30,2458423.0289120004,r,-0.7674022863181567,4.8165000289550415,20.445746071077444,99.0,P48
31,2458423.8855556,r,-1.7801475905558675,6.176855429223854,20.17565639743345,99.0,P48
32,2458424.8416087995,r,1.151414379924321,14.35393238682882,19.26014774868985,99.0,P48
33,2458425.9689004505,r,5.775163601430858,4.257933891362927,20.579577703402293,99.0,P48
34,2458425.9689004505,r,5.775163601430858,4.257933891362927,20.579577703402293,99.0,P48
35,2458426.9263889,r,5.567422175715332,4.75341171742495,20.460061408155934,99.0,P48
36,2458427.9506481,r,-7.215013734779904,6.909105325714556,20.054020455840735,99.0,P48
37,2458429.0112962998,r,-1.7778391086485024,4.728576670794112,20.465748901080328,99.0,P48
38,2458429.9095544,r,3.3356601370028898,2.770619655919381,21.046132711760283,99.0,P48
39,2458429.9095544,r,3.3356601370028898,2.770619655919381,21.046132711760283,99.0,P48
40,2458430.9455903,r,-3.9254892349391226,3.9543648586150066,20.659883144133126,99.0,P48
41,2458431.8855439997,r,5.869913992543622,13.958386702520444,19.290486924581337,99.0,P48
42,2458432.9106134,r,6.4458891018707485,4.202159902548347,20.593893553258617,99.0,P48
43,2458432.9106134,r,6.4458891018707485,4.202159902548347,20.593893553258617,99.0,P48
44,2458434.8650347,r,2.0397464700688053,9.20689537828198,19.742291968875726,99.0,P48
45,2458435.8568460504,r,14.309214067125925,7.937505653014905,19.903364870158754,99.0,P48
46,2458435.8568460504,r,14.309214067125925,7.937505653014905,19.903364870158754,99.0,P48
47,2458437.8396875,r,-1.6986085935283957,7.234786276619559,20.004010723865697,99.0,P48
48,2458439.03002315,r,-0.5726226123981656,3.1899059065393285,20.893130307279883,99.0,P48
49,2458439.03002315,r,-0.5726226123981656,3.1899059065393285,20.893130307279883,99.0,P48
50,2458441.90198495,r,-2.544513904578291,8.173303629485341,19.871580907175357,99.0,P48
51,2458441.90198495,r,-2.544513904578291,8.173303629485341,19.871580907175357,99.0,P48
52,2458443.0319907,r,-5.103310890350551,5.417369660319462,20.31810381123153,99.0,P48
53,2458443.9078472,r,-7.64559675908331,6.806762356362505,20.07022351815824,99.0,P48
54,2458447.88874425,r,8.964469098997634,9.159474462310255,19.7478985988403,99.0,P48
55,2458447.88874425,r,8.964469098997634,9.159474462310255,19.7478985988403,99.0,P48
56,2458448.9435185003,r,-11.998388379280081,9.147412562402073,19.74932932196716,99.0,P48
57,2458449.9117419003,r,1.793686031591649,5.4202351163105655,20.317529675257887,99.0,P48
58,2458449.9117419003,r,1.793686031591649,5.4202351163105655,20.317529675257887,99.0,P48
59,2458450.86234375,r,0.5547354518250301,5.688735627559326,20.26503561095428,99.0,P48
60,2458450.86234375,r,0.5547354518250301,5.688735627559326,20.26503561095428,99.0,P48
61,2458456.0052082995,r,54.594020228631045,11.826341870142748,19.55720293145121,0.23514469251904468,P48
62,2458457.7601736,r,-9.816855548742062,11.619385575237372,19.48961708045684,99.0,P48
63,2458463.028125,r,-243.2671698382271,407.7764713152999,15.626519580679258,99.0,P48
64,2458465.9921354,r,2.435917548178823,4.442332522078776,20.533547329935132,99.0,P48
65,2458465.9921354,r,2.435917548178823,4.442332522078776,20.533547329935132,99.0,P48
66,2458469.009728,r,1.6022868384809905,3.1847054235315992,20.894901820441707,99.0,P48
67,2458469.009728,r,1.6022868384809905,3.1847054235315992,20.894901820441707,99.0,P48
68,2458471.78315395,r,0.6165170582967882,7.665903893113716,19.941166563575578,99.0,P48
69,2458471.78315395,r,0.6165170582967882,7.665903893113716,19.941166563575578,99.0,P48
70,2458474.80953125,r,3.2903419938955984,9.11170677285041,19.753575651391827,99.0,P48
71,2458474.80953125,r,3.2903419938955984,9.11170677285041,19.753575651391827,99.0,P48
72,2458476.9348611,r,2.502934348660382,8.62216632969732,19.81353399779077,99.0,P48
73,2458480.9443056,r,18.43288579460892,7.888341125988603,19.91011078138236,99.0,P48
74,2458481.9930439997,r,-7.813382644382761,6.999206368795408,20.039952992407493,99.0,P48
75,2458486.9678241,r,-4.661980399263133,6.5519385332905635,20.111650453015443,99.0,P48
76,2458487.928669,r,0.8495748545608929,4.425676757943319,20.53762576215882,99.0,P48
77,2458487.928669,r,0.8495748545608929,4.425676757943319,20.53762576215882,99.0,P48
78,2458490.6974537005,r,-16.892123581204082,6.096068036841025,20.189950475606466,99.0,P48
79,2458491.7576389,r,2.705277829332151,6.9920696737425105,20.04106062102546,99.0,P48
80,2458503.9662442002,r,-2.4835674598620563,12.118232421870415,19.44397679466068,99.0,P48
81,2458503.9662442002,r,-2.4835674598620563,12.118232421870415,19.44397679466068,99.0,P48
82,2458504.7726736,r,-1.7605415750339626,11.652974429604594,19.486483005478807,99.0,P48
83,2458505.6325578997,r,-5.610997364635225,13.92232012735681,19.293295950085504,99.0,P48
84,2458506.9295369997,r,0.021804605707614336,14.18170287728466,19.27325403372687,99.0,P48
85,2458507.7750810003,r,-0.06244193742375542,7.0604680438731995,20.030491259854152,99.0,P48
86,2458508.7370832996,r,-1.7768426292083819,5.549718872040695,20.291897529287382,99.0,P48
87,2458509.7814525496,r,-5.250097519866664,6.210145568786454,20.169820538243567,99.0,P48
88,2458509.7814525496,r,-5.250097519866664,6.210145568786454,20.169820538243567,99.0,P48
89,2458510.7783681,r,-11.879373102151668,13.56866563822772,19.321232137595054,99.0,P48
90,2458513.9072454,r,-1.6581276930541353,3.5589603396059335,20.774267118325852,99.0,P48
91,2458514.8881134,r,34.295964827458114,40.600222538671154,18.131253954043814,99.0,P48
92,2458522.7134028,r,-2.299847216837032,4.833982020279051,20.44181241230737,99.0,P48
93,2458523.6973321997,r,-7.21462044609214,3.172007770536005,20.89923938279133,99.0,P48
94,2458523.6973321997,r,-7.21462044609214,3.172007770536005,20.89923938279133,99.0,P48
95,2458524.9445948997,r,-5.942508650095445,6.115036790893063,20.186577303417756,99.0,P48
96,2458526.71730325,r,-3.2033058776998122,5.483985768276341,20.304834191502607,99.0,P48
97,2458526.71730325,r,-3.2033058776998122,5.483985768276341,20.304834191502607,99.0,P48
98,2458534.8424479,r,-7.715656230384087,9.507014686296309,19.707464577154447,99.0,P48
99,2458534.8424479,r,-7.715656230384087,9.507014686296309,19.707464577154447,99.0,P48
100,2458538.72872685,r,-13.816900335276777,43.34369552829027,18.06026014676261,99.0,P48
101,2458538.72872685,r,-13.816900335276777,43.34369552829027,18.06026014676261,99.0,P48
102,2458539.8094676,r,-17.220066794117287,29.304395097704592,18.485243086437293,99.0,P48
103,2458540.7128356,r,-1.64069874256599,4.1573113561589565,20.605543610118346,99.0,P48
104,2458543.7473611,r,-5.872314535720682,7.160956536016827,20.01514739478433,99.0,P48
105,2458546.80345485,r,-4.32464940824545,4.503409757787336,20.518721327920858,99.0,P48
106,2458546.80345485,r,-4.32464940824545,4.503409757787336,20.518721327920858,99.0,P48
107,2458547.6970139,r,-2.3480216722459,5.15178018661237,20.372681677901035,99.0,P48
108,2458556.6697338,r,5.671529901739433,6.347470628825344,20.146073239229622,99.0,P48
109,2458556.6697338,r,5.671529901739433,6.347470628825344,20.146073239229622,99.0,P48
110,2458557.7410648,r,-15.376856520502736,14.572459245837452,19.24374286560819,99.0,P48
111,2458558.6908218,r,-35.37430152877848,11.487150032336608,19.50204425572411,99.0,P48
112,2458559.6919270996,r,7.698639201396117,5.973468550527158,20.212008535321097,99.0,P48
113,2458559.6919270996,r,7.698639201396117,5.973468550527158,20.212008535321097,99.0,P48
114,2458560.8428935003,r,-6.35322598036352,9.818273010041915,19.67248722900215,99.0,P48
115,2458562.6578299,r,-9.105300487560479,12.519938685467759,19.40856948419202,99.0,P48
116,2458562.6578299,r,-9.105300487560479,12.519938685467759,19.40856948419202,99.0,P48
117,2458573.7432292,r,2.405517316267454,6.804501687855946,20.070584173812133,99.0,P48
118,2458574.6964698997,r,19.257634186052027,11.502270074011435,19.500616087553276,99.0,P48
119,2458575.71724535,r,-13.9292427432561,11.517315417453567,19.499196837287435,99.0,P48
120,2458575.71724535,r,-13.9292427432561,11.517315417453567,19.499196837287435,99.0,P48
121,2458581.7394212997,r,-1.589070516646326,3.4308953599237775,20.814056307762378,99.0,P48
122,2458581.7394212997,r,-1.589070516646326,3.4308953599237775,20.814056307762378,99.0,P48
123,2458582.7103704,r,-11.105598821074693,5.122191744188923,20.378935409605702,99.0,P48
124,2458584.6760301003,r,2.822461859556038,5.929893483764544,20.21995775820662,99.0,P48
125,2458584.6760301003,r,2.822461859556038,5.929893483764544,20.21995775820662,99.0,P48
126,2458585.6601736,r,2.8037006928720607,6.933206449762498,20.050239658265745,99.0,P48
127,2458586.6981481,r,-13.897485037628698,6.186841123189959,20.173902580234824,99.0,P48
128,2458587.7126909504,r,-5.803953777237025,7.291742829956362,19.99549663099511,99.0,P48
129,2458587.7126909504,r,-5.803953777237025,7.291742829956362,19.99549663099511,99.0,P48
130,2458588.658912,r,-9.86834051912392,7.855772926091114,19.91460268535009,99.0,P48
131,2458589.6943403,r,2.686609968155821,15.368927158097215,19.185966108566134,99.0,P48
132,2458591.83890625,r,-0.6160879387856097,12.648009383274632,19.397519541365924,99.0,P48
133,2458591.83890625,r,-0.6160879387856097,12.648009383274632,19.397519541365924,99.0,P48
134,2458592.7368866,r,-0.9333823426678083,10.858952026119342,19.563105203015596,99.0,P48
135,2458594.8460416505,r,-9.642380686674983,13.079774756194759,19.361074326242843,99.0,P48
136,2458594.8460416505,r,-9.642380686674983,13.079774756194759,19.361074326242843,99.0,P48
137,2458598.66025465,r,-0.12034865151706763,3.222848221503698,20.881975356402656,99.0,P48
138,2458598.66025465,r,-0.12034865151706763,3.222848221503698,20.881975356402656,99.0,P48
139,2458601.7754514,r,3.307387051229936,3.7460778802066788,20.718632984089652,99.0,P48
140,2458601.7754514,r,3.307387051229936,3.7460778802066788,20.718632984089652,99.0,P48
141,2458602.7456712998,r,-9.779073207311194,6.7146989051576105,20.0850086312201,99.0,P48
142,2458606.6821123,r,-5.611663450466334,3.381183339496762,20.829903188263728,99.0,P48
143,2458606.6821123,r,-5.611663450466334,3.381183339496762,20.829903188263728,99.0,P48
144,2458608.7257522997,r,3.400516799194093,5.533161453637619,20.295141632167457,99.0,P48
145,2458617.7385069495,r,3.648627088949094,5.633605590011938,20.275608892509524,99.0,P48
146,2458617.7385069495,r,3.648627088949094,5.633605590011938,20.275608892509524,99.0,P48
147,2458632.6875926005,r,11.532503587641424,8.192192858361272,19.869074569675234,99.0,P48
148,2458633.6912847,r,-6.912505220907064,5.625058922423048,20.27725729906849,99.0,P48
149,2458638.7152314996,r,0.7067694009264563,8.455739621021761,19.834695986149967,99.0,P48
150,2458648.7030093,r,4.554537252297076,15.921124401472003,19.147640649733887,99.0,P48
151,2458731.0137731005,r,-0.9825290207486662,7.957790590072874,19.900593722997442,99.0,P48
152,2458745.9910995,r,4.840434201434437,9.297294126341715,19.731683563202132,99.0,P48
153,2458748.9899883997,r,-17.840639615071538,8.287390295293239,19.856530508015247,99.0,P48
154,2458757.0312731,r,11.542538443085087,10.570439456151592,19.592342381484023,99.0,P48
155,2458757.9676273,r,38.74883195671205,6.208156190088419,19.929419083073192,0.17391372085407236,P48
156,2458760.0141667,r,232.88878623079702,6.746107755114663,17.982194178697068,0.03144376372385675,P48
157,2458764.0161921,r,210.62955310993803,6.5307166066116915,18.091267356486732,0.033656686689055644,P48
158,2458767.0334722,r,133.48258207427693,7.851710091965192,18.5865041247451,0.06385126188288401,P48
159,2458769.9520949,r,109.84780962942914,10.892793165965665,18.798087118556847,0.10764099003470659,P48
160,2458778.9608681,r,48.15832891267485,10.241738038100875,19.693387100899688,0.23085117136264452,P48
161,2458785.9927894,r,20.392636409460177,7.54014400706935,19.95912588812002,99.0,P48
162,2458796.9335301,r,16.13938313793608,10.704253695518224,19.5786840053703,99.0,P48
163,2458799.9945023,r,17.221880272561446,9.821394859713013,19.6721420596984,99.0,P48
164,2458812.7747338,r,8.331848062856958,5.286037744866014,20.344749339461444,99.0,P48
165,2458827.8222801,r,13.408255460887617,11.902556259192137,19.46347438188874,99.0,P48
166,2458828.8299189997,r,5.344365176523962,9.978625924496368,19.654898133560287,99.0,P48
167,2458830.9195486,r,4.892371851943167,8.710017478109425,19.802527422927,99.0,P48
168,2458833.8807947333,r,6.544075880570952,6.602746129049649,20.103263490969262,99.0,P48
169,2458833.8807947333,r,6.544075880570952,6.602746129049649,20.103263490969262,99.0,P48
170,2458833.8807947333,r,6.544075880570952,6.602746129049649,20.103263490969262,99.0,P48
171,2458835.9477546,r,-4.945706884484433,11.128902657245273,19.536444129850132,99.0,P48
172,2458836.9917014,r,6.950726444411941,4.088477342507778,20.6236710008475,99.0,P48
173,2458836.9917014,r,6.950726444411941,4.088477342507778,20.6236710008475,99.0,P48
174,2458837.9250462996,r,-5.174568402812859,10.465361367753019,19.60318941647666,99.0,P48
175,2458839.0108332997,r,8.316383081868254,16.642756645469277,19.09951183199542,99.0,P48
176,2458846.7888657004,r,1.3888752010777634,5.265620574547008,20.348951084440138,99.0,P48
177,2458850.9755671,r,-5.075802243416811,8.097526249825323,19.881694077807673,99.0,P48
178,2458851.9439582997,r,7.642160915843383,9.50825908796838,19.707322471185677,99.0,P48
179,2458852.9249537,r,2.213207108686496,4.403431364744784,20.543096910446373,99.0,P48
180,2458853.9318633997,r,-2.138779751004186,4.069695880935917,20.6286700976486,99.0,P48
181,2458854.9689467996,r,18.131759350421518,11.037154872408523,19.545432147718984,99.0,P48
182,2458855.8228472,r,2.936142211403762,8.876723704851901,19.781943233343867,99.0,P48
183,2458856.7045255,r,-6.061406847248683,9.126030472351882,19.75187020272532,99.0,P48
184,2458859.80573495,r,7.8229886073087265,8.596164896991692,19.816813144643227,99.0,P48
185,2458859.80573495,r,7.8229886073087265,8.596164896991692,19.816813144643227,99.0,P48
186,2458860.7931134505,r,0.4270192640054701,9.453511289628336,19.71359212120053,99.0,P48
187,2458860.7931134505,r,0.4270192640054701,9.453511289628336,19.71359212120053,99.0,P48
188,2458861.8328241003,r,8.41794111870692,16.088885108887446,19.136260113193597,99.0,P48
189,2458862.8199421503,r,0.8749973035657894,5.159590052134819,20.37103699728592,99.0,P48
190,2458862.8199421503,r,0.8749973035657894,5.159590052134819,20.37103699728592,99.0,P48
191,2458864.7259838,r,6.012886173100728,4.200393805188176,20.594349965901728,99.0,P48
192,2458866.8512731004,r,-3.4643136432978836,4.715396483471249,20.468779450959936,99.0,P48
193,2458867.8495949,r,4.822324549160437,5.45879362275335,20.30983330037877,99.0,P48
194,2458871.7823842997,r,-9.447996708880316,5.294828407906312,20.34294526346524,99.0,P48
195,2458874.7799306,r,10.999876691839786,5.845036365417204,20.23560694538926,99.0,P48
196,2458875.7113079,r,3.5208947104544293,5.975496899806577,20.21163992562365,99.0,P48
197,2458877.7823032,r,-0.6598703598969451,6.472596535033036,20.12487864814451,99.0,P48
198,2458878.8050579,r,5.673705271046146,7.7983053136758675,19.922574403230026,99.0,P48
199,2458879.8194676004,r,-1.4946303614904186,10.544225799745131,19.59503824524478,99.0,P48
200,2458880.7200926,r,-3.169740138904374,5.382816601425856,20.325051031235816,99.0,P48
201,2458881.7804167005,r,-6.2664325798595835,6.199711104099495,20.171646357679897,99.0,P48
202,2458882.7140741,r,0.8591127611527718,13.533871216874703,19.32401989019128,99.0,P48
203,2458883.7616435,r,-9.186946779823119,10.865553520735434,19.562445350765756,99.0,P48
204,2458884.68871525,r,-11.296179422295177,11.467982558900072,19.503857429716255,99.0,P48
205,2458884.68871525,r,-11.296179422295177,11.467982558900072,19.503857429716255,99.0,P48
206,2458885.6773206,r,-0.20651184869781675,15.774353494527034,19.15769606691517,99.0,P48
207,2458885.6773206,r,-0.20651184869781675,15.774353494527034,19.15769606691517,99.0,P48
208,2458886.6427199,r,-6.946461525952873,11.27142233151879,19.522628182240297,99.0,P48
209,2458887.6570948996,r,-14.017700416871204,10.378961782893805,19.612190207139705,99.0,P48
210,2458890.6837962996,r,8.856005509454613,13.341300044103802,19.339579610397763,99.0,P48
211,2458891.7557176,r,4.295473485990879,6.851560774696052,20.06310120326569,99.0,P48
212,2458893.7912962995,r,-1.0769151386976155,4.686830882113235,20.47537678195966,99.0,P48
213,2458894.7180323997,r,-5.563784344520182,4.618147643868925,20.491405455768685,99.0,P48
214,2458895.7639119998,r,-4.199282817498183,6.683019474385628,20.090143172499943,99.0,P48
215,2458896.7800694,r,-2.411164271567299,4.521934957219877,20.51426421107803,99.0,P48
216,2458898.8257176,r,-1.0724355572987496,2.7179330249564297,21.066978112446012,99.0,P48
217,2458898.8257176,r,-1.0724355572987496,2.7179330249564297,21.066978112446012,99.0,P48
218,2458899.7580207996,r,1.397521998197426,4.7903097019571526,20.451666008596906,99.0,P48
219,2458900.7129397998,r,-5.007955974237629,4.603911188521511,20.494757645894072,99.0,P48
220,2458903.6979861,r,2.9173821753827283,4.89470264364793,20.428259205985434,99.0,P48
221,2458904.7024537004,r,-7.940287044514971,3.306216673899378,20.854246709692553,99.0,P48
222,2458904.7024537004,r,-7.940287044514971,3.306216673899378,20.854246709692553,99.0,P48
223,2458905.7175694,r,-0.9271830039383384,9.39974235291088,19.71978511479969,99.0,P48
224,2458906.7242014,r,5.2844726611961965,9.30180570235134,19.731156830020915,99.0,P48
225,2458909.8251736,r,-10.911364182910916,4.955613837655862,20.414831346750816,99.0,P48
226,2458912.7006829,r,-1.4052659568071055,4.422124739712998,20.538497516571674,99.0,P48
227,2458912.7006829,r,-1.4052659568071055,4.422124739712998,20.538497516571674,99.0,P48
228,2458913.6935301004,r,-4.432908830327508,8.072354094160112,19.885074479177835,99.0,P48
229,2458914.6561227003,r,16.892250708582562,34.94945971476962,18.29397382326957,99.0,P48
230,2458915.6601330996,r,11.283267725999519,6.190948037694879,20.173182091967735,99.0,P48
231,2458915.6601330996,r,11.283267725999519,6.190948037694879,20.173182091967735,99.0,P48
232,2458917.6499537,r,-3.419396891273102,59.48256247537962,17.716600815621824,99.0,P48
233,2458939.6797569,r,-0.12672204207584203,6.093060594376338,20.190486246346552,99.0,P48
234,2458944.6798957996,r,-3.373635679327939,8.43810916680132,19.836962139901324,99.0,P48
235,2458954.7005323996,r,-8.755078701715686,5.130832082821139,20.377105484921366,99.0,P48
236,2458955.7457523,r,-7.519301832884442,3.9009853359427957,20.674639194725707,99.0,P48
237,2458955.7457523,r,-7.519301832884442,3.9009853359427957,20.674639194725707,99.0,P48
238,2458956.7562963,r,6.760267899429564,5.311597004846182,20.339512195817832,99.0,P48
239,2458962.7925231005,r,1.0459635971499437,6.279606686022788,20.15774388118607,99.0,P48
240,2458964.7418981004,r,0.17186750513160562,4.579784584377947,20.500462361844683,99.0,P48
241,2458966.6996065,r,-2.6872690279159093,9.46989878599685,19.711711645906774,99.0,P48
242,2458966.6996065,r,-2.6872690279159093,9.46989878599685,19.711711645906774,99.0,P48
243,2458968.6764582996,r,3.987908783956,4.902945937083625,20.42643222797787,99.0,P48
244,2458972.7007986,r,-1.8432864683730368,7.682285485139329,19.938848883767314,99.0,P48
245,2458975.6593518998,r,-9.450203037377143,8.610347958411854,19.815023233242215,99.0,P48
246,2458978.7615046003,r,7.024430000902415,8.802173605060332,19.79110016443216,99.0,P48
247,2458981.73861115,r,3.2073061666390252,5.564831222308641,20.288944996652752,99.0,P48
248,2458981.73861115,r,3.2073061666390252,5.564831222308641,20.288944996652752,99.0,P48
249,2458986.7680324,r,-12.24999758878816,5.592574625218895,20.283545519484797,99.0,P48
250,2458987.6804224504,r,1.5738900015415245,3.381416016607829,20.829828475582907,99.0,P48
251,2458987.6804224504,r,1.5738900015415245,3.381416016607829,20.829828475582907,99.0,P48
252,2458991.716794,r,-0.043810467791746695,4.844468762282799,20.439459589489985,99.0,P48
253,2458992.7438889,r,7.840657855125023,5.605900386884095,20.28096154823705,99.0,P48
254,2458995.7424884,r,8.774572473080811,5.373186522784019,20.32699519724416,99.0,P48
255,2458996.73949075,r,3.235349184905772,4.16591031214952,20.603300199685272,99.0,P48
256,2458996.73949075,r,3.235349184905772,4.16591031214952,20.603300199685272,99.0,P48
257,2458997.7400231003,r,-0.17915100563554542,6.443697401236693,20.129737145227594,99.0,P48
258,2458998.7410648,r,3.278963402206549,6.317138728976155,20.151273953102894,99.0,P48
259,2458999.68052665,r,-6.858579316718578,7.609666628697129,19.949160911125958,99.0,P48
260,2458999.68052665,r,-6.858579316718578,7.609666628697129,19.949160911125958,99.0,P48
261,2459103.0022685,r,-1.2848780175429666,70.20555920426668,17.536646231764742,99.0,P48
262,2459121.9427314997,r,12.622228067704922,8.057356747054385,19.88709350699311,99.0,P48
263,2459124.9416898335,r,1.4532024189028292,5.743542189838577,20.254625450224182,99.0,P48
264,2459124.9416898335,r,1.4532024189028292,5.743542189838577,20.254625450224182,99.0,P48
265,2459124.9416898335,r,1.4532024189028292,5.743542189838577,20.254625450224182,99.0,P48
266,2459126.0066667004,r,11.8549393043782,7.174202386337564,20.01314092894368,99.0,P48
267,2459126.92747105,r,-5.015490685295802,6.675838303052595,20.0913104666788,99.0,P48
268,2459126.92747105,r,-5.015490685295802,6.675838303052595,20.0913104666788,99.0,P48
269,2459129.01499425,r,-0.07102664126421177,6.259983439459097,20.161142028402665,99.0,P48
270,2459129.01499425,r,-0.07102664126421177,6.259983439459097,20.161142028402665,99.0,P48
271,2459129.9815972,r,-6.017991232262183,6.391481706185605,20.13857111362895,99.0,P48
272,2459130.95021415,r,-0.9129429089441405,4.216324091353177,20.59024002440021,99.0,P48
273,2459130.95021415,r,-0.9129429089441405,4.216324091353177,20.59024002440021,99.0,P48
274,2459134.983287,r,7.8757329716831,6.072051177114708,20.19423643098419,99.0,P48
275,2459135.91436925,r,8.361649500380892,3.257961249661336,20.870210202947526,99.0,P48
276,2459135.91436925,r,8.361649500380892,3.257961249661336,20.870210202947526,99.0,P48
277,2459136.9853125,r,-3.332489160784986,4.800821764056161,20.44928603267475,99.0,P48
278,2459137.9909491,r,-7.254228671541852,4.646788912011706,20.48469262818589,99.0,P48
279,2459141.8871875,r,2.4311569407156606,6.345456001401293,20.146417896378516,99.0,P48
280,2459141.8871875,r,2.4311569407156606,6.345456001401293,20.146417896378516,99.0,P48
281,2459143.96024885,r,-7.982087606572874,2.920863580654608,20.98879680500446,99.0,P48
282,2459143.96024885,r,-7.982087606572874,2.920863580654608,20.98879680500446,99.0,P48
283,2459144.9394097,r,-0.6821628275493198,4.097540487744792,20.621266855355152,99.0,P48
284,2459145.8620023,r,-2.2738519445138783,4.229137918666703,20.58694536819432,99.0,P48
285,2459147.0342477,r,63.716219442172054,354.8070796723773,15.777594296717528,99.0,P48
286,2459149.870625,r,0.46794259794428517,10.46088773596729,19.603653635749442,99.0,P48
287,2459150.9742766498,r,-7.287157802958981,3.6130887458117615,20.757878416721354,99.0,P48
288,2459150.9742766498,r,-7.287157802958981,3.6130887458117615,20.757878416721354,99.0,P48
289,2459152.9509606003,r,-3.0707937577293887,9.629118874901502,19.693608618512656,99.0,P48
290,2458204.7294444,g,8.996397642535328,12.10744083410474,19.44494410055928,99.0,P48
291,2458207.80320605,g,17.72672124217266,10.500082194869366,19.59959324228547,99.0,P48
292,2458207.80320605,g,17.72672124217266,10.500082194869366,19.59959324228547,99.0,P48
293,2458210.76141205,g,8.486512107394582,7.182258429754312,20.011922419864767,99.0,P48
294,2458210.76141205,g,8.486512107394582,7.182258429754312,20.011922419864767,99.0,P48
295,2458216.6907639,g,8.369193330774046,5.843396830560617,20.235911537516294,99.0,P48
296,2458229.6521875,g,-7.0100444381998175,7.504445658518505,19.96427844635867,99.0,P48
297,2458235.68722225,g,-2.241396864914451,6.691249480956503,20.08880693240232,99.0,P48
298,2458235.68722225,g,-2.241396864914451,6.691249480956503,20.08880693240232,99.0,P48
299,2458238.6597801005,g,0.025437131817010697,12.61974980317309,19.39994812728159,99.0,P48
300,2458244.7026736,g,-1.366762978735398,4.785134885873966,20.452839528148907,99.0,P48
301,2458247.680787,g,2.59128676255312,3.4115862479627848,20.820184101387298,99.0,P48
302,2458250.6983217997,g,-0.025730350223871327,5.708504843510433,20.26126905446567,99.0,P48
303,2458255.6822569002,g,-4.886426417646211,5.30443578277738,20.340976998989653,99.0,P48
304,2458274.7179861,g,4.9587109602604516,3.7010453872474605,20.731763961567907,99.0,P48
305,2458277.6999537004,g,-8.663556403519054,5.379444642923081,20.325731382226017,99.0,P48
306,2458289.6824884,g,6.604135746155606,6.678140402780388,20.090936125353075,99.0,P48
307,2458374.0081366003,g,-2.11352248414102,3.1878872812750014,20.893817596610837,99.0,P48
308,2458376.9927546,g,2.1841069800202484,3.3191609017495547,20.850004224025618,99.0,P48
309,2458379.9708912005,g,-2.768684443424026,4.095112949486836,20.621910277238534,99.0,P48
310,2458382.9721065,g,-0.6386973153132658,2.9166163527245863,20.990376723051224,99.0,P48
311,2458384.9553472,g,-7.151666646299379,10.747656688643438,19.574290525769648,99.0,P48
312,2458385.9473032,g,0.24458197790177424,12.183517451025573,19.438143264921354,99.0,P48
313,2458388.0095832995,g,-5.204731954931892,10.281642879803544,19.62241870138673,99.0,P48
314,2458388.9527140995,g,-13.052892042832571,6.124928583735921,20.184822416107394,99.0,P48
315,2458388.9527140995,g,-13.052892042832571,6.124928583735921,20.184822416107394,99.0,P48
316,2458389.9476968,g,-6.6319630614824945,7.772907002939011,19.926116309846073,99.0,P48
317,2458390.9775694,g,0.004129831254363646,7.136434228203381,20.01887182030566,99.0,P48
318,2458397.9725,g,-3.0064201019226875,2.850785838371144,21.01516350736224,99.0,P48
319,2458422.9524479,g,6.099056770495295,5.321040249645925,20.33758362904369,99.0,P48
320,2458422.9524479,g,6.099056770495295,5.321040249645925,20.33758362904369,99.0,P48
321,2458423.9206133997,g,0.9080711053245226,7.563918789642954,19.95570784572086,99.0,P48
322,2458425.0108565,g,4.025602292275984,4.957023290192127,20.414522590637162,99.0,P48
323,2458426.0149074,g,0.8267786512530675,3.614110113195156,20.757571538337203,99.0,P48
324,2458426.0149074,g,0.8267786512530675,3.614110113195156,20.757571538337203,99.0,P48
325,2458426.8896296,g,9.356969626162002,5.054274513554644,20.393427923848645,99.0,P48
326,2458427.9074073997,g,-1.056611009227855,6.34349182080349,20.14675402858343,99.0,P48
327,2458427.9074073997,g,-1.056611009227855,6.34349182080349,20.14675402858343,99.0,P48
328,2458428.8438772997,g,1.9132401624870687,3.2256096192399952,20.88104547525732,99.0,P48
329,2458429.9481655,g,2.8040220555872644,1.8624154968326014,21.477383547477405,99.0,P48
330,2458429.9481655,g,2.8040220555872644,1.8624154968326014,21.477383547477405,99.0,P48
331,2458430.9294328997,g,-8.615466442891591,2.7379815229146836,21.058998706658514,99.0,P48
332,2458431.9456018996,g,0.25376715957459606,5.571868010892106,20.287572938920555,99.0,P48
333,2458432.9526505,g,0.4962302907946277,2.2337161437600197,21.280005031659563,99.0,P48
334,2458432.9526505,g,0.4962302907946277,2.2337161437600197,21.280005031659563,99.0,P48
335,2458434.9250231003,g,-2.8544505999348337,5.518154190062113,20.298090410383423,99.0,P48
336,2458437.9616087996,g,5.985763159332566,5.2935409442243495,20.34320929768849,99.0,P48
337,2458438.9742072,g,-3.478381588346583,2.0810313712089905,21.356878421211064,99.0,P48
338,2458438.9742072,g,-3.478381588346583,2.0810313712089905,21.356878421211064,99.0,P48
339,2458441.97260415,g,-5.040321140636122,2.677626233230377,21.083200103562593,99.0,P48
340,2458441.97260415,g,-5.040321140636122,2.677626233230377,21.083200103562593,99.0,P48
341,2458442.9935532003,g,-11.782972676404427,4.8618973493974815,20.435560526102712,99.0,P48
342,2458443.7976042004,g,-0.5250756436158931,10.224930446413682,19.628424082997316,99.0,P48
343,2458450.94501735,g,-3.235705782881661,3.938163778375172,20.66434055566438,99.0,P48
344,2458450.94501735,g,-3.235705782881661,3.938163778375172,20.66434055566438,99.0,P48
345,2458457.7853066996,g,-0.43045025473699616,3.8551981685431835,20.687458221718586,99.0,P48
346,2458457.7853066996,g,-0.43045025473699616,3.8551981685431835,20.687458221718586,99.0,P48
347,2458462.9679340497,g,-94.82601832494089,98.67357526276899,17.167072828207175,99.0,P48
348,2458462.9679340497,g,-94.82601832494089,98.67357526276899,17.167072828207175,99.0,P48
349,2458464.8225926002,g,4.278416746608911,5.226951015634668,20.356953913843473,99.0,P48
350,2458465.8885764,g,0.933365401186433,3.5625458870894384,20.77317382178949,99.0,P48
351,2458465.8885764,g,0.933365401186433,3.5625458870894384,20.77317382178949,99.0,P48
352,2458467.934838,g,-8.723782629530426,21.229568370048817,18.835222078216415,99.0,P48
353,2458468.9290567003,g,-3.4551474488505467,2.3246795975863606,21.23666722898642,99.0,P48
354,2458468.9290567003,g,-3.4551474488505467,2.3246795975863606,21.23666722898642,99.0,P48
355,2458469.9906366,g,0.569531268687131,5.102176795527058,20.383186230978694,99.0,P48
356,2458472.7379861,g,-7.139601468400204,9.967377590121323,19.65612271222437,99.0,P48
357,2458476.0091551,g,3.386736618609886,12.051390856962454,19.449982059300538,99.0,P48
358,2458480.9923727,g,6.126224787379917,7.540712917627258,19.959043971449987,99.0,P48
359,2458487.9560359,g,-5.536795743274428,2.748887746998648,21.054682475541135,99.0,P48
360,2458487.9560359,g,-5.536795743274428,2.748887746998648,21.054682475541135,99.0,P48
361,2458491.9233912,g,-9.001894457250607,4.4995347970466195,20.519655952232355,99.0,P48
362,2458491.9233912,g,-9.001894457250607,4.4995347970466195,20.519655952232355,99.0,P48
363,2458492.7310995,g,46.2879349282919,118.71082295501525,16.966349199874415,99.0,P48
364,2458494.0339005003,g,-4.278655033681614,3.259975893502117,20.86953901763866,99.0,P48
365,2458504.051522,g,9.246975171939566,13.437860931735715,19.3317496334887,99.0,P48
366,2458504.051522,g,9.246975171939566,13.437860931735715,19.3317496334887,99.0,P48
367,2458505.9281829,g,-25.374464539949564,27.328979613017275,18.561016447497718,99.0,P48
368,2458506.97189235,g,-2.0730034168970892,13.653062530540799,19.314499790950222,99.0,P48
369,2458506.97189235,g,-2.0730034168970892,13.653062530540799,19.314499790950222,99.0,P48
370,2458507.9756712997,g,-2.382214785707018,12.502800690832686,19.410056718973305,99.0,P48
371,2458508.7002315,g,-5.082437009380067,4.717162342429853,20.4683729319948,99.0,P48
372,2458509.7187616,g,-1.4902804152020566,4.622448840830793,20.49039470595177,99.0,P48
373,2458509.7187616,g,-1.4902804152020566,4.622448840830793,20.49039470595177,99.0,P48
374,2458511.6546181,g,1.8660001781719109,4.687262389395093,20.47527682496856,99.0,P48
375,2458522.926331,g,3.8413680878743133,4.052918332305731,20.633155357542158,99.0,P48
376,2458526.94391205,g,-0.5285538616498278,4.843707497948348,20.439630216495274,99.0,P48
377,2458526.94391205,g,-0.5285538616498278,4.843707497948348,20.439630216495274,99.0,P48
378,2458534.7832755,g,0.16693054645110839,14.594621483315155,19.242092899438298,99.0,P48
379,2458538.7657928,g,0.4193825081468844,12.49984868378151,19.410313099879104,99.0,P48
380,2458538.7657928,g,0.4193825081468844,12.49984868378151,19.410313099879104,99.0,P48
381,2458539.7624884,g,-11.806098605351602,14.166393285198017,19.27442675304666,99.0,P48
382,2458540.6728009,g,6.111466737974854,3.738275523091183,20.72089672130651,99.0,P48
383,2458541.7473206,g,-0.4243705610306929,3.2501949546082325,20.87280145965797,99.0,P48
384,2458541.7473206,g,-0.4243705610306929,3.2501949546082325,20.87280145965797,99.0,P48
385,2458546.7431134,g,-4.628152403442847,4.525801874279427,20.513336144272778,99.0,P48
386,2458546.7431134,g,-4.628152403442847,4.525801874279427,20.513336144272778,99.0,P48
387,2458547.7815625,g,-3.0784273069734507,3.917149897643576,20.670149511608994,99.0,P48
388,2458557.6761111,g,-17.568300357195557,14.656256716724664,19.23751733059661,99.0,P48
389,2458558.884919,g,-2.342804603100231,9.394947375610736,19.720339109640143,99.0,P48
390,2458559.8007118,g,11.673678579237308,7.068728256717853,20.029221773186208,99.0,P48
391,2458559.8007118,g,11.673678579237308,7.068728256717853,20.029221773186208,99.0,P48
392,2458560.718588,g,8.378431593245642,9.011301731450972,19.765606159894517,99.0,P48
393,2458561.7341898,g,11.072868973173517,14.42379705086737,19.25487598154985,99.0,P48
394,2458567.6824594997,g,2.6855233082721863,3.217738153855657,20.883698238853135,99.0,P48
395,2458567.6824594997,g,2.6855233082721863,3.217738153855657,20.883698238853135,99.0,P48
396,2458572.6974942,g,-2.8217250772508415,5.754526282925051,20.252551044214776,99.0,P48
397,2458572.6974942,g,-2.8217250772508415,5.754526282925051,20.252551044214776,99.0,P48
398,2458574.6767014,g,9.780381890533034,7.03801812665001,20.033949036558678,99.0,P48
399,2458575.761956,g,-6.688404857242496,3.9226870031339773,20.66861584784119,99.0,P48
400,2458575.761956,g,-6.688404857242496,3.9226870031339773,20.66861584784119,99.0,P48
401,2458581.71551505,g,-2.778787482109539,2.375025146547345,21.21340445852202,99.0,P48
402,2458581.71551505,g,-2.778787482109539,2.375025146547345,21.21340445852202,99.0,P48
403,2458582.8255207995,g,3.1345074454955926,3.82799388873459,20.695146899738432,99.0,P48
404,2458584.7192824,g,0.13280536846689556,5.1280732277689145,20.3776894436958,99.0,P48
405,2458584.7192824,g,0.13280536846689556,5.1280732277689145,20.3776894436958,99.0,P48
406,2458585.6896991003,g,-3.0290459880465272,5.894040960773243,20.226542115000235,99.0,P48
407,2458586.6866087997,g,-0.8317918746736851,6.725525640716535,20.08325940727251,99.0,P48
408,2458587.7010822,g,-1.2984596838186353,4.69054034276366,20.474517800088986,99.0,P48
409,2458587.7010822,g,-1.2984596838186353,4.69054034276366,20.474517800088986,99.0,P48
410,2458588.6988426005,g,-67.05236743915057,78.13273418299705,17.420492433383735,99.0,P48
411,2458591.6718808003,g,2.7295109082510955,7.889463376239015,19.90995632798809,99.0,P48
412,2458591.6718808003,g,2.7295109082510955,7.889463376239015,19.90995632798809,99.0,P48
413,2458592.6771064997,g,6.94739444228018,9.85260378599147,19.66869744325775,99.0,P48
414,2458594.74858795,g,0.40365302936067654,7.929426767187457,19.904470507891702,99.0,P48
415,2458594.74858795,g,0.40365302936067654,7.929426767187457,19.904470507891702,99.0,P48
416,2458596.6837153,g,-5.282271535117298,4.824800673735617,20.443876548890398,99.0,P48
417,2458598.7353299,g,-2.0371716223622642,2.287495632212578,21.254174305437004,99.0,P48
418,2458598.7353299,g,-2.0371716223622642,2.287495632212578,21.254174305437004,99.0,P48
419,2458605.7207522998,g,-0.20405343803740666,3.8472353631294647,20.68970309904821,99.0,P48
420,2458608.8121296,g,-2.7328747145446854,6.511517966976491,20.11836938109048,99.0,P48
421,2458609.7153761503,g,-0.8201893453912376,3.181029466934607,20.89615575880916,99.0,P48
422,2458609.7153761503,g,-0.8201893453912376,3.181029466934607,20.89615575880916,99.0,P48
423,2458617.7084028,g,-14.576949523591056,8.114541663628104,19.87941500302378,99.0,P48
424,2458619.7387731,g,7.455502421016024,22.97869566162148,18.74926155611188,99.0,P48
425,2458633.736412,g,-7.643830657481164,5.124171223051126,20.37851590623639,99.0,P48
426,2458634.7265509,g,-2.371305622007881,5.870783511350489,20.230834824648845,99.0,P48
427,2458638.6842477,g,0.3708993664677975,4.96468483214027,20.412845779542092,99.0,P48
428,2458645.7063426003,g,6.130113445928469,8.482662756199009,19.831244486230013,99.0,P48
429,2458648.6764582996,g,-9.757316260965831,14.73476866084044,19.231716684862235,99.0,P48
430,2458734.9809028,g,-0.03329634753143368,5.863009431337128,20.232273507162752,99.0,P48
431,2458737.9816435003,g,-1.193962459320384,4.264908679470275,20.577800648013493,99.0,P48
432,2458743.0117014,g,-0.2579713892531166,23.10905758233006,18.743119402305453,99.0,P48
433,2458746.0148843,g,-6.482384571292043,8.438554407187242,19.83690485208436,99.0,P48
434,2458749.0100694,g,-1.2751869728951568,6.75945433011521,20.07779589390092,99.0,P48
435,2458751.9865741003,g,-5.242336130592971,5.231868231757258,20.355932995547057,99.0,P48
436,2458756.9522569,g,-2.825774852400995,4.791465747745152,20.451404019411484,99.0,P48
437,2458757.9174653,g,24.81143197770036,5.977322436449814,20.413436047145158,0.26150782069321127,P48
438,2458759.9288772997,g,256.678930950568,5.712469264370781,17.87659006773875,0.024158139366992563,P48
439,2458763.9222338,g,160.19863673487325,5.946016284230176,18.388418582316195,0.04028998503410368,P48
440,2458766.9060994997,g,108.34094162659612,9.157431652623659,18.81308410762442,0.09175102144841207,P48
441,2458770.0172222,g,70.35040428040728,10.725620914025548,19.281899128472038,0.16549530342098168,P48
442,2458775.9261457995,g,30.747430898998758,8.050108241002782,20.180543536881697,0.28419910997809805,P48
443,2458779.0105671003,g,16.064046718370548,6.0613679642958385,20.19614836591412,99.0,P48
444,2458785.9657176,g,12.406622534135613,4.656569824761352,20.482409690313467,99.0,P48
445,2458789.9421065,g,-6.001318341055455,4.473552529334464,20.525943635958548,99.0,P48
446,2458793.0285301004,g,2.0060462910943317,3.862390783488881,20.685434458918323,99.0,P48
447,2458797.0521064997,g,4.14319019964939,8.051839282934411,19.88783724501413,99.0,P48
448,2458803.0409259,g,10.045523170334054,8.564135681313152,19.82086614118557,99.0,P48
449,2458806.0026157,g,13.819533197105272,7.779600940371445,19.925181688793558,99.0,P48
450,2458823.9318866003,g,-8.845993965827061,21.96132639334311,18.798428572766532,99.0,P48
451,2458834.02929975,g,5.003935530469449,10.472766065863652,19.60242148255471,99.0,P48
452,2458834.02929975,g,5.003935530469449,10.472766065863652,19.60242148255471,99.0,P48
453,2458836.0193981,g,2.8011387831164334,8.151933549986655,19.874423411943635,99.0,P48
454,2458837.9949189997,g,-5.845813044199658,8.545051648915491,19.82328825897529,99.0,P48
455,2458838.965,g,-11.544911535700209,28.547586569950475,18.513651492613945,99.0,P48
456,2458846.9885648,g,-1.931258464209218,3.849473330868372,20.6890717011964,99.0,P48
457,2458849.9742245,g,-2.050323208124299,4.240949297998312,20.583917288281356,99.0,P48
458,2458852.0164582995,g,5.634796286083739,6.197866550635458,20.171969436679372,99.0,P48
459,2458852.9666898,g,-4.537651432502396,3.3062421659241137,20.85423833833937,99.0,P48
460,2458853.9676273,g,-3.0643803498842486,2.9303050200721037,20.98529291639796,99.0,P48
461,2458855.0090741003,g,-2.9923288741003815,8.370387041903134,19.845711139195757,99.0,P48
462,2458855.6785648,g,-13.06548096480554,13.696182275602428,19.311076171213948,99.0,P48
463,2458860.0294212997,g,-1.8188906122095403,13.573048269271421,19.320881505261823,99.0,P48
464,2458861.8523727003,g,5.277187112821729,13.450766743698457,19.330707385550653,99.0,P48
465,2458862.9361342997,g,-6.778972035175317,10.15359190030284,19.636025729219497,99.0,P48
466,2458863.6614119997,g,13.105498823141085,19.77020921244267,18.912546826329915,99.0,P48
467,2458864.6758796,g,-1.5408925288342907,3.5538065303530764,20.775840536485013,99.0,P48
468,2458867.8942593,g,-4.907267687915023,3.886066061354859,20.6787995413222,99.0,P48
469,2458871.7211806,g,-12.032053964764296,4.7361896248507085,20.464002283917523,99.0,P48
470,2458872.7180671003,g,-1.6143910163925896,3.6147823681072264,20.757369601041596,99.0,P48
471,2458874.8410994997,g,-15.589968819455224,3.8068465351819105,20.70116156535824,99.0,P48
472,2458875.6832986,g,0.6006316257550127,5.103658311437622,20.38287101219327,99.0,P48
473,2458877.7223611,g,-1.2495522593858444,4.3067538309703925,20.567199867395974,99.0,P48
474,2458878.7663773,g,-0.6384888870179185,8.069089674456526,19.88551363428178,99.0,P48
475,2458879.7127893995,g,1.376687653455258,6.032996661527229,20.201242276681434,99.0,P48
476,2458880.7611343,g,-3.4948831053832112,5.247601706007675,20.352672827703294,99.0,P48
477,2458881.7217592997,g,3.5187549751025404,7.214318626904889,20.007086690623993,99.0,P48
478,2458884.7631018995,g,16.661364774333222,13.100955903526478,19.359317527027976,99.0,P48
479,2458885.7802662,g,-18.233701740817853,17.593182108956654,19.039213993788998,99.0,P48
480,2458886.7383912,g,-10.85675230657475,9.955663596064857,19.657399455950003,99.0,P48
481,2458887.7389467997,g,-3.809081354711773,12.369160583273018,19.42172441963894,99.0,P48
482,2458888.7844328997,g,6.172120914774336,16.815038838943693,19.088330302224897,99.0,P48
483,2458890.7878356003,g,12.08512620548776,10.82240289073548,19.566765745198513,99.0,P48
484,2458891.6782176,g,-8.429714973726822,4.2178791421869315,20.589839660557217,99.0,P48
485,2458892.6793403,g,-3.5961866382875582,3.8859140312201705,20.678842018173526,99.0,P48
486,2458893.6956944,g,-0.1276195779079966,3.4882061108553537,20.796069642715537,99.0,P48
487,2458894.6806366,g,-6.399492338188805,3.4231711869452686,20.816503444144118,99.0,P48
488,2458895.7172222002,g,-6.4337250476143035,3.681285716756155,20.737576174696283,99.0,P48
489,2458896.7406018996,g,-6.875505805086266,3.1887639251956004,20.89351906874144,99.0,P48
490,2458898.7137037,g,-5.367016112164962,2.133942024316188,21.329618448699357,99.0,P48
491,2458898.7137037,g,-5.367016112164962,2.133942024316188,21.329618448699357,99.0,P48
492,2458899.7186111,g,-9.120231153814569,3.9548263255388028,20.659756448157424,99.0,P48
493,2458900.7866897997,g,-12.657768785420958,4.310354846789838,20.566292427644925,99.0,P48
494,2458903.7809028,g,-9.345276098786172,3.4839010882775354,20.797410448109247,99.0,P48
495,2458904.7676042,g,-0.751749043700154,2.688192618842457,21.078924028444245,99.0,P48
496,2458904.7676042,g,-0.751749043700154,2.688192618842457,21.078924028444245,99.0,P48
497,2458905.660463,g,-8.509630597441719,6.397073241010133,20.13762168154517,99.0,P48
498,2458906.8023147997,g,-0.49181912970419456,4.655755176222567,20.482599652200513,99.0,P48
499,2458909.7289352003,g,-5.343559209462298,8.467999782676497,19.833122893655947,99.0,P48
500,2458912.739213,g,-5.848629333504353,4.7930823658333255,20.4510377588881,99.0,P48
501,2458912.739213,g,-5.848629333504353,4.7930823658333255,20.4510377588881,99.0,P48
502,2458913.7619907,g,7.468755449082884,7.5042296181103305,19.96430970333352,99.0,P48
503,2458914.719213,g,-28.64877146078818,21.651010417520993,18.813879566707378,99.0,P48
504,2458915.7206308004,g,1.236752767255501,7.461212959297112,19.970551399463503,99.0,P48
505,2458915.7206308004,g,1.236752767255501,7.461212959297112,19.970551399463503,99.0,P48
506,2458939.8048495,g,-14.610481127645157,23.96852499273158,18.703471717512166,99.0,P48
507,2458940.6822049,g,-4.997141206907024,3.9409737794466144,20.663566125720592,99.0,P48
508,2458940.6822049,g,-4.997141206907024,3.9409737794466144,20.663566125720592,99.0,P48
509,2458941.7390625,g,-5.535900803379176,7.618677658071045,19.94787599113846,99.0,P48
510,2458954.6730556,g,-5.452142126174809,3.9833320065815006,20.651958724381203,99.0,P48
511,2458956.7179977,g,-9.072860972430716,4.0547441076698965,20.63266636075355,99.0,P48
512,2458962.7225116002,g,-7.572287187209792,3.893640516007502,20.6766853581806,99.0,P48
513,2458963.72085645,g,-3.9990014179734628,1.8176638160607947,21.503791084479133,99.0,P48
514,2458963.72085645,g,-3.9990014179734628,1.8176638160607947,21.503791084479133,99.0,P48
515,2458963.72085645,g,-3.9990014179734628,1.8176638160607947,21.503791084479133,99.0,P48
516,2458963.72085645,g,-3.9990014179734628,1.8176638160607947,21.503791084479133,99.0,P48
517,2458964.6911573997,g,2.3620014014001183,3.7576872463896875,20.71527341218846,99.0,P48
518,2458965.7171296002,g,-2.9897437800017785,3.537055351977993,20.78097034862045,99.0,P48
519,2458966.7422917,g,-8.799592468466358,4.636725858895387,20.487046440432145,99.0,P48
520,2458966.7422917,g,-8.799592468466358,4.636725858895387,20.487046440432145,99.0,P48
521,2458967.7157986,g,0.08303233951376503,4.607475722775649,20.493917350263615,99.0,P48
522,2458968.7391088,g,-6.683124430994122,4.42926551423575,20.536745701571114,99.0,P48
523,2458969.7198611,g,101.63507321954667,53.56704720151298,17.83033072106396,99.0,P48
524,2458972.7203472,g,-3.7744746744754982,8.388923409132028,19.84330941589449,99.0,P48
525,2458975.7345022997,g,1.5890211874576625,10.397966342341526,19.610203970880132,99.0,P48
526,2458978.7074189996,g,-0.6130226370342761,7.777835166845808,19.925428151545034,99.0,P48
527,2458981.65976275,g,-0.09974033852697853,3.931013239122191,20.66631372299053,99.0,P48
528,2458981.65976275,g,-0.09974033852697853,3.931013239122191,20.66631372299053,99.0,P48
529,2458985.6613889,g,5.244858012953779,4.99013910487696,20.407293358749556,99.0,P48
530,2458986.6764931,g,-7.810496735578959,3.821679355929612,20.696939373278255,99.0,P48
531,2458987.72221645,g,-2.246556286225028,3.1643791172099167,20.90185371466793,99.0,P48
532,2458987.72221645,g,-2.246556286225028,3.1643791172099167,20.90185371466793,99.0,P48
533,2458992.7070718,g,1.944291060823494,4.669286214603225,20.4794487496033,99.0,P48
534,2458993.7374942503,g,-3.396993034943519,3.6501175555337597,20.74680786028075,99.0,P48
535,2458993.7374942503,g,-3.396993034943519,3.6501175555337597,20.74680786028075,99.0,P48
536,2458994.7401042003,g,-7.808000531170947,4.868139406557562,20.43416747311626,99.0,P48
537,2458995.6775926,g,-1.8901913513570874,4.411693307362001,20.54106170545917,99.0,P48
538,2458996.6719213,g,-3.60294155692856,3.718830217438072,20.726559111233037,99.0,P48
539,2458996.6719213,g,-3.60294155692856,3.718830217438072,20.726559111233037,99.0,P48
540,2458997.6735301004,g,-1.9762969957530003,5.072083687371214,20.38960896261078,99.0,P48
541,2458998.7050347,g,-4.12580408963513,5.042648530752149,20.395928241216154,99.0,P48
542,2458999.71793405,g,0.5459785050104389,26.77779351828383,18.583138018104123,99.0,P48
543,2458999.71793405,g,0.5459785050104389,26.77779351828383,18.583138018104123,99.0,P48
544,2459093.0133681,g,-7.772908196152344,7.26685418427487,19.999208874695846,99.0,P48
545,2459102.9809375,g,58.52656742523278,39.48173261324391,18.16158448175839,99.0,P48
546,2459105.9934143997,g,21.432932615538004,31.710448950969795,18.399569012320818,99.0,P48
547,2459121.9928356004,g,3.5259502759214367,3.919077635571873,20.66961532219313,99.0,P48
548,2459125.00134835,g,5.510171448012913,7.137340426383147,20.018733960181393,99.0,P48
549,2459125.00134835,g,5.510171448012913,7.137340426383147,20.018733960181393,99.0,P48
550,2459125.9255787004,g,13.302966445378411,10.957004472578973,19.55334539184674,99.0,P48
551,2459126.96997685,g,5.225934382416237,6.829838541227608,20.066548896677475,99.0,P48
552,2459126.96997685,g,5.225934382416237,6.829838541227608,20.066548896677475,99.0,P48
553,2459127.9281944,g,2.418280423572944,18.50913613834374,18.984109614766254,99.0,P48
554,2459128.9261053503,g,-5.151926108973154,9.35380944540194,19.725103693481195,99.0,P48
555,2459128.9261053503,g,-5.151926108973154,9.35380944540194,19.725103693481195,99.0,P48
556,2459129.9172569,g,9.603447548915334,9.189141097432627,19.744387688953044,99.0,P48
557,2459130.8982986,g,-0.9522120877918865,4.784137369394086,20.45306588596005,99.0,P48
558,2459130.8982986,g,-0.9522120877918865,4.784137369394086,20.45306588596005,99.0,P48
559,2459135.0244213,g,2.596172977039749,4.805280443744666,20.448278142022296,99.0,P48
560,2459135.9478240497,g,-8.449247924872967,2.436094178205281,21.1858398044177,99.0,P48
561,2459135.9478240497,g,-8.449247924872967,2.436094178205281,21.1858398044177,99.0,P48
562,2459136.9509375,g,-4.877276042045866,3.1494497262274916,20.906988288605923,99.0,P48
563,2459137.9303356004,g,-4.747728806069847,3.850073202381377,20.688902521825025,99.0,P48
564,2459139.8861806,g,4.723935311067568,7.315093570504372,19.992025274799584,99.0,P48
565,2459141.9372685,g,-3.3043573354833122,3.2589096201440637,20.869894198473457,99.0,P48
566,2459143.8869271004,g,2.903575847666899,2.202486661630196,21.295291771702797,99.0,P48
567,2459143.8869271004,g,2.903575847666899,2.202486661630196,21.295291771702797,99.0,P48
568,2459145.0160532002,g,-3.286494912777322,2.82546482252319,21.024850227575755,99.0,P48
569,2459149.9922569,g,8.761415115053975,4.591176254719502,20.49776507515888,99.0,P48
570,2459150.90710065,g,2.303021629633889,5.881304074329705,20.22889090462799,99.0,P48
571,2459150.90710065,g,2.303021629633889,5.881304074329705,20.22889090462799,99.0,P48
572,2459152.8677315,g,-3.7997077707657634,12.219924633072823,19.434903670699164,99.0,P48
573,2458762.6521,g,196.55750592911238,7.241687609067417,18.166275917877936,0.04,LT+IOO
574,2458762.6535,r,206.41847271521394,1.9012477914268575,18.113128599015955,0.01,LT+IOO
575,2458762.6549,i,215.24480536003048,7.930176120844817,18.067668302132887,0.04,LT+IOO
