,JD,Filter,Flux,eFlux,Mag,eMag,Telescope
0,2458214.7042361,r,-2.4868979877208406,21.630866916961487,18.814890175801715,99.0,P48
1,2458215.7435127497,r,0.6699050452255118,8.62956123593777,19.812603201973687,99.0,P48
2,2458215.7435127497,r,0.6699050452255118,8.62956123593777,19.812603201973687,99.0,P48
3,2458216.7370486,r,-4.296944812878945,5.465399777711688,20.30852015217205,99.0,P48
4,2458217.7468403,r,-3.0090460968302244,4.044406848872234,20.635437896261244,99.0,P48
5,2458217.7468403,r,-3.0090460968302244,4.044406848872234,20.635437896261244,99.0,P48
6,2458218.76888658,r,-0.4054099284742287,2.2950603094209434,21.250589733208145,99.0,P48
7,2458218.76888658,r,-0.4054099284742287,2.2950603094209434,21.250589733208145,99.0,P48
8,2458218.76888658,r,-0.4054099284742287,2.2950603094209434,21.250589733208145,99.0,P48
9,2458218.76888658,r,-0.4054099284742287,2.2950603094209434,21.250589733208145,99.0,P48
10,2458218.76888658,r,-0.4054099284742287,2.2950603094209434,21.250589733208145,99.0,P48
11,2458219.7385417,r,1.1153789343216758,4.206783824211317,20.59269950087188,99.0,P48
12,2458219.7385417,r,1.1153789343216758,4.206783824211317,20.59269950087188,99.0,P48
13,2458221.7410416664,r,5.500979721464624,6.220158190074975,20.168071414811102,99.0,P48
14,2458221.7410416664,r,5.500979721464624,6.220158190074975,20.168071414811102,99.0,P48
15,2458221.7410416664,r,5.500979721464624,6.220158190074975,20.168071414811102,99.0,P48
16,2458222.7579282,r,-1.459112842959864,5.597313972855684,20.282625817455816,99.0,P48
17,2458224.74914352,r,0.015911353897461754,3.1064542101442796,20.921912598172707,99.0,P48
18,2458224.74914352,r,0.015911353897461754,3.1064542101442796,20.921912598172707,99.0,P48
19,2458224.74914352,r,0.015911353897461754,3.1064542101442796,20.921912598172707,99.0,P48
20,2458224.74914352,r,0.015911353897461754,3.1064542101442796,20.921912598172707,99.0,P48
21,2458224.74914352,r,0.015911353897461754,3.1064542101442796,20.921912598172707,99.0,P48
22,2458226.7547569,r,0.1898284848835686,4.21126292618803,20.591544096587715,99.0,P48
23,2458227.75337965,r,1.949475882841963,3.4916303922785907,20.795004326468344,99.0,P48
24,2458227.75337965,r,1.949475882841963,3.4916303922785907,20.795004326468344,99.0,P48
25,2458231.7323785,r,1.2362421008771205,4.318184252604407,20.56432206589777,99.0,P48
26,2458231.7323785,r,1.2362421008771205,4.318184252604407,20.56432206589777,99.0,P48
27,2458233.6778588,r,-7.152151227443224,6.247335114375322,20.163337982570667,99.0,P48
28,2458233.6778588,r,-7.152151227443224,6.247335114375322,20.163337982570667,99.0,P48
29,2458242.7593865497,r,3.082685773050625,3.3040068906104727,20.85497262819967,99.0,P48
30,2458242.7593865497,r,3.082685773050625,3.3040068906104727,20.85497262819967,99.0,P48
31,2458243.6718171,r,0.05716656709949954,4.06623962270234,20.629592569298296,99.0,P48
32,2458244.6723727,r,-0.05651705642804515,4.097407498872502,20.621302094342326,99.0,P48
33,2458245.6738426,r,-0.5049416249509798,3.813577871802653,20.69924344180341,99.0,P48
34,2458245.6738426,r,-0.5049416249509798,3.813577871802653,20.69924344180341,99.0,P48
35,2458246.7145602,r,-3.286557785491914,4.90034100217269,20.427009232859582,99.0,P48
36,2458247.7362616,r,1.0110215975766748,4.952704342608442,20.415468981542887,99.0,P48
37,2458248.73811345,r,0.3021557308104566,3.2501978753578893,20.872800483974274,99.0,P48
38,2458248.73811345,r,0.3021557308104566,3.2501978753578893,20.872800483974274,99.0,P48
39,2458249.7358449,r,6.700033433177619,9.426275780804323,19.71672463518359,99.0,P48
40,2458250.7164582997,r,0.868776224304094,10.065339464443195,19.645503922854758,99.0,P48
41,2458254.6955555994,r,-0.16005277728655953,3.210220160008617,20.88623794475358,99.0,P48
42,2458254.6955555994,r,-0.16005277728655953,3.210220160008617,20.88623794475358,99.0,P48
43,2458255.7416204,r,-6.092185329055297,4.712913215489019,20.46935138253683,99.0,P48
44,2458256.7625925997,r,-0.20806477418591254,3.667063064132353,20.741779042204193,99.0,P48
45,2458256.7625925997,r,-0.20806477418591254,3.667063064132353,20.741779042204193,99.0,P48
46,2458257.71430555,r,-2.373595274557637,3.0354913496326454,20.94700249020125,99.0,P48
47,2458257.71430555,r,-2.373595274557637,3.0354913496326454,20.94700249020125,99.0,P48
48,2458258.7053241003,r,0.8709918298343332,5.783301696165239,20.247135367573478,99.0,P48
49,2458260.6779861003,r,3.46363914494437,5.492756960351281,20.30309903143609,99.0,P48
50,2458260.6779861003,r,3.46363914494437,5.492756960351281,20.30309903143609,99.0,P48
51,2458262.721875,r,-3.1955210384007207,5.367159410486326,20.3282137529144,99.0,P48
52,2458262.721875,r,-3.1955210384007207,5.367159410486326,20.3282137529144,99.0,P48
53,2458263.7257407,r,-1.5678208108992366,5.6322100291174975,20.275877885194657,99.0,P48
54,2458266.7350636497,r,0.3228187039304876,7.028130360035016,20.035475468328755,99.0,P48
55,2458266.7350636497,r,0.3228187039304876,7.028130360035016,20.035475468328755,99.0,P48
56,2458267.7883332996,r,-4.951421698806958,12.512750560089003,19.409193021528026,99.0,P48
57,2458269.6822106503,r,0.10439492014972374,5.1596742816862395,20.371019272946178,99.0,P48
58,2458269.6822106503,r,0.10439492014972374,5.1596742816862395,20.371019272946178,99.0,P48
59,2458271.685544,r,-0.9908931830841604,6.6636421461890745,20.093295823275817,99.0,P48
60,2458272.68206595,r,-0.30483976352638825,3.2154814523443687,20.884459967127505,99.0,P48
61,2458272.68206595,r,-0.30483976352638825,3.2154814523443687,20.884459967127505,99.0,P48
62,2458277.7360880002,r,2.8387348672823842,4.949342696686885,20.416206174733418,99.0,P48
63,2458278.7385994997,r,-6.685376496411811,6.345127738537202,20.146474065091255,99.0,P48
64,2458279.6795196496,r,-3.9695823230649117,3.769080060872261,20.711986582637458,99.0,P48
65,2458279.6795196496,r,-3.9695823230649117,3.769080060872261,20.711986582637458,99.0,P48
66,2458280.6988889,r,-3.2150345580355455,5.5292488133716935,20.295909655639285,99.0,P48
67,2458281.6963079,r,4.276938937864097,4.6504691969433765,20.483833058890077,99.0,P48
68,2458283.6998437503,r,2.8199869204548564,3.1207042463295505,20.916943459416927,99.0,P48
69,2458283.6998437503,r,2.8199869204548564,3.1207042463295505,20.916943459416927,99.0,P48
70,2458284.7025926,r,-1.912750074657494,5.576399836015399,20.28669022477185,99.0,P48
71,2458289.7195832995,r,-2.620587523339083,7.6196751943277485,19.947733841755056,99.0,P48
72,2458292.7380323997,r,-12.6854288929441,8.991674318980175,19.7679735685617,99.0,P48
73,2458295.7361806,r,3.4620982443377084,9.54102319963083,19.70358760949481,99.0,P48
74,2458298.7571296003,r,-12.04330882840511,16.457782468627475,19.111646694854713,99.0,P48
75,2458307.6780903,r,-2.7349617265685544,7.356252859703326,19.985933366617047,99.0,P48
76,2458423.0401272997,r,1.5956392847241143,8.718804206247318,19.80143267655324,99.0,P48
77,2458424.0358565003,r,0.010398143871043283,5.76666625095904,20.250262946405705,99.0,P48
78,2458424.0358565003,r,0.010398143871043283,5.76666625095904,20.250262946405705,99.0,P48
79,2458427.0360474503,r,3.7271003325700134,3.6010526376715895,20.761501315082455,99.0,P48
80,2458427.0360474503,r,3.7271003325700134,3.6010526376715895,20.761501315082455,99.0,P48
81,2458427.992963,r,-0.5815541030896139,8.99836897283251,19.767165496198174,99.0,P48
82,2458430.03058445,r,0.48339098553559257,3.459293167930989,20.805106566330295,99.0,P48
83,2458430.03058445,r,0.48339098553559257,3.459293167930989,20.805106566330295,99.0,P48
84,2458430.9844792006,r,4.613236142252754,5.557670941582976,20.29034291539073,99.0,P48
85,2458432.0488657,r,-6.619662622701981,9.410883853059278,19.718498955437582,99.0,P48
86,2458433.04832175,r,0.9572621290453628,4.745337293981511,20.461907271430377,99.0,P48
87,2458433.04832175,r,0.9572621290453628,4.745337293981511,20.461907271430377,99.0,P48
88,2458434.9859491,r,-13.034899539472182,13.293654024645717,19.343464059635746,99.0,P48
89,2458436.0268171,r,15.817684800844338,12.241362937986029,19.433000553399644,99.0,P48
90,2458439.0243518995,r,2.347823040494913,4.616514362038492,20.49178951167311,99.0,P48
91,2458440.0540393996,r,4.238730464605175,4.339685903339289,20.558929245668395,99.0,P48
92,2458441.0251157503,r,-0.9474393633492609,3.120153875597036,20.917134957900053,99.0,P48
93,2458441.0251157503,r,-0.9474393633492609,3.120153875597036,20.917134957900053,99.0,P48
94,2458442.0586921,r,3.5662165897205824,15.945756813996761,19.145962148017052,99.0,P48
95,2458442.9079398,r,7.771202089404213,13.758375486437552,19.30615709462309,99.0,P48
96,2458443.95322915,r,4.024382551648505,6.032263149264234,20.20137429220933,99.0,P48
97,2458443.95322915,r,4.024382551648505,6.032263149264234,20.20137429220933,99.0,P48
98,2458447.9858912,r,-0.6692868876093149,7.2616565356269,19.999985730034464,99.0,P48
99,2458447.9858912,r,-0.6692868876093149,7.2616565356269,19.999985730034464,99.0,P48
100,2458449.007272367,r,-4.8581110958865565,4.67268760883136,20.478658120750527,99.0,P48
101,2458449.007272367,r,-4.8581110958865565,4.67268760883136,20.478658120750527,99.0,P48
102,2458449.007272367,r,-4.8581110958865565,4.67268760883136,20.478658120750527,99.0,P48
103,2458449.99040505,r,6.356920538646536,7.031546434746601,20.034947866432972,99.0,P48
104,2458449.99040505,r,6.356920538646536,7.031546434746601,20.034947866432972,99.0,P48
105,2458455.9936458003,r,3.3736402811483095,3.958480053761361,20.658753836832823,99.0,P48
106,2458455.9936458003,r,3.3736402811483095,3.958480053761361,20.658753836832823,99.0,P48
107,2458462.0359490495,r,4.770050566251632,4.948647157349653,20.41635876576506,99.0,P48
108,2458462.0359490495,r,4.770050566251632,4.948647157349653,20.41635876576506,99.0,P48
109,2458465.0491377497,r,0.5949050653917861,4.461489129352405,20.528875391303764,99.0,P48
110,2458465.0491377497,r,0.5949050653917861,4.461489129352405,20.528875391303764,99.0,P48
111,2458466.0060417005,r,0.20891768914397388,4.528526490416091,20.512682707738605,99.0,P48
112,2458468.03637735,r,15.41468327233298,12.640782388506857,19.398140101664364,99.0,P48
113,2458468.03637735,r,15.41468327233298,12.640782388506857,19.398140101664364,99.0,P48
114,2458469.0169734,r,-0.8193419194286423,2.251184682556677,21.271547176441878,99.0,P48
115,2458469.0169734,r,-0.8193419194286423,2.251184682556677,21.271547176441878,99.0,P48
116,2458472.03936345,r,-0.6310174267546017,2.8809136772157515,21.00374937562702,99.0,P48
117,2458472.03936345,r,-0.6310174267546017,2.8809136772157515,21.00374937562702,99.0,P48
118,2458474.9787962995,r,-3.4751342665048908,6.762772082919204,20.077263111162342,99.0,P48
119,2458474.9787962995,r,-3.4751342665048908,6.762772082919204,20.077263111162342,99.0,P48
120,2458476.9511458,r,-4.343357500989142,6.569311744231733,20.108775310062505,99.0,P48
121,2458481.9627198996,r,3.182376580068233,5.235198447921566,20.355242116909917,99.0,P48
122,2458486.9854167,r,-0.7877740535139919,3.9902204726164627,20.65008275784068,99.0,P48
123,2458492.0311921,r,-1.1255225320781836,6.158357213153074,20.17891279820244,99.0,P48
124,2458492.9527315,r,18.006040294993788,10.75624267884217,19.573423508979012,99.0,P48
125,2458493.9460648,r,-2.8718928740552907,2.6900532872240075,21.078172781609204,99.0,P48
126,2458494.950787,r,-5.089165480761841,3.335829154324431,20.844565489187353,99.0,P48
127,2458503.02875,r,4.198910611106673,10.61478956752407,19.587796516826007,99.0,P48
128,2458503.9930207995,r,28.336668419743027,21.597586202903457,18.816561948937427,99.0,P48
129,2458506.0281134,r,14.759107378028917,18.56250280862632,18.980983658227835,99.0,P48
130,2458514.9232755,r,4.22598838177172,11.84673957941142,19.468577884919853,99.0,P48
131,2458526.9921296,r,4.683930455335639,11.134237822472738,19.535923755632304,99.0,P48
132,2458534.8662037,r,-0.9480021256831762,28.04222750666303,18.533043718114097,99.0,P48
133,2458538.8395139,r,-2.8793066582243396,51.99903357875119,17.862586808693905,99.0,P48
134,2458539.8326389,r,-84.7647617134767,67.31709913218657,17.58226150707207,99.0,P48
135,2458540.7536921003,r,0.5018495111512283,3.399990148457478,20.823880842493104,99.0,P48
136,2458543.8400231004,r,0.49335036976440316,5.285803353242115,20.344797483861235,99.0,P48
137,2458546.8119329,r,-0.19293160324396466,3.9186516035232164,20.669733355977144,99.0,P48
138,2458558.706088,r,15.873480252716641,6.958040074682125,20.046357674838703,99.0,P48
139,2458559.7550810003,r,5.034332756713871,7.928861547825608,19.90454790327169,99.0,P48
140,2458562.8541667005,r,-7.54221781450125,29.75700421162461,18.468601973038023,99.0,P48
141,2458567.7365972,r,-4.352634420516358,3.8966711286052758,20.675840604816138,99.0,P48
142,2458572.7912268997,r,-1.5229715121332288,6.104687306207199,20.18841643052432,99.0,P48
143,2458574.7135532,r,-4.7629639223463585,10.715053293227381,19.577589150599373,99.0,P48
144,2458575.7356481003,r,16.599943622396598,33.204403834927234,18.349585771287447,99.0,P48
145,2458580.7245718,r,0.1926907327611587,4.709217330709487,20.47020315509504,99.0,P48
146,2458582.7016435,r,-0.8672460264660807,3.0123975626045296,20.95529427032878,99.0,P48
147,2458584.7993287,r,-2.5490427697462135,4.780719616377672,20.453841805213685,99.0,P48
148,2458587.7770832996,r,-11.724059539032694,10.119633314267793,19.639663048927,99.0,P48
149,2458591.8715278,r,-2.1610086278579232,15.593794840173551,19.170195448847224,99.0,P48
150,2458592.7821412003,r,10.335419413770815,7.729782777858808,19.93215676526414,99.0,P48
151,2458593.7699537002,r,8.942909040565112,5.620042220724562,20.278226043583018,99.0,P48
152,2458594.65875,r,-0.2349541303816255,4.489204703628258,20.52215146594919,99.0,P48
153,2458597.783831,r,0.5416008627592782,2.2691429378659715,21.262920354591703,99.0,P48
154,2458597.783831,r,0.5416008627592782,2.2691429378659715,21.262920354591703,99.0,P48
155,2458601.7835995,r,-0.17425911472237868,4.548383932990266,20.507932197327854,99.0,P48
156,2458602.7603819002,r,0.40810394423967744,3.300688685648339,20.856063577971298,99.0,P48
157,2458606.7412731005,r,-2.2271820085939567,2.715714351507495,21.067864770728015,99.0,P48
158,2458608.7359491,r,2.552075387336887,5.0473080660727225,20.39492545661426,99.0,P48
159,2458612.6962384,r,4.573906779537897,4.065623299683694,20.629757147629938,99.0,P48
160,2458616.6533333,r,-13.628402815975505,9.860938894946893,19.667779320092443,99.0,P48
161,2458618.7151736,r,9.59251223460507,6.069267604841338,20.194734272331246,99.0,P48
162,2458619.6958333,r,-24.091177897897435,36.60316068149612,18.243778518346996,99.0,P48
163,2458632.6792477,r,0.2107597791872633,5.402772989605922,20.321033189149965,99.0,P48
164,2458633.6708564498,r,0.2736466676735401,3.3166355797256886,20.850830600690422,99.0,P48
165,2458633.6708564498,r,0.2736466676735401,3.3166355797256886,20.850830600690422,99.0,P48
166,2458637.6964236,r,-1.0915931170912803,4.494060651706356,20.520977665790383,99.0,P48
167,2458639.6823843,r,2.229649131004452,4.312422504654562,20.565771729741144,99.0,P48
168,2458642.7155671003,r,0.11674621851984521,4.629109834804361,20.488831275654235,99.0,P48
169,2458648.6956597,r,-4.1717882601868075,10.90211627075507,19.558797965523752,99.0,P48
170,2458651.7360880002,r,1.6892024087795219,11.965735542945586,19.457726488697286,99.0,P48
171,2458654.6813542005,r,-4.410343224845662,5.818968523428473,20.240459969238078,99.0,P48
172,2458658.6840856,r,6.290263901888603,4.566550750071109,20.50360426787288,99.0,P48
173,2458661.7007522997,r,2.827872010720107,6.206548922365098,20.170449531627817,99.0,P48
174,2458667.7231713,r,-0.4629673693699457,6.861796762901601,20.061480362414756,99.0,P48
175,2458670.686088,r,-0.6246615239681982,9.185970183925374,19.744762410561904,99.0,P48
176,2458673.7026389,r,8.131295749123742,7.686801208013432,19.93821086485909,99.0,P48
177,2458676.6996875,r,-2.735719217316157,11.66346036741789,19.485506444251378,99.0,P48
178,2458679.7006134,r,-2.294277127069818,13.076003210360149,19.361387442824135,99.0,P48
179,2458766.0290625,r,-0.6502370270978092,7.267615361256735,19.999095153667966,99.0,P48
180,2458766.0290625,r,-0.6502370270978092,7.267615361256735,19.999095153667966,99.0,P48
181,2458766.0290625,r,-0.6502370270978092,7.267615361256735,19.999095153667966,99.0,P48
182,2458766.0290625,r,-0.6502370270978092,7.267615361256735,19.999095153667966,99.0,P48
183,2458768.0289323004,r,3.978100204726821,7.263879353292923,19.99965343335999,99.0,P48
184,2458768.0289323004,r,3.978100204726821,7.263879353292923,19.99965343335999,99.0,P48
185,2458768.0289323004,r,3.978100204726821,7.263879353292923,19.99965343335999,99.0,P48
186,2458768.0289323004,r,3.978100204726821,7.263879353292923,19.99965343335999,99.0,P48
187,2458770.0317911003,r,-10.312431880746178,8.741647525603868,19.798591761164154,99.0,P48
188,2458770.0317911003,r,-10.312431880746178,8.741647525603868,19.798591761164154,99.0,P48
189,2458770.0317911003,r,-10.312431880746178,8.741647525603868,19.798591761164154,99.0,P48
190,2458770.0317911003,r,-10.312431880746178,8.741647525603868,19.798591761164154,99.0,P48
191,2458772.0331211668,r,1.0938212349483503,17.75399505412306,19.029334752761716,99.0,P48
192,2458772.0331211668,r,1.0938212349483503,17.75399505412306,19.029334752761716,99.0,P48
193,2458772.0331211668,r,1.0938212349483503,17.75399505412306,19.029334752761716,99.0,P48
194,2458777.0129861,r,0.9187894009730292,11.860168804701253,19.46734781329496,99.0,P48
195,2458786.0125347,r,3.4082437243658816,7.33726212329755,19.988739902912215,99.0,P48
196,2458790.0290972,r,4.98059824429829,7.323585981702118,19.990765527387993,99.0,P48
197,2458793.0097685,r,-0.513122087344638,6.134785147406752,20.183076595516084,99.0,P48
198,2458799.0409491,r,1.78667727273278,8.721056743100847,19.80115220862576,99.0,P48
199,2458805.0264005,r,3.3802244425564094,12.10981152730656,19.444731529173445,99.0,P48
200,2458813.054375,r,5.153267605174079,5.991709572858561,20.208698103416804,99.0,P48
201,2458820.0092593,r,-87.67014222967971,214.932642516956,16.321819043632576,99.0,P48
202,2458828.9239582997,r,-6.635235744694116,9.376331784342199,19.722492572690463,99.0,P48
203,2458831.9536343,r,-8.638141696598968,12.139434070006978,19.44207888722167,99.0,P48
204,2458833.965590267,r,-1.3956212532755605,6.410726854413335,20.135306806562298,99.0,P48
205,2458833.965590267,r,-1.3956212532755605,6.410726854413335,20.135306806562298,99.0,P48
206,2458833.965590267,r,-1.3956212532755605,6.410726854413335,20.135306806562298,99.0,P48
207,2458835.0030324,r,-4.526884962934849,17.20312923417091,19.063556359460236,99.0,P48
208,2458837.9639699,r,-2.736329402024144,8.673380873388892,19.807103944301645,99.0,P48
209,2458846.9536227,r,1.394635484810127,5.085861723268683,20.386663618651248,99.0,P48
210,2458849.9503125,r,2.212516544626073,4.53900318409561,20.510173770662234,99.0,P48
211,2458851.9713310003,r,1.9730772280460358,5.658070401680322,20.270904121782117,99.0,P48
212,2458852.9432986,r,-3.8425901205656383,3.74862715491615,20.71789437197838,99.0,P48
213,2458854.9546817,r,4.848094443393676,4.784550101079965,20.452972222594855,99.0,P48
214,2458854.9546817,r,4.848094443393676,4.784550101079965,20.452972222594855,99.0,P48
215,2458855.9550058,r,1.4362320717422845,3.9257426717552963,20.667770417517676,99.0,P48
216,2458855.9550058,r,1.4362320717422845,3.9257426717552963,20.667770417517676,99.0,P48
217,2458859.8325434,r,0.8852011315834918,6.250810994145222,20.16273407082662,99.0,P48
218,2458859.8325434,r,0.8852011315834918,6.250810994145222,20.16273407082662,99.0,P48
219,2458859.8325434,r,0.8852011315834918,6.250810994145222,20.16273407082662,99.0,P48
220,2458859.8325434,r,0.8852011315834918,6.250810994145222,20.16273407082662,99.0,P48
221,2458860.893831,r,-1.3744466104802766,11.153755374898124,19.53402220096782,99.0,P48
222,2458861.820625,r,27.28630158263304,19.993189793175546,18.90036976736394,99.0,P48
223,2458862.86804395,r,10.006820226015146,8.510005497004135,19.827750387621283,99.0,P48
224,2458862.86804395,r,10.006820226015146,8.510005497004135,19.827750387621283,99.0,P48
225,2458863.8494212995,r,7.11112079639834,12.117174948816423,19.444071543369745,99.0,P48
226,2458864.8351042,r,-1.5044408153324156,4.456870568412251,20.52999993425669,99.0,P48
227,2458864.8351042,r,-1.5044408153324156,4.456870568412251,20.52999993425669,99.0,P48
228,2458866.8563021,r,1.272445213464783,3.660216434001787,20.743808072590898,99.0,P48
229,2458866.8563021,r,1.272445213464783,3.660216434001787,20.743808072590898,99.0,P48
230,2458867.91318865,r,-0.5510791928644023,3.7511347035058646,20.717168339221104,99.0,P48
231,2458867.91318865,r,-0.5510791928644023,3.7511347035058646,20.717168339221104,99.0,P48
232,2458872.0026581665,r,4.825478785695371,3.180858171568077,20.89621422623008,99.0,P48
233,2458872.0026581665,r,4.825478785695371,3.180858171568077,20.89621422623008,99.0,P48
234,2458872.0026581665,r,4.825478785695371,3.180858171568077,20.89621422623008,99.0,P48
235,2458873.8089988497,r,-0.9599906367737897,3.159377757778353,20.903571098257274,99.0,P48
236,2458873.8089988497,r,-0.9599906367737897,3.159377757778353,20.903571098257274,99.0,P48
237,2458874.810191,r,2.4133799622384067,3.003376728953902,20.958550460657072,99.0,P48
238,2458874.810191,r,2.4133799622384067,3.003376728953902,20.958550460657072,99.0,P48
239,2458875.8011689996,r,6.316005787805456,4.186172791527007,20.598032112587397,99.0,P48
240,2458875.8011689996,r,6.316005787805456,4.186172791527007,20.598032112587397,99.0,P48
241,2458876.81862845,r,0.594728557846494,2.9771215263725495,20.968083581787532,99.0,P48
242,2458876.81862845,r,0.594728557846494,2.9771215263725495,20.968083581787532,99.0,P48
243,2458877.83927085,r,3.194986296111162,4.3264364858769575,20.562249158033616,99.0,P48
244,2458877.83927085,r,3.194986296111162,4.3264364858769575,20.562249158033616,99.0,P48
245,2458878.84114005,r,18.277527515971798,5.000418661625521,20.74527200631433,0.2969742188844356,P48
246,2458878.84114005,r,18.277527515971798,5.000418661625521,20.74527200631433,0.2969742188844356,P48
247,2458879.8572859,r,39.973654241240745,6.12173511695259,19.895630993171586,0.16623807844408314,P48
248,2458879.8572859,r,39.973654241240745,6.12173511695259,19.895630993171586,0.16623807844408314,P48
249,2458880.8603511,r,53.44518305446644,3.329259188914732,19.580294200016844,0.06761901902148924,P48
250,2458880.8603511,r,53.44518305446644,3.329259188914732,19.580294200016844,0.06761901902148924,P48
251,2458880.8603511,r,53.44518305446644,3.329259188914732,19.580294200016844,0.06761901902148924,P48
252,2458881.84391205,r,53.36648988558533,3.6177837862624487,19.581894025871613,0.07358745738022816,P48
253,2458881.84391205,r,53.36648988558533,3.6177837862624487,19.581894025871613,0.07358745738022816,P48
254,2458884.0294675664,r,31.54543840036928,5.2788002257471955,20.15272420388473,0.18164710765222716,P48
255,2458884.0294675664,r,31.54543840036928,5.2788002257471955,20.15272420388473,0.18164710765222716,P48
256,2458884.0294675664,r,31.54543840036928,5.2788002257471955,20.15272420388473,0.18164710765222716,P48
257,2458885.00167825,r,20.99288428864222,5.72888264477072,20.594885342335772,0.2962290472044911,P48
258,2458885.00167825,r,20.99288428864222,5.72888264477072,20.594885342335772,0.2962290472044911,P48
259,2458885.73368055,r,29.239410599052754,12.380578477378048,19.420722645692074,99.0,P48
260,2458885.73368055,r,29.239410599052754,12.380578477378048,19.420722645692074,99.0,P48
261,2458886.8702083332,r,25.629025358957012,5.599288551065977,20.378235395279983,0.2371540718795975,P48
262,2458886.8702083332,r,25.629025358957012,5.599288551065977,20.378235395279983,0.2371540718795975,P48
263,2458886.8702083332,r,25.629025358957012,5.599288551065977,20.378235395279983,0.2371540718795975,P48
264,2458888.93217015,r,15.152559238060803,12.437883630392538,19.415708766133662,99.0,P48
265,2458888.93217015,r,15.152559238060803,12.437883630392538,19.415708766133662,99.0,P48
266,2458890.90842015,r,9.396613128461782,10.018089558166956,19.650612714636303,99.0,P48
267,2458890.90842015,r,9.396613128461782,10.018089558166956,19.650612714636303,99.0,P48
268,2458891.817550167,r,17.334347279867693,5.338853498123824,20.802796889632987,0.3343261432718708,P48
269,2458891.817550167,r,17.334347279867693,5.338853498123824,20.802796889632987,0.3343261432718708,P48
270,2458891.817550167,r,17.334347279867693,5.338853498123824,20.802796889632987,0.3343261432718708,P48
271,2458892.81239005,r,31.608379529484072,6.079988576013214,20.15056004382238,0.20879993525470267,P48
272,2458892.81239005,r,31.608379529484072,6.079988576013214,20.15056004382238,0.20879993525470267,P48
273,2458893.815897,r,24.48291757514189,4.097383270842884,20.427907696106217,0.1816658299342485,P48
274,2458893.815897,r,24.48291757514189,4.097383270842884,20.427907696106217,0.1816658299342485,P48
275,2458894.8452045,r,24.49654804298956,2.67245700431073,20.427303398259138,0.11842289260871978,P48
276,2458894.8452045,r,24.49654804298956,2.67245700431073,20.427303398259138,0.11842289260871978,P48
277,2458894.8452045,r,24.49654804298956,2.67245700431073,20.427303398259138,0.11842289260871978,P48
278,2458895.9368981495,r,24.965429422946645,3.547296171085589,20.406718020717367,0.15423688206917793,P48
279,2458895.9368981495,r,24.965429422946645,3.547296171085589,20.406718020717367,0.15423688206917793,P48
280,2458896.78391785,r,24.974132354065052,3.5148294271043103,20.406339599795672,0.15277196777171329,P48
281,2458896.78391785,r,24.974132354065052,3.5148294271043103,20.406339599795672,0.15277196777171329,P48
282,2458898.8515683,r,22.29756698696245,1.821482675034592,20.529421928987244,0.0886742237350893,P48
283,2458898.8515683,r,22.29756698696245,1.821482675034592,20.529421928987244,0.0886742237350893,P48
284,2458898.8515683,r,22.29756698696245,1.821482675034592,20.529421928987244,0.0886742237350893,P48
285,2458898.8515683,r,22.29756698696245,1.821482675034592,20.529421928987244,0.0886742237350893,P48
286,2458899.825532375,r,19.725555289819514,1.9831235155811393,20.662492527824465,0.10913155774501004,P48
287,2458899.825532375,r,19.725555289819514,1.9831235155811393,20.662492527824465,0.10913155774501004,P48
288,2458899.825532375,r,19.725555289819514,1.9831235155811393,20.662492527824465,0.10913155774501004,P48
289,2458899.825532375,r,19.725555289819514,1.9831235155811393,20.662492527824465,0.10913155774501004,P48
290,2458900.87323785,r,15.17913506749992,2.2923148774436903,20.946948058685614,0.16392948533627894,P48
291,2458900.87323785,r,15.17913506749992,2.2923148774436903,20.946948058685614,0.16392948533627894,P48
292,2458900.87323785,r,15.17913506749992,2.2923148774436903,20.946948058685614,0.16392948533627894,P48
293,2458900.87323785,r,15.17913506749992,2.2923148774436903,20.946948058685614,0.16392948533627894,P48
294,2458901.934869825,r,16.949561567889372,2.1896061259946964,20.82716945016884,0.14022884546288672,P48
295,2458901.934869825,r,16.949561567889372,2.1896061259946964,20.82716945016884,0.14022884546288672,P48
296,2458901.934869825,r,16.949561567889372,2.1896061259946964,20.82716945016884,0.14022884546288672,P48
297,2458901.934869825,r,16.949561567889372,2.1896061259946964,20.82716945016884,0.14022884546288672,P48
298,2458903.932883586,r,14.89791276413322,1.531670416632464,20.967252055029423,0.11160142119084783,P48
299,2458903.932883586,r,14.89791276413322,1.531670416632464,20.967252055029423,0.11160142119084783,P48
300,2458903.932883586,r,14.89791276413322,1.531670416632464,20.967252055029423,0.11160142119084783,P48
301,2458903.932883586,r,14.89791276413322,1.531670416632464,20.967252055029423,0.11160142119084783,P48
302,2458903.932883586,r,14.89791276413322,1.531670416632464,20.967252055029423,0.11160142119084783,P48
303,2458903.932883586,r,14.89791276413322,1.531670416632464,20.967252055029423,0.11160142119084783,P48
304,2458903.932883586,r,14.89791276413322,1.531670416632464,20.967252055029423,0.11160142119084783,P48
305,2458904.732295533,r,8.812197865388525,2.7513101878592656,21.537355022147125,0.3389105935366509,P48
306,2458904.732295533,r,8.812197865388525,2.7513101878592656,21.537355022147125,0.3389105935366509,P48
307,2458904.732295533,r,8.812197865388525,2.7513101878592656,21.537355022147125,0.3389105935366509,P48
308,2458905.7357600667,r,9.967320089366702,3.777042047448309,20.709695440201322,99.0,P48
309,2458905.7357600667,r,9.967320089366702,3.777042047448309,20.709695440201322,99.0,P48
310,2458905.7357600667,r,9.967320089366702,3.777042047448309,20.709695440201322,99.0,P48
311,2458906.8830401003,r,12.095955842364706,4.013559566348319,21.193465140483223,0.3601797961275775,P48
312,2458906.8830401003,r,12.095955842364706,4.013559566348319,21.193465140483223,0.3601797961275775,P48
313,2458906.8830401003,r,12.095955842364706,4.013559566348319,21.193465140483223,0.3601797961275775,P48
314,2458911.7334182,r,5.951103782552287,5.446154373581929,20.31235012055544,99.0,P48
315,2458911.7334182,r,5.951103782552287,5.446154373581929,20.31235012055544,99.0,P48
316,2458911.7334182,r,5.951103782552287,5.446154373581929,20.31235012055544,99.0,P48
317,2458912.9211883,r,9.359670499925722,3.0668185691244774,21.471914222280688,0.35567828555621045,P48
318,2458912.9211883,r,9.359670499925722,3.0668185691244774,21.471914222280688,0.35567828555621045,P48
319,2458912.9211883,r,9.359670499925722,3.0668185691244774,21.471914222280688,0.35567828555621045,P48
320,2458913.7960725,r,3.4504535000766516,4.538291969481365,20.51034390756856,99.0,P48
321,2458913.7960725,r,3.4504535000766516,4.538291969481365,20.51034390756856,99.0,P48
322,2458913.7960725,r,3.4504535000766516,4.538291969481365,20.51034390756856,99.0,P48
323,2458914.8539004666,r,5.000148050665203,4.5904687126737915,20.49793240988369,99.0,P48
324,2458914.8539004666,r,5.000148050665203,4.5904687126737915,20.49793240988369,99.0,P48
325,2458914.8539004666,r,5.000148050665203,4.5904687126737915,20.49793240988369,99.0,P48
326,2458915.898101833,r,12.746861124346019,6.343504561891349,20.146751847852865,99.0,P48
327,2458915.898101833,r,12.746861124346019,6.343504561891349,20.146751847852865,99.0,P48
328,2458915.898101833,r,12.746861124346019,6.343504561891349,20.146751847852865,99.0,P48
329,2458939.8169251666,r,12.702271590130168,6.998609206305668,20.04004562985255,99.0,P48
330,2458939.8169251666,r,12.702271590130168,6.998609206305668,20.04004562985255,99.0,P48
331,2458939.8169251666,r,12.702271590130168,6.998609206305668,20.04004562985255,99.0,P48
332,2458940.7286978997,r,6.594485555887371,10.48546317686524,19.601105940612957,99.0,P48
333,2458940.7286978997,r,6.594485555887371,10.48546317686524,19.601105940612957,99.0,P48
334,2458941.79368055,r,7.9928182418269,4.317248672045247,20.564557327684504,99.0,P48
335,2458941.79368055,r,7.9928182418269,4.317248672045247,20.564557327684504,99.0,P48
336,2458944.8428935003,r,6.746856054492179,13.841505388689269,19.299616673820672,99.0,P48
337,2458954.7095255,r,4.034194331458847,4.589763448859248,20.498099231472814,99.0,P48
338,2458955.73774885,r,4.521825285493107,2.950166144190287,20.977958802203347,99.0,P48
339,2458955.73774885,r,4.521825285493107,2.950166144190287,20.977958802203347,99.0,P48
340,2458962.7550116,r,5.460357245098725,4.4898275002701356,20.52200084997009,99.0,P48
341,2458965.7815856,r,3.2714854226481798,4.707186795034367,20.47067140732854,99.0,P48
342,2458968.6993981004,r,6.373651544863437,3.6754041920272407,20.739312223320617,99.0,P48
343,2458970.706134275,r,4.415905485213158,2.5274771494805695,21.14585689442655,99.0,P48
344,2458970.706134275,r,4.415905485213158,2.5274771494805695,21.14585689442655,99.0,P48
345,2458970.706134275,r,4.415905485213158,2.5274771494805695,21.14585689442655,99.0,P48
346,2458970.706134275,r,4.415905485213158,2.5274771494805695,21.14585689442655,99.0,P48
347,2458971.7076581665,r,2.62935148634728,4.1354745758721485,20.61126160113987,99.0,P48
348,2458971.7076581665,r,2.62935148634728,4.1354745758721485,20.61126160113987,99.0,P48
349,2458971.7076581665,r,2.62935148634728,4.1354745758721485,20.61126160113987,99.0,P48
350,2458972.70207755,r,3.8666511974082862,6.474351315010751,20.124584335046634,99.0,P48
351,2458972.70207755,r,3.8666511974082862,6.474351315010751,20.124584335046634,99.0,P48
352,2458974.74088545,r,6.189096830848753,6.4761920525400685,20.12427569079353,99.0,P48
353,2458974.74088545,r,6.189096830848753,6.4761920525400685,20.12427569079353,99.0,P48
354,2458975.6701273,r,-0.08178806775190392,7.724793606259445,19.93285777761035,99.0,P48
355,2458976.7336111,r,-4.782086064197554,8.701024983446578,19.80364895001721,99.0,P48
356,2458977.7208564496,r,-4.975243952895341,23.659352061723045,18.7175678721444,99.0,P48
357,2458977.7208564496,r,-4.975243952895341,23.659352061723045,18.7175678721444,99.0,P48
358,2458978.7212731005,r,4.061594381170138,6.116944730727122,20.186238597972938,99.0,P48
359,2458980.74038775,r,5.985019625604542,2.341378058248278,21.22889612882407,99.0,P48
360,2458980.74038775,r,5.985019625604542,2.341378058248278,21.22889612882407,99.0,P48
361,2458981.7475694,r,5.826840894145241,4.734276154511501,20.464441021377894,99.0,P48
362,2458985.71191555,r,2.822170263491123,2.6927886280698057,21.077069327749328,99.0,P48
363,2458985.71191555,r,2.822170263491123,2.6927886280698057,21.077069327749328,99.0,P48
364,2458986.7491667005,r,0.7007587049891079,4.200270537913601,20.594381829034788,99.0,P48
365,2458987.6705324,r,2.4148860476840057,3.462112659242267,20.80422199922314,99.0,P48
366,2458991.7043634,r,0.40914606116931534,3.6253631458765514,20.754196200270922,99.0,P48
367,2458994.6937268996,r,3.8438265207760165,3.921549156699514,20.668930830983673,99.0,P48
368,2458995.7300347,r,1.6887435331951288,4.7536181890907026,20.460014248577178,99.0,P48
369,2458996.7480556,r,4.877625886702863,4.65209152158012,20.483454363890893,99.0,P48
370,2458997.73391785,r,3.5250098321675845,3.281662044723268,20.862340353940294,99.0,P48
371,2458997.73391785,r,3.5250098321675845,3.281662044723268,20.862340353940294,99.0,P48
372,2458998.732338,r,2.4001458736449646,5.618691501487306,20.27848702045491,99.0,P48
373,2458999.7748264,r,5.194911096234922,9.903965757678828,19.663052163826077,99.0,P48
374,2459004.75,r,4.069557405338426,10.551227079104294,19.594317564555666,99.0,P48
375,2459009.6856597,r,2.5796388730208966,6.5237374897389016,20.116333796563843,99.0,P48
376,2459019.716713,r,1.5359127090023452,4.689894801397286,20.47466723614893,99.0,P48
377,2459022.7230093,r,3.7368062019235837,5.246971349549302,20.35280325717879,99.0,P48
378,2459025.6716782004,r,-0.8545494256999968,12.280619331601592,19.42952431532408,99.0,P48
379,2459029.7291898,r,5.963549709431569,16.139528958188173,19.132847850593343,99.0,P48
380,2459032.7181597,r,1.6602435099348702,9.469628142157092,19.711742676018197,99.0,P48
381,2459044.6832118,r,6.846585601726417,3.9970195998312317,20.64823429446811,99.0,P48
382,2459044.6832118,r,6.846585601726417,3.9970195998312317,20.64823429446811,99.0,P48
383,2459044.6832118,r,6.846585601726417,3.9970195998312317,20.64823429446811,99.0,P48
384,2459044.6832118,r,6.846585601726417,3.9970195998312317,20.64823429446811,99.0,P48
385,2459046.6782494253,r,3.9127479234963243,4.497887334781015,20.520053557106625,99.0,P48
386,2459046.6782494253,r,3.9127479234963243,4.497887334781015,20.520053557106625,99.0,P48
387,2459046.6782494253,r,3.9127479234963243,4.497887334781015,20.520053557106625,99.0,P48
388,2459046.6782494253,r,3.9127479234963243,4.497887334781015,20.520053557106625,99.0,P48
389,2459048.676530675,r,3.619055598040494,3.594844084413635,20.763374841894834,99.0,P48
390,2459048.676530675,r,3.619055598040494,3.594844084413635,20.763374841894834,99.0,P48
391,2459048.676530675,r,3.619055598040494,3.594844084413635,20.763374841894834,99.0,P48
392,2459048.676530675,r,3.619055598040494,3.594844084413635,20.763374841894834,99.0,P48
393,2459050.674985525,r,4.407407682532495,5.764028581722747,20.250759675020507,99.0,P48
394,2459050.674985525,r,4.407407682532495,5.764028581722747,20.250759675020507,99.0,P48
395,2459050.674985525,r,4.407407682532495,5.764028581722747,20.250759675020507,99.0,P48
396,2459050.674985525,r,4.407407682532495,5.764028581722747,20.250759675020507,99.0,P48
397,2459052.67921875,r,7.880809053947589,4.123524832446803,20.614403453436182,99.0,P48
398,2459052.67921875,r,7.880809053947589,4.123524832446803,20.614403453436182,99.0,P48
399,2459052.67921875,r,7.880809053947589,4.123524832446803,20.614403453436182,99.0,P48
400,2459052.67921875,r,7.880809053947589,4.123524832446803,20.614403453436182,99.0,P48
401,2459056.6779514,r,0.959344903076786,5.427426170222882,20.31609017811276,99.0,P48
402,2459056.6779514,r,0.959344903076786,5.427426170222882,20.31609017811276,99.0,P48
403,2459056.6779514,r,0.959344903076786,5.427426170222882,20.31609017811276,99.0,P48
404,2459056.6779514,r,0.959344903076786,5.427426170222882,20.31609017811276,99.0,P48
405,2459060.6704190196,r,2.504555204742314,5.695530706426645,20.263739495104538,99.0,P48
406,2459060.6704190196,r,2.504555204742314,5.695530706426645,20.263739495104538,99.0,P48
407,2459060.6704190196,r,2.504555204742314,5.695530706426645,20.263739495104538,99.0,P48
408,2459060.6704190196,r,2.504555204742314,5.695530706426645,20.263739495104538,99.0,P48
409,2459060.6704190196,r,2.504555204742314,5.695530706426645,20.263739495104538,99.0,P48
410,2459062.66913192,r,1.6534783130476365,7.122047110216084,20.021062883969655,99.0,P48
411,2459062.66913192,r,1.6534783130476365,7.122047110216084,20.021062883969655,99.0,P48
412,2459062.66913192,r,1.6534783130476365,7.122047110216084,20.021062883969655,99.0,P48
413,2459062.66913192,r,1.6534783130476365,7.122047110216084,20.021062883969655,99.0,P48
414,2459062.66913192,r,1.6534783130476365,7.122047110216084,20.021062883969655,99.0,P48
415,2459064.6669305596,r,5.833184253385166,11.775778478714015,19.475100920924234,99.0,P48
416,2459064.6669305596,r,5.833184253385166,11.775778478714015,19.475100920924234,99.0,P48
417,2459064.6669305596,r,5.833184253385166,11.775778478714015,19.475100920924234,99.0,P48
418,2459064.6669305596,r,5.833184253385166,11.775778478714015,19.475100920924234,99.0,P48
419,2459064.6669305596,r,5.833184253385166,11.775778478714015,19.475100920924234,99.0,P48
420,2459132.0262383996,r,0.3512793861262731,6.077986937077387,20.19317558328209,99.0,P48
421,2459132.0262383996,r,0.3512793861262731,6.077986937077387,20.19317558328209,99.0,P48
422,2459132.0262383996,r,0.3512793861262731,6.077986937077387,20.19317558328209,99.0,P48
423,2459132.0262383996,r,0.3512793861262731,6.077986937077387,20.19317558328209,99.0,P48
424,2459132.0262383996,r,0.3512793861262731,6.077986937077387,20.19317558328209,99.0,P48
425,2459136.02916436,r,2.6150124334865192,3.9956447915015745,20.648607806758818,99.0,P48
426,2459136.02916436,r,2.6150124334865192,3.9956447915015745,20.648607806758818,99.0,P48
427,2459136.02916436,r,2.6150124334865192,3.9956447915015745,20.648607806758818,99.0,P48
428,2459136.02916436,r,2.6150124334865192,3.9956447915015745,20.648607806758818,99.0,P48
429,2459136.02916436,r,2.6150124334865192,3.9956447915015745,20.648607806758818,99.0,P48
430,2459138.0304907397,r,0.28576002232010494,3.9215787593537907,20.66892263510217,99.0,P48
431,2459138.0304907397,r,0.28576002232010494,3.9215787593537907,20.66892263510217,99.0,P48
432,2459138.0304907397,r,0.28576002232010494,3.9215787593537907,20.66892263510217,99.0,P48
433,2459138.0304907397,r,0.28576002232010494,3.9215787593537907,20.66892263510217,99.0,P48
434,2459138.0304907397,r,0.28576002232010494,3.9215787593537907,20.66892263510217,99.0,P48
435,2459147.0299768997,r,-82.69833237714995,200.48747303405145,16.397356884202715,99.0,P48
436,2459151.0449306,r,-1.1214757201803511,12.09976156346907,19.4456329585527,99.0,P48
437,2459152.9712616,r,-10.035095041279943,16.187983876472078,19.129593081273704,99.0,P48
438,2458205.7955208,g,-2.0724326129159634,7.370136615702619,19.983886143699607,99.0,P48
439,2458205.7955208,g,-2.0724326129159634,7.370136615702619,19.983886143699607,99.0,P48
440,2458206.7815856,g,1.70377008685681,9.865269475868208,19.667302607236017,99.0,P48
441,2458208.7994617997,g,-3.1505561948456253,35.78157646050469,18.268426312289236,99.0,P48
442,2458208.7994617997,g,-3.1505561948456253,35.78157646050469,18.268426312289236,99.0,P48
443,2458216.7613426005,g,3.3113147830032443,5.200356358181887,20.362492226664692,99.0,P48
444,2458229.7629051004,g,0.010114810850692012,3.9946267456945397,20.648884475503213,99.0,P48
445,2458230.796331,g,0.7182812327433445,6.951052131759217,20.047448625010567,99.0,P48
446,2458233.7235301,g,9.858818161468836,5.635247334522152,20.275292533519263,99.0,P48
447,2458233.7235301,g,9.858818161468836,5.635247334522152,20.275292533519263,99.0,P48
448,2458234.6910647997,g,1.206129598025705,20.654372429639075,18.865044979801866,99.0,P48
449,2458235.69219325,g,3.2936268096367955,7.709968649200324,19.93494345891809,99.0,P48
450,2458235.69219325,g,3.2936268096367955,7.709968649200324,19.93494345891809,99.0,P48
451,2458236.6914621666,g,1.8931990271160606,7.1604375371670255,20.01522608766001,99.0,P48
452,2458236.6914621666,g,1.8931990271160606,7.1604375371670255,20.01522608766001,99.0,P48
453,2458236.6914621666,g,1.8931990271160606,7.1604375371670255,20.01522608766001,99.0,P48
454,2458237.7120832996,g,-10.095432934079659,14.990696295453555,19.21302047504289,99.0,P48
455,2458238.6506366003,g,-19.841227459351877,12.098914606769156,19.44570896035932,99.0,P48
456,2458242.7060301,g,-0.5764061601593228,2.508874040953936,21.153877844334794,99.0,P48
457,2458242.7060301,g,-0.5764061601593228,2.508874040953936,21.153877844334794,99.0,P48
458,2458243.7109954,g,-3.564448279305952,3.336609255603629,20.84431161372114,99.0,P48
459,2458244.7121296003,g,-0.5217317064894165,2.6460637782028154,21.096074219663773,99.0,P48
460,2458245.7251736,g,1.1150447371827634,2.8571166341135052,21.0127550650337,99.0,P48
461,2458245.7251736,g,1.1150447371827634,2.8571166341135052,21.0127550650337,99.0,P48
462,2458247.6944329,g,-0.1052141978144539,2.6982725877628493,21.07486043588203,99.0,P48
463,2458248.70360535,g,-0.4866741605296637,2.1087614519630424,21.342506353888574,99.0,P48
464,2458248.70360535,g,-0.4866741605296637,2.1087614519630424,21.342506353888574,99.0,P48
465,2458250.6953819,g,4.810084708108409,4.588058088087882,20.498502719805096,99.0,P48
466,2458255.6990509,g,-4.130221251722909,3.77053029783775,20.711568901955456,99.0,P48
467,2458258.6704861,g,-0.978504695211617,3.9657158287573213,20.656771012283166,99.0,P48
468,2458262.7134375,g,1.2051167436429167,5.540028488427138,20.293794994155263,99.0,P48
469,2458263.749838,g,3.8908880159790202,6.5518046022787155,20.111672647246053,99.0,P48
470,2458267.6832522997,g,1.7111930739878625,13.433524703626677,19.332100043397205,99.0,P48
471,2458268.6698148,g,-6.5807058719884814,11.885742732626925,19.46500917490338,99.0,P48
472,2458269.734375,g,-2.861225907686998,8.958800383555639,19.77195033935778,99.0,P48
473,2458272.6996528,g,0.30083986329376194,2.6126763565002684,21.109860951343126,99.0,P48
474,2458272.6996528,g,0.30083986329376194,2.6126763565002684,21.109860951343126,99.0,P48
475,2458274.7212962997,g,2.1948937804869977,3.30196020795731,20.85564540101071,99.0,P48
476,2458276.71861685,g,-3.381984320185712,2.560791564532687,21.131639412822167,99.0,P48
477,2458276.71861685,g,-3.381984320185712,2.560791564532687,21.131639412822167,99.0,P48
478,2458277.7212384,g,0.14010534132588442,4.001706796964181,20.646961826838606,99.0,P48
479,2458278.6954167006,g,-3.111282785296068,5.0102828365165335,20.4029193816419,99.0,P48
480,2458279.70522565,g,-0.1453881538596082,2.6633747094377775,21.088994310395414,99.0,P48
481,2458279.70522565,g,-0.1453881538596082,2.6633747094377775,21.088994310395414,99.0,P48
482,2458280.7158218,g,2.0093862760101344,3.3056023684213396,20.854448461644914,99.0,P48
483,2458281.7380556,g,-1.8419227338445878,4.1734359707876925,20.601340601896915,99.0,P48
484,2458283.7396933,g,0.1579762279557102,2.882029325975809,21.00332900004286,99.0,P48
485,2458283.7396933,g,0.1579762279557102,2.882029325975809,21.00332900004286,99.0,P48
486,2458284.7161111,g,-3.0544580031800574,4.295182753120114,20.570120871429175,99.0,P48
487,2458286.7186573995,g,0.9350911328978115,3.7221053083536075,20.725603348345917,99.0,P48
488,2458289.6777662,g,1.9520523331848683,6.510230824994827,20.118584021485876,99.0,P48
489,2458292.6958102,g,8.397199142122231,7.8015729038964725,19.922119561082255,99.0,P48
490,2458295.6781134,g,2.2998281519545,9.590308971789494,19.697993491415332,99.0,P48
491,2458298.6796759,g,12.632786905074255,11.013111586068764,19.547799890245386,99.0,P48
492,2458307.7241897997,g,-0.3065485035149016,7.599779990160044,19.950572439524585,99.0,P48
493,2458422.9857176,g,7.265819201908247,10.61134791717417,19.588148603909627,99.0,P48
494,2458423.99519095,g,5.2378776481731135,6.416934118605276,20.13425603791385,99.0,P48
495,2458423.99519095,g,5.2378776481731135,6.416934118605276,20.13425603791385,99.0,P48
496,2458426.0261227,g,-1.220011495026309,5.969622841371972,20.212707755593314,99.0,P48
497,2458426.9931191998,g,0.5312856349313022,2.7718004574258894,21.04567008390479,99.0,P48
498,2458426.9931191998,g,0.5312856349313022,2.7718004574258894,21.04567008390479,99.0,P48
499,2458428.0290508997,g,-0.4125943600589157,4.372080369249802,20.5508546473651,99.0,P48
500,2458429.9890104,g,2.765947521373737,2.573707601130385,21.12617697620137,99.0,P48
501,2458429.9890104,g,2.765947521373737,2.573707601130385,21.12617697620137,99.0,P48
502,2458431.0261457996,g,-0.10600219646462575,3.5674954089465336,20.771666431939543,99.0,P48
503,2458431.9863542,g,0.3217804827369644,5.836625428577858,20.23717043188314,99.0,P48
504,2458432.9875462996,g,3.0613434147791474,3.312492931818585,20.852187588533987,99.0,P48
505,2458432.9875462996,g,3.0613434147791474,3.312492931818585,20.852187588533987,99.0,P48
506,2458435.0250694,g,4.621567202873383,5.866654678979055,20.23159867497142,99.0,P48
507,2458438.0095948996,g,3.204747812452899,5.349697488211741,20.33175192799233,99.0,P48
508,2458438.9948611,g,-1.512200796601694,3.556290392574407,20.775081947880594,99.0,P48
509,2458439.9904744998,g,3.18325607975457,4.370896088257491,20.55114878443937,99.0,P48
510,2458440.9721585503,g,-1.7868587199502972,3.321753404801364,20.84915651708728,99.0,P48
511,2458440.9721585503,g,-1.7868587199502972,3.321753404801364,20.84915651708728,99.0,P48
512,2458442.013206,g,5.004396878979425,4.615030723078972,20.492138497792368,99.0,P48
513,2458451.0046875,g,0.5630615467327553,4.77291228432087,20.45561635651559,99.0,P48
514,2458451.0046875,g,0.5630615467327553,4.77291228432087,20.45561635651559,99.0,P48
515,2458461.97364005,g,-0.4942080663533711,4.4773632631639835,20.525019160288956,99.0,P48
516,2458461.97364005,g,-0.4942080663533711,4.4773632631639835,20.525019160288956,99.0,P48
517,2458463.0059954,g,-27.090244772398012,25.910874210178417,18.61886982428979,99.0,P48
518,2458465.00516205,g,-1.3391131213201182,1.8882261264918176,21.462439982995527,99.0,P48
519,2458465.00516205,g,-1.3391131213201182,1.8882261264918176,21.462439982995527,99.0,P48
520,2458467.0161458,g,-43.392009863179496,63.63376873418579,17.64335587602494,99.0,P48
521,2458467.9943287,g,-5.7225153991612965,11.143338891939354,19.535036642882268,99.0,P48
522,2458467.9943287,g,-5.7225153991612965,11.143338891939354,19.535036642882268,99.0,P48
523,2458468.9571875,g,0.10531594712775091,3.571526127281948,20.770440410342395,99.0,P48
524,2458470.0160069,g,-0.1189419236101372,3.449262447242385,20.808259388677243,99.0,P48
525,2458473.0170602,g,-2.2323250626842848,4.014284464467421,20.64355462746892,99.0,P48
526,2458480.9963657,g,1.2436647594332928,7.361714180373517,19.985127609431505,99.0,P48
527,2458483.0419213,g,0.6651114420431069,4.686844332464599,20.47537366609889,99.0,P48
528,2458487.0241087996,g,-0.49832245430199634,3.0397173193075036,20.945491994260685,99.0,P48
529,2458487.9766435,g,0.3507540532723245,3.1600805602483826,20.903329603479953,99.0,P48
530,2458491.9728125,g,1.5579016964875054,4.287793412227278,20.571990357435958,99.0,P48
531,2458494.9755093,g,1.348313500101511,3.391923247819564,20.8264599478763,99.0,P48
532,2458502.9565972,g,-6.161719757292562,9.875488651057125,19.66617850355113,99.0,P48
533,2458506.9910069,g,-15.297367601481636,13.754470170771748,19.306465324654305,99.0,P48
534,2458508.0074537,g,1.958275261547303,12.453070831918836,19.414383843329496,99.0,P48
535,2458509.0388078997,g,-11.712574403818408,8.692619011154505,19.80469837579217,99.0,P48
536,2458514.9646296003,g,26.399703625527387,25.870183801994227,18.62057620342307,99.0,P48
537,2458522.9369502,g,2.08030923712173,3.1238961785387946,20.915833509563054,99.0,P48
538,2458522.9369502,g,2.08030923712173,3.1238961785387946,20.915833509563054,99.0,P48
539,2458526.9236343,g,2.83398925985197,7.981904362211692,19.89730868956417,99.0,P48
540,2458534.8032465,g,-25.099395052328422,18.54179545901728,18.98219552437591,99.0,P48
541,2458534.8032465,g,-25.099395052328422,18.54179545901728,18.98219552437591,99.0,P48
542,2458538.7980323997,g,21.41812230384723,19.572769168735327,18.92344430344847,99.0,P48
543,2458539.765787,g,-4.991315798263303,5.753709036541114,20.252705249262572,99.0,P48
544,2458540.8953935,g,3.310117843835722,4.64526441533677,20.48504888986252,99.0,P48
545,2458543.7808912,g,13.500903656969724,16.78895289656825,19.090015962546694,99.0,P48
546,2458546.7748611,g,-0.05794584282231878,4.0312896223208625,20.63896498778788,99.0,P48
547,2458556.8693518997,g,9.053898798197112,6.196571610519343,20.17219630672445,99.0,P48
548,2458559.8325,g,7.065473427176931,7.858802759869569,19.91418401667788,99.0,P48
549,2458561.7450579,g,12.789291924577793,19.113131436577543,18.94924537327364,99.0,P48
550,2458567.9940046,g,-0.9620524565370275,13.945927046448366,19.29145651664635,99.0,P48
551,2458572.7600231003,g,1.3116810202446256,5.800852212106851,20.243845486361536,99.0,P48
552,2458575.775544,g,-0.28178621008301874,3.230512170121472,20.879396535480634,99.0,P48
553,2458580.7475347,g,0.3827642198218904,3.884498410763905,20.679237618898725,99.0,P48
554,2458585.6967477,g,-2.390899817958832,5.602687970601158,20.281583899000125,99.0,P48
555,2458586.7914815,g,2.2263579647305,7.669665185217805,19.940633975436842,99.0,P48
556,2458587.8293287004,g,7.951561929326262,6.683527332212066,20.090060668074937,99.0,P48
557,2458594.6865162,g,12.097743747451199,6.5180227260987,20.11728531324261,99.0,P48
558,2458597.7568519,g,1.3247644817072233,3.7597169270218256,20.71468711996601,99.0,P48
559,2458601.7484954,g,2.8797475212657715,3.3063796523797455,20.854193190128367,99.0,P48
560,2458605.735706,g,-0.8744687528796629,3.851388770028482,20.688531589801137,99.0,P48
561,2458608.7783796,g,-3.1828984791053827,4.268337746446667,20.576928046384666,99.0,P48
562,2458619.7358565,g,1.0839313235104986,16.4101447870737,19.114793957010193,99.0,P48
563,2458622.6587384,g,13.62188757901454,20.830457136063252,18.855827986939257,99.0,P48
564,2458628.69729165,g,0.1948226442440218,2.3990747513992807,21.202465538879338,99.0,P48
565,2458628.69729165,g,0.1948226442440218,2.3990747513992807,21.202465538879338,99.0,P48
566,2458633.7429167,g,-1.5370720413010073,2.706568306485681,21.071527509192407,99.0,P48
567,2458633.7429167,g,-1.5370720413010073,2.706568306485681,21.071527509192407,99.0,P48
568,2458634.6962037003,g,-2.411966472835139,3.2714196197784546,20.865734354263232,99.0,P48
569,2458635.6984606003,g,-0.6123793302107153,3.450866106246837,20.807754716725384,99.0,P48
570,2458636.74039355,g,0.043524988741949815,2.5643254005504375,21.130142153602392,99.0,P48
571,2458636.74039355,g,0.043524988741949815,2.5643254005504375,21.130142153602392,99.0,P48
572,2458637.7245486,g,-0.06580973355577098,3.325286959155631,20.848002166264884,99.0,P48
573,2458639.7241088,g,-0.3342420942709568,3.631199512608077,20.75244971055416,99.0,P48
574,2458642.6721065,g,-0.15261484410037227,6.514724206654544,20.11783490145722,99.0,P48
575,2458645.6990625,g,4.577311839688297,7.263873258107411,19.99965434441124,99.0,P48
576,2458648.6847453997,g,12.216026358508495,9.542947441376446,19.703368659363697,99.0,P48
577,2458651.6747569,g,-13.30998997547569,13.987803282681652,19.288201199198795,99.0,P48
578,2458654.7645139,g,7.6951455129186765,11.469694740997225,19.503695340236035,99.0,P48
579,2458658.6946412004,g,5.57069002199879,4.627200997850312,20.48927907682618,99.0,P48
580,2458661.7239698996,g,-0.6004008310014872,5.959874385763725,20.21448222325926,99.0,P48
581,2458667.7069444,g,1.7240740999572333,5.146727699952467,20.37374701050868,99.0,P48
582,2458670.7012616,g,4.784624106066779,8.308262388081202,19.853799479692377,99.0,P48
583,2458673.6868634,g,4.650330213716936,7.369906803858976,19.983919999100415,99.0,P48
584,2458676.6767824,g,3.2292796455933797,11.508269612124739,19.500049919529587,99.0,P48
585,2458679.6849189997,g,-8.698909356579655,14.405856343200757,19.256227290086297,99.0,P48
586,2458780.0170949,g,7.663365856000057,7.2989740986862195,19.994420432896337,99.0,P48
587,2458790.0086689997,g,7.665198908647389,5.347906513680793,20.33211547218557,99.0,P48
588,2458793.0346181,g,1.030484432944324,4.572886005624172,20.502099050952864,99.0,P48
589,2458805.0076273,g,-1.079163918805648,10.886968814647854,19.56030754190941,99.0,P48
590,2458824.0115741002,g,-12.398002276209825,15.10288038095816,19.204925532473226,99.0,P48
591,2458829.050162,g,3.4728131063296726,11.151234365399137,19.53426763047298,99.0,P48
592,2458832.0493866,g,-2.947698378485151,9.707507063833944,19.68480570105989,99.0,P48
593,2458834.0550405,g,-8.524806915366861,11.19505218613538,19.53000968316246,99.0,P48
594,2458834.0550405,g,-8.524806915366861,11.19505218613538,19.53000968316246,99.0,P48
595,2458838.0122376666,g,6.676433642367132,4.085471171159323,20.6244696134672,99.0,P48
596,2458838.0122376666,g,6.676433642367132,4.085471171159323,20.6244696134672,99.0,P48
597,2458838.0122376666,g,6.676433642367132,4.085471171159323,20.6244696134672,99.0,P48
598,2458853.0403125,g,-0.09390508104711531,2.7768404095614585,21.04369768737024,99.0,P48
599,2458854.0197917,g,1.4667711170694653,2.768909578827767,21.0468030548857,99.0,P48
600,2458854.0197917,g,1.4667711170694653,2.768909578827767,21.0468030548857,99.0,P48
601,2458855.029772367,g,1.2970612939091544,3.9608842156000184,20.658094620880192,99.0,P48
602,2458855.029772367,g,1.2970612939091544,3.9608842156000184,20.658094620880192,99.0,P48
603,2458855.029772367,g,1.2970612939091544,3.9608842156000184,20.658094620880192,99.0,P48
604,2458855.9718132666,g,2.6510604162150857,2.7912256096159362,21.038087636337387,99.0,P48
605,2458855.9718132666,g,2.6510604162150857,2.7912256096159362,21.038087636337387,99.0,P48
606,2458855.9718132666,g,2.6510604162150857,2.7912256096159362,21.038087636337387,99.0,P48
607,2458860.0213773,g,-6.1051922411200055,6.285019979943882,20.15680833256739,99.0,P48
608,2458860.0213773,g,-6.1051922411200055,6.285019979943882,20.15680833256739,99.0,P48
609,2458860.0213773,g,-6.1051922411200055,6.285019979943882,20.15680833256739,99.0,P48
610,2458861.96078125,g,1.8554829350062607,11.261824927218072,19.52355306002923,99.0,P48
611,2458861.96078125,g,1.8554829350062607,11.261824927218072,19.52355306002923,99.0,P48
612,2458862.946311733,g,3.1272796710128543,6.140996367909267,20.181977887862743,99.0,P48
613,2458862.946311733,g,3.1272796710128543,6.140996367909267,20.181977887862743,99.0,P48
614,2458862.946311733,g,3.1272796710128543,6.140996367909267,20.181977887862743,99.0,P48
615,2458863.9371644,g,1.035931044395721,8.15178302465877,19.874443460231085,99.0,P48
616,2458864.9245080994,g,-1.3877034319301997,3.6623648628100383,20.743170967473766,99.0,P48
617,2458864.9245080994,g,-1.3877034319301997,3.6623648628100383,20.743170967473766,99.0,P48
618,2458866.9551929,g,2.1147070840902784,2.578350593290108,21.12422006272692,99.0,P48
619,2458866.9551929,g,2.1147070840902784,2.578350593290108,21.12422006272692,99.0,P48
620,2458866.9551929,g,2.1147070840902784,2.578350593290108,21.12422006272692,99.0,P48
621,2458867.9185416996,g,1.1104022115458982,2.54184322114107,21.139703088891416,99.0,P48
622,2458867.9185416996,g,1.1104022115458982,2.54184322114107,21.139703088891416,99.0,P48
623,2458871.93399885,g,0.03469132855829537,2.7836839574208563,21.041025172714733,99.0,P48
624,2458871.93399885,g,0.03469132855829537,2.7836839574208563,21.041025172714733,99.0,P48
625,2458873.8979514,g,2.969087569125023,2.140263726368135,21.32640676157022,99.0,P48
626,2458873.8979514,g,2.969087569125023,2.140263726368135,21.32640676157022,99.0,P48
627,2458874.887395833,g,-0.2147412101508585,2.0240781444337803,21.387006800458373,99.0,P48
628,2458874.887395833,g,-0.2147412101508585,2.0240781444337803,21.387006800458373,99.0,P48
629,2458874.887395833,g,-0.2147412101508585,2.0240781444337803,21.387006800458373,99.0,P48
630,2458875.9539814997,g,1.1848900344854185,3.814586369908552,20.698956357551502,99.0,P48
631,2458876.8785185,g,4.217201351745757,2.4442807998242926,21.18219724831762,99.0,P48
632,2458876.8785185,g,4.217201351745757,2.4442807998242926,21.18219724831762,99.0,P48
633,2458877.8772068,g,12.449278683931393,2.6984339537029998,21.162205149860156,0.2352867287423918,P48
634,2458877.8772068,g,12.449278683931393,2.6984339537029998,21.162205149860156,0.2352867287423918,P48
635,2458877.8772068,g,12.449278683931393,2.6984339537029998,21.162205149860156,0.2352867287423918,P48
636,2458878.93818285,g,24.878569844884506,3.3027062465001107,20.410502094446585,0.14410344537200276,P48
637,2458878.93818285,g,24.878569844884506,3.3027062465001107,20.410502094446585,0.14410344537200276,P48
638,2458879.7103819,g,34.78412180355314,12.117263630110957,19.44406359728163,99.0,P48
639,2458880.950922067,g,59.75844006278157,2.2990405135166565,19.45906749200452,0.041761606809020975,P48
640,2458880.950922067,g,59.75844006278157,2.2990405135166565,19.45906749200452,0.041761606809020975,P48
641,2458880.950922067,g,59.75844006278157,2.2990405135166565,19.45906749200452,0.041761606809020975,P48
642,2458881.9766204,g,52.955944641875334,3.844088101023184,19.59027882353181,0.0787967745997118,P48
643,2458883.9491435,g,32.48286558513753,3.785256021249437,20.120929784766652,0.1264942404880153,P48
644,2458883.9491435,g,32.48286558513753,3.785256021249437,20.120929784766652,0.1264942404880153,P48
645,2458884.7933853995,g,13.925433007466196,7.856796640029495,19.91446120839012,99.0,P48
646,2458884.7933853995,g,13.925433007466196,7.856796640029495,19.91446120839012,99.0,P48
647,2458885.7935358994,g,26.944301405558246,9.479951097630265,19.710559746575363,99.0,P48
648,2458885.7935358994,g,26.944301405558246,9.479951097630265,19.710559746575363,99.0,P48
649,2458886.930925933,g,24.2584556816888,4.945600146291402,20.437907747842573,0.22130217311614048,P48
650,2458886.930925933,g,24.2584556816888,4.945600146291402,20.437907747842573,0.22130217311614048,P48
651,2458886.930925933,g,24.2584556816888,4.945600146291402,20.437907747842573,0.22130217311614048,P48
652,2458887.7591609,g,24.95035706694818,10.591937730781268,19.590136441864995,99.0,P48
653,2458887.7591609,g,24.95035706694818,10.591937730781268,19.590136441864995,99.0,P48
654,2458888.79996525,g,11.474057592181929,13.30029806754987,19.342921554478778,99.0,P48
655,2458888.79996525,g,11.474057592181929,13.30029806754987,19.342921554478778,99.0,P48
656,2458890.9078703504,g,11.426754565434665,12.196886528256892,19.43695253053964,99.0,P48
657,2458890.9078703504,g,11.426754565434665,12.196886528256892,19.43695253053964,99.0,P48
658,2458891.9294984997,g,13.92109273213818,5.622444981553857,20.277761953312506,99.0,P48
659,2458891.9294984997,g,13.92109273213818,5.622444981553857,20.277761953312506,99.0,P48
660,2458891.9294984997,g,13.92109273213818,5.622444981553857,20.277761953312506,99.0,P48
661,2458892.856140025,g,14.23532863655291,3.8371905600221936,21.01664687799805,0.2926009268383643,P48
662,2458892.856140025,g,14.23532863655291,3.8371905600221936,21.01664687799805,0.2926009268383643,P48
663,2458892.856140025,g,14.23532863655291,3.8371905600221936,21.01664687799805,0.2926009268383643,P48
664,2458892.856140025,g,14.23532863655291,3.8371905600221936,21.01664687799805,0.2926009268383643,P48
665,2458893.953316,g,22.26735923005763,3.7774179076037626,20.530893833605663,0.1841433955567111,P48
666,2458893.953316,g,22.26735923005763,3.7774179076037626,20.530893833605663,0.1841433955567111,P48
667,2458894.8298611334,g,19.527219854463368,2.100398533462053,20.6734645823949,0.11675920203007899,P48
668,2458894.8298611334,g,19.527219854463368,2.100398533462053,20.6734645823949,0.11675920203007899,P48
669,2458894.8298611334,g,19.527219854463368,2.100398533462053,20.6734645823949,0.11675920203007899,P48
670,2458895.8200405,g,14.981086176108112,2.9246409596681846,20.961207366712546,0.21191372403843672,P48
671,2458895.8200405,g,14.981086176108112,2.9246409596681846,20.961207366712546,0.21191372403843672,P48
672,2458898.912777775,g,13.029368809162184,1.3838015410196673,21.11275717880613,0.11528697934473758,P48
673,2458898.912777775,g,13.029368809162184,1.3838015410196673,21.11275717880613,0.11528697934473758,P48
674,2458898.912777775,g,13.029368809162184,1.3838015410196673,21.11275717880613,0.11528697934473758,P48
675,2458898.912777775,g,13.029368809162184,1.3838015410196673,21.11275717880613,0.11528697934473758,P48
676,2458899.907216425,g,11.79701139049666,1.5727602504912563,21.220635625417152,0.14471726739905974,P48
677,2458899.907216425,g,11.79701139049666,1.5727602504912563,21.220635625417152,0.14471726739905974,P48
678,2458899.907216425,g,11.79701139049666,1.5727602504912563,21.220635625417152,0.14471726739905974,P48
679,2458899.907216425,g,11.79701139049666,1.5727602504912563,21.220635625417152,0.14471726739905974,P48
680,2458900.842589675,g,9.164509194084863,1.8061411100496072,21.49479259415619,0.21393029713192668,P48
681,2458900.842589675,g,9.164509194084863,1.8061411100496072,21.49479259415619,0.21393029713192668,P48
682,2458900.842589675,g,9.164509194084863,1.8061411100496072,21.49479259415619,0.21393029713192668,P48
683,2458900.842589675,g,9.164509194084863,1.8061411100496072,21.49479259415619,0.21393029713192668,P48
684,2458903.8271276997,g,8.633121083856242,1.3062318848106504,21.559646041902333,0.16424126305994158,P48
685,2458903.8271276997,g,8.633121083856242,1.3062318848106504,21.559646041902333,0.16424126305994158,P48
686,2458903.8271276997,g,8.633121083856242,1.3062318848106504,21.559646041902333,0.16424126305994158,P48
687,2458903.8271276997,g,8.633121083856242,1.3062318848106504,21.559646041902333,0.16424126305994158,P48
688,2458903.8271276997,g,8.633121083856242,1.3062318848106504,21.559646041902333,0.16424126305994158,P48
689,2458903.8271276997,g,8.633121083856242,1.3062318848106504,21.559646041902333,0.16424126305994158,P48
690,2458904.7989506,g,7.395684208267994,2.1157587479596693,21.727619725425747,0.31054004690231063,P48
691,2458904.7989506,g,7.395684208267994,2.1157587479596693,21.727619725425747,0.31054004690231063,P48
692,2458904.7989506,g,7.395684208267994,2.1157587479596693,21.727619725425747,0.31054004690231063,P48
693,2458905.7904012334,g,5.69680465427165,3.0125743980720023,20.955230536697943,99.0,P48
694,2458905.7904012334,g,5.69680465427165,3.0125743980720023,20.955230536697943,99.0,P48
695,2458905.7904012334,g,5.69680465427165,3.0125743980720023,20.955230536697943,99.0,P48
696,2458906.8064120333,g,6.311910706865716,2.4528142459278124,21.178413339417684,99.0,P48
697,2458906.8064120333,g,6.311910706865716,2.4528142459278124,21.178413339417684,99.0,P48
698,2458906.8064120333,g,6.311910706865716,2.4528142459278124,21.178413339417684,99.0,P48
699,2458908.8321816996,g,3.0276693137743367,2.6453436096996903,21.096369760326162,99.0,P48
700,2458908.8321816996,g,3.0276693137743367,2.6453436096996903,21.096369760326162,99.0,P48
701,2458909.767573333,g,8.358364771527837,3.7070593358305937,20.730001145466154,99.0,P48
702,2458909.767573333,g,8.358364771527837,3.7070593358305937,20.730001145466154,99.0,P48
703,2458909.767573333,g,8.358364771527837,3.7070593358305937,20.730001145466154,99.0,P48
704,2458911.8830208667,g,5.746998974350922,2.9229801489174574,20.988010324393528,99.0,P48
705,2458911.8830208667,g,5.746998974350922,2.9229801489174574,20.988010324393528,99.0,P48
706,2458911.8830208667,g,5.746998974350922,2.9229801489174574,20.988010324393528,99.0,P48
707,2458912.7806983334,g,7.352923822366526,3.5381461800354574,20.780635559139423,99.0,P48
708,2458912.7806983334,g,7.352923822366526,3.5381461800354574,20.780635559139423,99.0,P48
709,2458912.7806983334,g,7.352923822366526,3.5381461800354574,20.780635559139423,99.0,P48
710,2458913.8009452336,g,4.2940179131196965,3.51292928377351,20.788401470626418,99.0,P48
711,2458913.8009452336,g,4.2940179131196965,3.51292928377351,20.788401470626418,99.0,P48
712,2458913.8009452336,g,4.2940179131196965,3.51292928377351,20.788401470626418,99.0,P48
713,2458914.7365663666,g,8.293798056263174,10.5677478428367,19.592618884099846,99.0,P48
714,2458914.7365663666,g,8.293798056263174,10.5677478428367,19.592618884099846,99.0,P48
715,2458914.7365663666,g,8.293798056263174,10.5677478428367,19.592618884099846,99.0,P48
716,2458915.7340933667,g,11.040261487218935,6.966025625122218,20.04511231987339,99.0,P48
717,2458915.7340933667,g,11.040261487218935,6.966025625122218,20.04511231987339,99.0,P48
718,2458915.7340933667,g,11.040261487218935,6.966025625122218,20.04511231987339,99.0,P48
719,2458936.7750694663,g,1.9980574784942615,1.802450881305116,21.512916392739264,99.0,P48
720,2458936.7750694663,g,1.9980574784942615,1.802450881305116,21.512916392739264,99.0,P48
721,2458936.7750694663,g,1.9980574784942615,1.802450881305116,21.512916392739264,99.0,P48
722,2458939.8155324333,g,-0.3080591799359861,4.372506087122032,20.550748932289935,99.0,P48
723,2458939.8155324333,g,-0.3080591799359861,4.372506087122032,20.550748932289935,99.0,P48
724,2458939.8155324333,g,-0.3080591799359861,4.372506087122032,20.550748932289935,99.0,P48
725,2458940.85832755,g,5.330766896580258,6.7712299443922,20.075906083493365,99.0,P48
726,2458940.85832755,g,5.330766896580258,6.7712299443922,20.075906083493365,99.0,P48
727,2458941.75368055,g,3.3795016196822028,4.732368424996978,20.46487861909553,99.0,P48
728,2458941.75368055,g,3.3795016196822028,4.732368424996978,20.46487861909553,99.0,P48
729,2458954.7795255003,g,5.232142025214588,3.835854557537107,20.692919659530013,99.0,P48
730,2458955.8053587996,g,7.239091202282199,3.8105888945662256,20.7000947455764,99.0,P48
731,2458962.7440972,g,0.06090079877811499,3.5827936114746053,20.767020511292365,99.0,P48
732,2458965.7413542005,g,3.311998089765123,2.9173852132422176,20.990090545649387,99.0,P48
733,2458968.7652199,g,3.3540689785713327,1.904361234974193,21.453201658088645,99.0,P48
734,2458968.7652199,g,3.3540689785713327,1.904361234974193,21.453201658088645,99.0,P48
735,2458968.7652199,g,3.3540689785713327,1.904361234974193,21.453201658088645,99.0,P48
736,2458968.7652199,g,3.3540689785713327,1.904361234974193,21.453201658088645,99.0,P48
737,2458969.7130671,g,23.16378517438753,32.69166478767913,18.366482396358997,99.0,P48
738,2458970.73448495,g,5.8388162764297675,4.158948748056623,20.60511606801039,99.0,P48
739,2458970.73448495,g,5.8388162764297675,4.158948748056623,20.60511606801039,99.0,P48
740,2458971.7548186667,g,6.336380797247231,4.2418751966240125,20.583680272493872,99.0,P48
741,2458971.7548186667,g,6.336380797247231,4.2418751966240125,20.583680272493872,99.0,P48
742,2458971.7548186667,g,6.336380797247231,4.2418751966240125,20.583680272493872,99.0,P48
743,2458972.733125,g,5.918110346429057,8.534573837774543,19.82462038892607,99.0,P48
744,2458973.7500463,g,13.878193052005106,9.626657739496855,19.693886160559565,99.0,P48
745,2458974.6912094504,g,1.910391207940796,6.697226438908277,20.087837531536607,99.0,P48
746,2458974.6912094504,g,1.910391207940796,6.697226438908277,20.087837531536607,99.0,P48
747,2458975.7283681,g,-6.299765182478592,10.088637400303908,19.642993706246145,99.0,P48
748,2458976.6921528,g,4.091660917398297,10.083043922686095,19.643595841607947,99.0,P48
749,2458977.6672685,g,6.156667949317218,11.96349259656732,19.45793002623566,99.0,P48
750,2458978.6865162,g,3.1215964889540526,3.773068674556276,20.71083821422438,99.0,P48
751,2458979.7277662004,g,2.2860185966456843,3.2835442681280003,20.861717799810364,99.0,P48
752,2458980.6726389,g,1.9332705175397087,2.6053647459992773,21.112903658472327,99.0,P48
753,2458985.6722974502,g,2.8490816022934338,2.0946859731972287,21.349777677861063,99.0,P48
754,2458985.6722974502,g,2.8490816022934338,2.0946859731972287,21.349777677861063,99.0,P48
755,2458986.70032985,g,3.6965896750326133,2.1277499572471004,21.33277351300678,99.0,P48
756,2458986.70032985,g,3.6965896750326133,2.1277499572471004,21.33277351300678,99.0,P48
757,2458987.715544,g,-0.5633863325526343,2.9223255630451415,20.9882534964768,99.0,P48
758,2458991.6753125,g,3.3979585455670525,2.178223931193629,21.307318676319273,99.0,P48
759,2458991.6753125,g,3.3979585455670525,2.178223931193629,21.307318676319273,99.0,P48
760,2458992.6960648,g,0.3149052587915552,2.8873250845759078,21.001335779294237,99.0,P48
761,2458994.7234491003,g,1.7973900507030454,3.0674905569684014,20.93561690301184,99.0,P48
762,2458996.7080903,g,4.558547727929341,3.6587252055678823,20.74425050834251,99.0,P48
763,2458997.6759201,g,5.843399275975936,3.2350043503248673,20.8778878165857,99.0,P48
764,2458997.6759201,g,5.843399275975936,3.2350043503248673,20.8778878165857,99.0,P48
765,2459000.7409143997,g,-0.15033568583098106,9.027819048075541,19.763617875221925,99.0,P48
766,2459001.66939235,g,0.29733991702708934,5.581978915434884,20.285604509874616,99.0,P48
767,2459001.66939235,g,0.29733991702708934,5.581978915434884,20.285604509874616,99.0,P48
768,2459009.7356944,g,-0.8605899576875574,5.812917973648678,20.24158950253412,99.0,P48
769,2459013.7290856005,g,0.5852509857079163,4.534607244178407,20.51122579543962,99.0,P48
770,2459016.670463,g,-14.9628457733265,8.252780211358882,19.861074291406908,99.0,P48
771,2459019.7642014,g,-2.224418368422172,5.2128200483910305,20.359893156863368,99.0,P48
772,2459025.7116782,g,10.860390637098938,14.714426044029434,19.23321667284531,99.0,P48
773,2459029.7425116003,g,10.648572315057255,16.260628095302405,19.124731696738138,99.0,P48
774,2459032.7003703997,g,-6.857048791989466,10.280499322925227,19.62253946712155,99.0,P48
775,2459037.7139931,g,-2.0455071128846063,18.095710263598246,19.00863590414879,99.0,P48
776,2459151.0155556,g,3.6609714597722074,4.36704768920974,20.55210515279171,99.0,P48
777,2458214.8821991,i,40.45813677259769,174.60922761542616,16.54740701106016,99.0,P48
778,2458243.8522917004,i,-9.874075923060062,22.614027787384785,18.766630185458535,99.0,P48
779,2458247.6575,i,-4.036935093928412,12.753207718992037,19.388526405775075,99.0,P48
780,2458257.68213545,i,8.614449810311086,10.478235053604129,19.60185464776775,99.0,P48
781,2458257.68213545,i,8.614449810311086,10.478235053604129,19.60185464776775,99.0,P48
782,2458261.7587847,i,10.65834348171567,20.371956268573776,18.87999315109093,99.0,P48
783,2458266.7164236,i,-3.337051936950255,24.0427552139288,18.70011440220991,99.0,P48
784,2458538.8773264,i,-49.951472766911024,64.27579959559105,17.63245626915186,99.0,P48
785,2458543.8160647997,i,7.477761248229925,25.996992306814814,18.615267225012886,99.0,P48
786,2458547.9349653,i,9.872621795333298,14.020834479390475,19.285640333291354,99.0,P48
787,2458556.9137153,i,0.5326197041201755,17.988011072766298,19.01511712358021,99.0,P48
788,2458558.8060532003,i,11.50881848180471,20.033813255683867,18.898165936160407,99.0,P48
789,2458560.8002315,i,11.137424659994695,25.14114032908689,18.651612558828212,99.0,P48
790,2458567.8542130003,i,-1.1224086845327512,18.473289145534167,18.986214419403346,99.0,P48
791,2458572.7322801,i,9.253936703558054,41.22909118893867,18.11456558472866,99.0,P48
792,2458582.802662,i,1.1632356064262943,11.370341871196398,19.513141182202702,99.0,P48
793,2458582.802662,i,1.1632356064262943,11.370341871196398,19.513141182202702,99.0,P48
794,2458587.840787,i,-8.51562334312454,25.348819388945948,18.642680646535485,99.0,P48
795,2458591.7886574,i,56.70155178902344,86.22787837305337,17.313455737993117,99.0,P48
796,2458596.8488194,i,-2.7340060060775904,17.700799828636836,19.032592762052698,99.0,P48
797,2458607.7569676004,i,4.918399642341786,13.305172065030545,19.34252375090233,99.0,P48
798,2458820.026209475,i,-11.207596552052753,21.373300326327673,18.827896018466042,99.0,P48
799,2458820.026209475,i,-11.207596552052753,21.373300326327673,18.827896018466042,99.0,P48
800,2458820.026209475,i,-11.207596552052753,21.373300326327673,18.827896018466042,99.0,P48
801,2458820.026209475,i,-11.207596552052753,21.373300326327673,18.827896018466042,99.0,P48
802,2458828.992401625,i,2.926763431342113,5.073303943936811,20.389347784470147,99.0,P48
803,2458828.992401625,i,2.926763431342113,5.073303943936811,20.389347784470147,99.0,P48
804,2458828.992401625,i,2.926763431342113,5.073303943936811,20.389347784470147,99.0,P48
805,2458828.992401625,i,2.926763431342113,5.073303943936811,20.389347784470147,99.0,P48
806,2458830.9812731002,i,3.338280636547241,10.045124019723268,19.647686731583935,99.0,P48
807,2458831.9927739,i,1.426290539498438,7.432208162411119,19.97478032680617,99.0,P48
808,2458831.9927739,i,1.426290539498438,7.432208162411119,19.97478032680617,99.0,P48
809,2458831.9927739,i,1.426290539498438,7.432208162411119,19.97478032680617,99.0,P48
810,2458838.0285069,i,1.9192618642021515,13.688879385590896,19.31165524694297,99.0,P48
811,2458839.02875,i,15.19556867156193,33.80795616632984,18.330027697598585,99.0,P48
812,2458855.8882697,i,-1.295757831075713,12.740951742851816,19.389570312169802,99.0,P48
813,2458855.8882697,i,-1.295757831075713,12.740951742851816,19.389570312169802,99.0,P48
814,2458859.8915799,i,9.160288966480723,18.705291586739694,18.972663782734173,99.0,P48
815,2458859.8915799,i,9.160288966480723,18.705291586739694,18.972663782734173,99.0,P48
816,2458861.8877199,i,7.729204232770335,15.699015244279252,19.162893961224235,99.0,P48
817,2458861.8877199,i,7.729204232770335,15.699015244279252,19.162893961224235,99.0,P48
818,2458863.02484955,i,-0.9601830325547549,7.992415904509398,19.895879800760497,99.0,P48
819,2458863.02484955,i,-0.9601830325547549,7.992415904509398,19.895879800760497,99.0,P48
820,2458863.99060185,i,0.2185517778893336,6.7714695728371295,20.07586766083206,99.0,P48
821,2458863.99060185,i,0.2185517778893336,6.7714695728371295,20.07586766083206,99.0,P48
822,2458864.8735358994,i,0.9770874250312723,6.251529930763577,20.162609202128664,99.0,P48
823,2458864.8735358994,i,0.9770874250312723,6.251529930763577,20.162609202128664,99.0,P48
824,2458866.94362845,i,4.8293098581471705,6.533820638918053,20.114656968141567,99.0,P48
825,2458866.94362845,i,4.8293098581471705,6.533820638918053,20.114656968141567,99.0,P48
826,2458868.0199537,i,4.4282407347358825,6.20918596737834,20.169988320863744,99.0,P48
827,2458868.0199537,i,4.4282407347358825,6.20918596737834,20.169988320863744,99.0,P48
828,2458871.8690914502,i,2.719168080598639,8.639207221634004,19.811390261164853,99.0,P48
829,2458871.8690914502,i,2.719168080598639,8.639207221634004,19.811390261164853,99.0,P48
830,2458873.0103935003,i,1.809333312416105,5.585250021479525,20.2849684418968,99.0,P48
831,2458873.0103935003,i,1.809333312416105,5.585250021479525,20.2849684418968,99.0,P48
832,2458873.94179975,i,5.282782894127453,6.469418436501349,20.125411884540092,99.0,P48
833,2458873.94179975,i,5.282782894127453,6.469418436501349,20.125411884540092,99.0,P48
834,2458875.86959495,i,0.6679602399040067,6.4323304186155505,20.131654125828973,99.0,P48
835,2458875.86959495,i,0.6679602399040067,6.4323304186155505,20.131654125828973,99.0,P48
836,2458876.9194676,i,2.0310348226529933,4.908885782184701,20.425117671053282,99.0,P48
837,2458876.9194676,i,2.0310348226529933,4.908885782184701,20.425117671053282,99.0,P48
838,2458877.9035994997,i,10.22981581575062,9.73968324810651,19.681212906469668,99.0,P48
839,2458878.9140566997,i,19.84829652872738,8.120508332680888,19.878616948332784,99.0,P48
840,2458878.9140566997,i,19.84829652872738,8.120508332680888,19.878616948332784,99.0,P48
841,2458879.8979166504,i,42.19541501217492,9.676898608917702,19.83690246544041,0.2489434796872906,P48
842,2458879.8979166504,i,42.19541501217492,9.676898608917702,19.83690246544041,0.2489434796872906,P48
843,2458880.8719675504,i,48.277877229042005,5.3594171252291005,19.690695207326097,0.12050337801382303,P48
844,2458880.8719675504,i,48.277877229042005,5.3594171252291005,19.690695207326097,0.12050337801382303,P48
845,2458881.8998611,i,43.91526102743575,5.431461818298033,19.793526951047227,0.1342551920636228,P48
846,2458881.8998611,i,43.91526102743575,5.431461818298033,19.793526951047227,0.1342551920636228,P48
847,2458883.84155095,i,38.02782085163311,9.651561967172412,19.949812024058726,0.27550278403385625,P48
848,2458883.84155095,i,38.02782085163311,9.651561967172412,19.949812024058726,0.27550278403385625,P48
849,2458884.8486284497,i,23.91582107523377,9.362203020749165,19.72412985257686,99.0,P48
850,2458884.8486284497,i,23.91582107523377,9.362203020749165,19.72412985257686,99.0,P48
851,2458885.8275578497,i,26.245876134558614,9.590657323568635,19.69795405459731,99.0,P48
852,2458885.8275578497,i,26.245876134558614,9.590657323568635,19.69795405459731,99.0,P48
853,2458886.8486979003,i,32.27549990675209,7.624362096060522,20.127883178122566,0.2564249997423678,P48
854,2458886.8486979003,i,32.27549990675209,7.624362096060522,20.127883178122566,0.2564249997423678,P48
855,2458887.7947569,i,25.53296656977381,14.52923886992952,19.246967829403836,99.0,P48
856,2458888.8277604,i,27.06382866226062,12.657582676022434,19.396698057244425,99.0,P48
857,2458888.8277604,i,27.06382866226062,12.657582676022434,19.396698057244425,99.0,P48
858,2458890.83612845,i,23.67850977089804,12.25675808951897,19.43163595277753,99.0,P48
859,2458890.83612845,i,23.67850977089804,12.25675808951897,19.43163595277753,99.0,P48
860,2458891.84824075,i,23.093446647897625,9.109624874839223,19.753823755328344,99.0,P48
861,2458891.84824075,i,23.093446647897625,9.109624874839223,19.753823755328344,99.0,P48
862,2458892.9146528,i,29.310545923261195,6.378127809978983,20.23250585362969,0.2362104669035744,P48
863,2458892.9146528,i,29.310545923261195,6.378127809978983,20.23250585362969,0.2362104669035744,P48
864,2458893.8527199,i,25.728595310824534,5.5281517540557745,20.374025432447255,0.23323499229290928,P48
865,2458893.8527199,i,25.728595310824534,5.5281517540557745,20.374025432447255,0.23323499229290928,P48
866,2458894.8967823996,i,33.988591946930605,7.413423386916397,20.07173268893172,0.2367638853372527,P48
867,2458895.82203125,i,30.264196246911816,5.160155383818833,20.19774276113678,0.1850816926851943,P48
868,2458895.82203125,i,30.264196246911816,5.160155383818833,20.19774276113678,0.1850816926851943,P48
869,2458896.8283912,i,29.705856947439678,5.365136827851153,20.21796040899094,0.19605076658575837,P48
870,2458896.8283912,i,29.705856947439678,5.365136827851153,20.21796040899094,0.19605076658575837,P48
871,2458904.83314815,i,18.85066443731902,5.555847173714059,20.711748965851356,0.3199288877652067,P48
872,2458904.83314815,i,18.85066443731902,5.555847173714059,20.711748965851356,0.3199288877652067,P48
873,2458905.83613425,i,20.058012757296073,8.561562702982295,19.821192384902606,99.0,P48
874,2458905.83613425,i,20.058012757296073,8.561562702982295,19.821192384902606,99.0,P48
875,2458906.8979861,i,15.735190906163464,5.319113441532803,20.337976857452155,99.0,P48
876,2458906.8979861,i,15.735190906163464,5.319113441532803,20.337976857452155,99.0,P48
877,2458907.8165567,i,7.358481943723218,11.412543656176988,19.509118859550945,99.0,P48
878,2458907.8165567,i,7.358481943723218,11.412543656176988,19.509118859550945,99.0,P48
879,2458908.9179051,i,14.458754743999418,5.549547315372908,20.291931092818928,99.0,P48
880,2458908.9179051,i,14.458754743999418,5.549547315372908,20.291931092818928,99.0,P48
881,2458909.8552662004,i,15.297141160746335,11.366597071867695,19.513498826145685,99.0,P48
882,2458911.7867302997,i,15.679615214916952,7.734978843222992,19.93142716378192,99.0,P48
883,2458911.7867302997,i,15.679615214916952,7.734978843222992,19.93142716378192,99.0,P48
884,2458912.8140914002,i,13.65953462908826,6.254869551219182,20.162029347482218,99.0,P48
885,2458912.8140914002,i,13.65953462908826,6.254869551219182,20.162029347482218,99.0,P48
886,2458913.8657176,i,8.342017795117847,8.22628172822092,19.86456604201949,99.0,P48
887,2458913.8657176,i,8.342017795117847,8.22628172822092,19.86456604201949,99.0,P48
888,2458914.76635415,i,10.518406453248168,16.138370565534174,19.132925780623665,99.0,P48
889,2458914.76635415,i,10.518406453248168,16.138370565534174,19.132925780623665,99.0,P48
890,2458915.7642476996,i,9.94945521563198,11.80402913573421,19.472499307178047,99.0,P48
891,2458915.7642476996,i,9.94945521563198,11.80402913573421,19.472499307178047,99.0,P48
892,2458936.83189815,i,8.174340352076587,5.57041614546333,20.287855886805794,99.0,P48
893,2458936.83189815,i,8.174340352076587,5.57041614546333,20.287855886805794,99.0,P48
894,2458939.74404515,i,9.28789605459754,8.09994226293717,19.88137018115381,99.0,P48
895,2458939.74404515,i,9.28789605459754,8.09994226293717,19.88137018115381,99.0,P48
896,2458940.7803009,i,26.65070476931695,64.13523333748692,17.634833291329237,99.0,P48
897,2458940.7803009,i,26.65070476931695,64.13523333748692,17.634833291329237,99.0,P48
898,2458941.7955034496,i,6.7921695652657545,6.7169127802484425,20.08465071670961,99.0,P48
899,2458941.7955034496,i,6.7921695652657545,6.7169127802484425,20.08465071670961,99.0,P48
900,2458955.8584490996,i,12.21293644547047,11.13824655240784,19.535532921525128,99.0,P48
901,2458955.8584490996,i,12.21293644547047,11.13824655240784,19.535532921525128,99.0,P48
902,2458965.8698148,i,6.167192340222945,13.918744725382961,19.293574814662808,99.0,P48
903,2458969.7637962997,i,3.535606389812658,14.948726365448028,19.216064508515643,99.0,P48
904,2458974.8875579,i,5.33801681360254,36.179122863656005,18.256429905410705,99.0,P48
905,2458978.8282292006,i,27.936721993202205,23.827920040615034,18.70985965399334,99.0,P48
906,2459021.6829051003,i,9.361885641130728,15.919144845823787,19.147775653318355,99.0,P48
907,2459025.7583333,i,3.7568775489115835,19.30712417343726,18.938281014786483,99.0,P48
908,2459029.6815625,i,9.776058777922886,30.275489750493957,18.449847046103095,99.0,P48
909,2459043.6845602,i,-3.7882233696707686,16.928468575996284,19.081030809935577,99.0,P48
910,2459047.6834954,i,-1.4129158454958586,16.900605583677937,19.082819322753338,99.0,P48
911,2458882.4942,g,47.056907646208415,1.7336983566807926,19.718441539920516,0.04,LT+IOO
912,2458882.4953,r,52.58685871572263,1.4530770576325676,19.597806927652304,0.03,LT+IOO
913,2458882.4963,i,40.04212654161095,1.4752556522653015,19.89370716559649,0.04,LT+IOO
914,2458882.4987,z,30.889537402191962,3.1296390478411307,20.1754714889728,0.11,LT+IOO
915,2458883.4986,g,44.526994713800434,6.151836793838136,19.778441539920518,0.15,LT+IOO
916,2458883.4997,r,55.57471304532045,8.701944568208967,19.537806927652305,0.17,LT+IOO
917,2458883.5007,i,44.31156959199019,6.938350217038162,19.783707165596486,0.17,LT+IOO
918,2458883.5018,z,38.17784447252734,5.274640021073133,19.9454714889728,0.15,LT+IOO
919,2458883.7681,r,42.94150179238404,3.955190364961226,19.817806927652303,0.1,P60+SEDM
920,2458883.7708,g,42.52294982949505,5.874958528529295,19.82844153992052,0.15,P60+SEDM
921,2458883.7831,g,38.78139116588709,5.0008241348661615,19.928441539920517,0.14,P60+SEDM
922,2458887.7145,r,23.381761642990682,3.6611397985708907,20.477806927652303,0.17,P60+SEDM
923,2458897.4698,g,13.4469374290273,2.2293900131020665,21.07844153992052,0.18,LT+IOO
924,2458897.4712,r,18.918087460910172,2.9622131973424786,20.707806927652303,0.17,LT+IOO
925,2458897.4726,i,23.68738581281651,3.2726424168025017,20.46370716559649,0.15,LT+IOO
926,2458897.474,z,33.86970425045289,7.175123862580975,20.0754714889728,0.23,LT+IOO
927,2458906.5534,g,3.737863038219631,0.7918471942438197,22.468441539920516,0.23,LT+IOO
928,2458906.5548,r,10.396262314983527,1.05331938348364,21.357806927652305,0.11,LT+IOO
929,2458906.5562,i,13.756790824182978,1.6472163646898657,21.05370716559649,0.13,LT+IOO
