,JD,Filter,Flux,eFlux,Mag,eMag,Telescope
0,2458268.9461227003,r,3.9392226067155214,12.715864057315263,19.391710298373305,99.0,P48
1,2458271.9418287002,r,-22.90344084398858,11.750685873220124,19.477416947691324,99.0,P48
2,2458278.9756019,r,0.5178777382306803,6.02525225620189,20.20263690412021,99.0,P48
3,2458281.9637384,r,-2.9888864127725556,4.392305386303871,20.545843669334538,99.0,P48
4,2458282.9780902998,r,18.300802958169154,10.353780466165064,19.614827608441605,99.0,P48
5,2458284.9779051,r,8.700837700496526,9.973123084397953,19.655497041743494,99.0,P48
6,2458287.9795602,r,-7.667637104249753,8.492868887182436,19.829938940402386,99.0,P48
7,2458288.9630903,r,-16.079745229700272,7.365745847240171,19.984533165205033,99.0,P48
8,2458291.9647801,r,1.2238811957486058,3.8026868818974617,20.70234857285856,99.0,P48
9,2458293.9666898,r,-2.7605007558809094,3.787264592660823,20.70676087006109,99.0,P48
10,2458296.8595832996,r,-10.088410513056253,15.14007096119131,19.20225521241534,99.0,P48
11,2458297.9223958,r,3.1834517417879766,9.450211818653884,19.71397113173823,99.0,P48
12,2458299.9177893996,r,-11.421131452587812,11.68320786326687,19.483669730241665,99.0,P48
13,2458300.9362268997,r,5.073052628413691,7.6206833945633505,19.947590191657504,99.0,P48
14,2458302.9154051,r,-3.645470186954116,11.099218492693016,19.539343987296824,99.0,P48
15,2458305.9347453997,r,9.686014186612352,7.0301241506311465,20.03516750254996,99.0,P48
16,2458310.9394618,r,3.4871809158832003,3.957157475342475,20.659116655691342,99.0,P48
17,2458310.9394618,r,3.4871809158832003,3.957157475342475,20.659116655691342,99.0,P48
18,2458313.9025694,r,6.481860588670862,4.371187605913866,20.551076373493643,99.0,P48
19,2458316.95983795,r,-3.9620915131921977,2.4100299311650706,21.197518898429102,99.0,P48
20,2458316.95983795,r,-3.9620915131921977,2.4100299311650706,21.197518898429102,99.0,P48
21,2458319.9528183,r,1.77932281578249,2.3549852983987973,21.222604488463915,99.0,P48
22,2458319.9528183,r,1.77932281578249,2.3549852983987973,21.222604488463915,99.0,P48
23,2458322.9485301,r,1.1655325176728568,2.493470391571064,21.16056445014782,99.0,P48
24,2458322.9485301,r,1.1655325176728568,2.493470391571064,21.16056445014782,99.0,P48
25,2458325.962037,r,0.43368496639336435,7.4611230153182575,19.97056448795506,99.0,P48
26,2458326.9011227,r,-5.818467466907431,12.643932624318193,19.397869556784592,99.0,P48
27,2458328.8987963,r,-19.73874810694542,14.705798809175898,19.23385343898443,99.0,P48
28,2458333.8413542,r,-7.045175245058429,8.885487839443611,19.780871797055873,99.0,P48
29,2458334.9333796003,r,-1.8087961145771863,5.7676147277875005,20.25008438379981,99.0,P48
30,2458335.92025924,r,-1.2237958201021677,1.961604038649535,21.42104662169328,99.0,P48
31,2458335.92025924,r,-1.2237958201021677,1.961604038649535,21.42104662169328,99.0,P48
32,2458335.92025924,r,-1.2237958201021677,1.961604038649535,21.42104662169328,99.0,P48
33,2458335.92025924,r,-1.2237958201021677,1.961604038649535,21.42104662169328,99.0,P48
34,2458335.92025924,r,-1.2237958201021677,1.961604038649535,21.42104662169328,99.0,P48
35,2458336.930050167,r,1.1291107015321489,2.063110737227766,21.366268640899087,99.0,P48
36,2458336.930050167,r,1.1291107015321489,2.063110737227766,21.366268640899087,99.0,P48
37,2458336.930050167,r,1.1291107015321489,2.063110737227766,21.366268640899087,99.0,P48
38,2458338.9651968,r,1.1625221115752913,3.857386202845039,20.68684218226719,99.0,P48
39,2458340.8982292004,r,-4.291185099502531,4.894598803277825,20.428282239957767,99.0,P48
40,2458342.9640508997,r,4.969775857923542,4.226618070569633,20.587592475417843,99.0,P48
41,2458343.8727893997,r,3.650772183493182,3.211837618926025,20.88569103788855,99.0,P48
42,2458345.89390625,r,-0.9547350803427034,2.561766468966433,21.13122614701014,99.0,P48
43,2458345.89390625,r,-0.9547350803427034,2.561766468966433,21.13122614701014,99.0,P48
44,2458346.9154167,r,-1.59685918797842,2.274154098592238,21.260525265390594,99.0,P48
45,2458346.9154167,r,-1.59685918797842,2.274154098592238,21.260525265390594,99.0,P48
46,2458347.9028125,r,5.26199516825868,3.110783398448777,20.920400557766662,99.0,P48
47,2458348.9014988,r,-3.1287058786595794,2.2329430655606095,21.28038086467447,99.0,P48
48,2458348.9014988,r,-3.1287058786595794,2.2329430655606095,21.28038086467447,99.0,P48
49,2458349.8433854003,r,-2.381326162559415,2.5156478541379688,21.150950370307452,99.0,P48
50,2458349.8433854003,r,-2.381326162559415,2.5156478541379688,21.150950370307452,99.0,P48
51,2458350.8776157,r,-0.8949074707915444,2.9934970710373454,20.96212789528486,99.0,P48
52,2458351.8954050997,r,-1.7535358624021495,1.9114744660097083,21.44915373673186,99.0,P48
53,2458351.8954050997,r,-1.7535358624021495,1.9114744660097083,21.44915373673186,99.0,P48
54,2458352.8004687503,r,-4.714069382754527,4.117596815519987,20.615965440744436,99.0,P48
55,2458352.8004687503,r,-4.714069382754527,4.117596815519987,20.615965440744436,99.0,P48
56,2458353.95012735,r,-0.3604111859459933,2.5006176705392873,21.15745674970569,99.0,P48
57,2458353.95012735,r,-0.3604111859459933,2.5006176705392873,21.15745674970569,99.0,P48
58,2458354.8760358747,r,3.0648585604290997,3.2556985852322584,20.870964512153392,99.0,P48
59,2458354.8760358747,r,3.0648585604290997,3.2556985852322584,20.870964512153392,99.0,P48
60,2458354.8760358747,r,3.0648585604290997,3.2556985852322584,20.870964512153392,99.0,P48
61,2458354.8760358747,r,3.0648585604290997,3.2556985852322584,20.870964512153392,99.0,P48
62,2458355.9006279,r,4.10565301658966,4.029374090771488,20.639481015268416,99.0,P48
63,2458355.9006279,r,4.10565301658966,4.029374090771488,20.639481015268416,99.0,P48
64,2458355.9006279,r,4.10565301658966,4.029374090771488,20.639481015268416,99.0,P48
65,2458355.9006279,r,4.10565301658966,4.029374090771488,20.639481015268416,99.0,P48
66,2458356.93506365,r,10.608852061492733,7.314551985904619,19.99210566198407,99.0,P48
67,2458356.93506365,r,10.608852061492733,7.314551985904619,19.99210566198407,99.0,P48
68,2458357.81453705,r,-6.106637158714969,8.973417499721009,19.770180303342364,99.0,P48
69,2458357.81453705,r,-6.106637158714969,8.973417499721009,19.770180303342364,99.0,P48
70,2458360.848240733,r,-0.41930860027179695,5.722450075483378,20.258619958068145,99.0,P48
71,2458360.848240733,r,-0.41930860027179695,5.722450075483378,20.258619958068145,99.0,P48
72,2458360.848240733,r,-0.41930860027179695,5.722450075483378,20.258619958068145,99.0,P48
73,2458361.8130903,r,-4.023474536741655,5.09329163736689,20.385078628646383,99.0,P48
74,2458362.8364468,r,-5.397784247734967,4.538279741698087,20.51034683293453,99.0,P48
75,2458363.8789622,r,-2.224848414432745,3.0468307730033586,20.942954155861067,99.0,P48
76,2458363.8789622,r,-2.224848414432745,3.0468307730033586,20.942954155861067,99.0,P48
77,2458363.8789622,r,-2.224848414432745,3.0468307730033586,20.942954155861067,99.0,P48
78,2458364.8351042005,r,2.0114968680373826,4.292554983972894,20.570785322132558,99.0,P48
79,2458365.851088,r,-7.36681516615982,3.9776758718015226,20.6535015117862,99.0,P48
80,2458366.870991533,r,0.9172747779023648,2.046688493262121,21.374945619377257,99.0,P48
81,2458366.870991533,r,0.9172747779023648,2.046688493262121,21.374945619377257,99.0,P48
82,2458366.870991533,r,0.9172747779023648,2.046688493262121,21.374945619377257,99.0,P48
83,2458367.871956,r,1.3571629288894251,3.2834195366794665,20.86175904427389,99.0,P48
84,2458368.84444445,r,1.8919783386675186,2.551001312060124,21.13579828420709,99.0,P48
85,2458368.84444445,r,1.8919783386675186,2.551001312060124,21.13579828420709,99.0,P48
86,2458369.859351867,r,-1.9704244534603952,2.271228870455084,21.261922739071373,99.0,P48
87,2458369.859351867,r,-1.9704244534603952,2.271228870455084,21.261922739071373,99.0,P48
88,2458369.859351867,r,-1.9704244534603952,2.271228870455084,21.261922739071373,99.0,P48
89,2458370.9048611,r,-3.003285560564126,3.2478382252547697,20.873589016884978,99.0,P48
90,2458371.8635127004,r,-0.025903577776895795,2.2731570282618834,21.261001395280765,99.0,P48
91,2458371.8635127004,r,-0.025903577776895795,2.2731570282618834,21.261001395280765,99.0,P48
92,2458372.8627112256,r,-0.407017284545048,1.9013005293329321,21.454948066387182,99.0,P48
93,2458372.8627112256,r,-0.407017284545048,1.9013005293329321,21.454948066387182,99.0,P48
94,2458372.8627112256,r,-0.407017284545048,1.9013005293329321,21.454948066387182,99.0,P48
95,2458372.8627112256,r,-0.407017284545048,1.9013005293329321,21.454948066387182,99.0,P48
96,2458373.8322106004,r,0.06048286799778654,3.5907537770723192,20.764610924217934,99.0,P48
97,2458374.8321585497,r,-0.17902554255940112,3.1016581627708284,20.9235901590789,99.0,P48
98,2458374.8321585497,r,-0.17902554255940112,3.1016581627708284,20.9235901590789,99.0,P48
99,2458375.8516049664,r,0.4398194511496426,2.033638531576658,21.381890584374958,99.0,P48
100,2458375.8516049664,r,0.4398194511496426,2.033638531576658,21.381890584374958,99.0,P48
101,2458375.8516049664,r,0.4398194511496426,2.033638531576658,21.381890584374958,99.0,P48
102,2458376.8393287,r,2.4076006296416765,3.535297367369475,20.78151011456594,99.0,P48
103,2458377.8065509,r,0.35795417486828074,4.272473779903237,20.575876473801646,99.0,P48
104,2458378.8533796333,r,-0.8544865208828395,2.134404072747445,21.32938338682728,99.0,P48
105,2458378.8533796333,r,-0.8544865208828395,2.134404072747445,21.32938338682728,99.0,P48
106,2458378.8533796333,r,-0.8544865208828395,2.134404072747445,21.32938338682728,99.0,P48
107,2458379.8892477,r,-0.10522107920387988,3.549500060386171,20.777157019413323,99.0,P48
108,2458380.8159722,r,-1.4874728131018944,6.030901549845231,20.20161939170498,99.0,P48
109,2458382.8396489,r,1.8856043047889164,3.599364297887527,20.76201047772664,99.0,P48
110,2458382.8396489,r,1.8856043047889164,3.599364297887527,20.76201047772664,99.0,P48
111,2458382.8396489,r,1.8856043047889164,3.599364297887527,20.76201047772664,99.0,P48
112,2458383.8384028,r,3.713201110814891,7.517697449447949,19.962362880407955,99.0,P48
113,2458387.924544767,r,-5.229491194200263,10.436446223819486,19.606193390034804,99.0,P48
114,2458387.924544767,r,-5.229491194200263,10.436446223819486,19.606193390034804,99.0,P48
115,2458387.924544767,r,-5.229491194200263,10.436446223819486,19.606193390034804,99.0,P48
116,2458388.7730092998,r,-4.550338012720819,10.389577391375765,19.61108028300191,99.0,P48
117,2458389.795544,r,0.4690396234105956,5.770287966457749,20.24958127120871,99.0,P48
118,2458390.75655095,r,5.753715227024576,3.965552086104294,20.656815842776496,99.0,P48
119,2458390.75655095,r,5.753715227024576,3.965552086104294,20.656815842776496,99.0,P48
120,2458397.78657405,r,1.3204128951512073,2.7290090728452165,21.062562540347926,99.0,P48
121,2458397.78657405,r,1.3204128951512073,2.7290090728452165,21.062562540347926,99.0,P48
122,2458400.722662,r,-4.989673876190318,3.6179008683050573,20.75643333197838,99.0,P48
123,2458425.7295255,r,29.650382996540944,18.110442795416766,19.007752317094408,99.0,P48
124,2458426.7391164997,r,-12.357117089500601,3.9029748162113713,20.67408561660359,99.0,P48
125,2458426.7391164997,r,-12.357117089500601,3.9029748162113713,20.67408561660359,99.0,P48
126,2458426.7391164997,r,-12.357117089500601,3.9029748162113713,20.67408561660359,99.0,P48
127,2458427.7276736,r,7.207118771570231,35.41662190704541,18.27955715130868,99.0,P48
128,2458428.7363772998,r,0.7465474187428583,3.952512138687113,20.660391958204848,99.0,P48
129,2458429.7578009334,r,-1.0560298376093924,2.124328562870277,21.334520767922132,99.0,P48
130,2458429.7578009334,r,-1.0560298376093924,2.124328562870277,21.334520767922132,99.0,P48
131,2458429.7578009334,r,-1.0560298376093924,2.124328562870277,21.334520767922132,99.0,P48
132,2458430.7069213,r,-3.3903629962902073,3.5104840105141326,20.789157491012592,99.0,P48
133,2458431.68625,r,-9.906854146897508,7.829590552202144,19.9182273610166,99.0,P48
134,2458432.75725115,r,2.425291449978986,3.6952113038601837,20.733476794730244,99.0,P48
135,2458432.75725115,r,2.425291449978986,3.6952113038601837,20.733476794730244,99.0,P48
136,2458434.6805382,r,-1.6288923999742135,4.36621401995192,20.55231243958304,99.0,P48
137,2458434.6805382,r,-1.6288923999742135,4.36621401995192,20.55231243958304,99.0,P48
138,2458435.757037,r,-4.499218944406836,6.301517938896964,20.153962046843084,99.0,P48
139,2458435.757037,r,-4.499218944406836,6.301517938896964,20.153962046843084,99.0,P48
140,2458436.7627315,r,24.834691380805488,47.66991085687448,17.95696413967609,99.0,P48
141,2458437.76642365,r,1.1579117645842343,5.752619534960564,20.25291085981981,99.0,P48
142,2458437.76642365,r,1.1579117645842343,5.752619534960564,20.25291085981981,99.0,P48
143,2458438.7331828997,r,50.71782769722668,75.33674343952525,17.460057881294713,99.0,P48
144,2458442.7557523,r,-33.97642285831985,33.48308495403974,18.34051132726711,99.0,P48
145,2458447.8207407002,r,-20.24644650263308,14.642379711820702,19.238545826772615,99.0,P48
146,2458456.6646528,r,-7.31406881753742,3.2668647695907267,20.867247095606857,99.0,P48
147,2458456.6646528,r,-7.31406881753742,3.2668647695907267,20.867247095606857,99.0,P48
148,2458456.6646528,r,-7.31406881753742,3.2668647695907267,20.867247095606857,99.0,P48
149,2458457.6507407003,r,-4.145657980036398,7.773006140977946,19.92610246212196,99.0,P48
150,2458466.6823379663,r,-5.27843510332827,6.178101445200533,20.17543740117536,99.0,P48
151,2458466.6823379663,r,-5.27843510332827,6.178101445200533,20.17543740117536,99.0,P48
152,2458466.6823379663,r,-5.27843510332827,6.178101445200533,20.17543740117536,99.0,P48
153,2458469.591088,r,6.05129500393733,6.704631529842267,20.086637701458784,99.0,P48
154,2458471.6435301,r,-5.338721828662877,9.927345138962703,19.660492186566195,99.0,P48
155,2458471.6435301,r,-5.338721828662877,9.927345138962703,19.660492186566195,99.0,P48
156,2458472.6097222,r,2.673311398239398,6.907188144022297,20.05432177451094,99.0,P48
157,2458474.6337441998,r,-1.8064131922130608,5.576892644725727,20.286594278169517,99.0,P48
158,2458474.6337441998,r,-1.8064131922130608,5.576892644725727,20.286594278169517,99.0,P48
159,2458475.6357349497,r,1.996295425835502,8.02416615129231,19.891575207248962,99.0,P48
160,2458475.6357349497,r,1.996295425835502,8.02416615129231,19.891575207248962,99.0,P48
161,2458487.60149885,r,2.527627017870321,3.64987189328929,20.746880935562555,99.0,P48
162,2458487.60149885,r,2.527627017870321,3.64987189328929,20.746880935562555,99.0,P48
163,2458488.5999884,r,-12.872055013304438,10.708196095494117,19.578284199978796,99.0,P48
164,2458490.64375,r,-13.27966916838249,8.395966669491736,19.84239822455691,99.0,P48
165,2458491.603044,r,0.3483240084372633,4.966263146647501,20.412500669846402,99.0,P48
166,2458491.603044,r,0.3483240084372633,4.966263146647501,20.412500669846402,99.0,P48
167,2458492.6227662005,r,142.53534341808606,175.28830852835512,16.543192613514016,99.0,P48
168,2458493.6045832997,r,-0.5455493068608324,6.087380965853567,20.191498784148767,99.0,P48
169,2458514.606986867,r,2.6615409086856023,3.613753374373713,20.75767871364705,99.0,P48
170,2458514.606986867,r,2.6615409086856023,3.613753374373713,20.75767871364705,99.0,P48
171,2458514.606986867,r,2.6615409086856023,3.613753374373713,20.75767871364705,99.0,P48
172,2458522.60052085,r,-15.857919359788491,7.330097289015881,19.989800641983344,99.0,P48
173,2458522.60052085,r,-15.857919359788491,7.330097289015881,19.989800641983344,99.0,P48
174,2458522.60052085,r,-15.857919359788491,7.330097289015881,19.989800641983344,99.0,P48
175,2458522.60052085,r,-15.857919359788491,7.330097289015881,19.989800641983344,99.0,P48
176,2458523.6071513123,r,3.352399306776267,4.152192547124926,20.60688127770024,99.0,P48
177,2458523.6071513123,r,3.352399306776267,4.152192547124926,20.60688127770024,99.0,P48
178,2458523.6071513123,r,3.352399306776267,4.152192547124926,20.60688127770024,99.0,P48
179,2458523.6071513123,r,3.352399306776267,4.152192547124926,20.60688127770024,99.0,P48
180,2458523.6071513123,r,3.352399306776267,4.152192547124926,20.60688127770024,99.0,P48
181,2458523.6071513123,r,3.352399306776267,4.152192547124926,20.60688127770024,99.0,P48
182,2458523.6071513123,r,3.352399306776267,4.152192547124926,20.60688127770024,99.0,P48
183,2458523.6071513123,r,3.352399306776267,4.152192547124926,20.60688127770024,99.0,P48
184,2458636.9225694,r,-10.852522193254128,6.975753383340305,20.043597193145867,99.0,P48
185,2458652.9568113005,r,-4.321206364919119,6.8033806922068525,20.070763056246648,99.0,P48
186,2458652.9568113005,r,-4.321206364919119,6.8033806922068525,20.070763056246648,99.0,P48
187,2458655.9420602005,r,3.96182958889668,7.579788042972665,19.953432335585887,99.0,P48
188,2458655.9420602005,r,3.96182958889668,7.579788042972665,19.953432335585887,99.0,P48
189,2458665.9553819,r,-1.5244782175541514,3.7024629585279305,20.731348183423556,99.0,P48
190,2458666.9225462996,r,0.7108016428942571,4.411000072395223,20.541232326894367,99.0,P48
191,2458669.9282870498,r,-1.2562400302773267,2.7019555960961514,21.073379470273267,99.0,P48
192,2458669.9282870498,r,-1.2562400302773267,2.7019555960961514,21.073379470273267,99.0,P48
193,2458672.9627835997,r,24.44406681952335,2.5191430977829845,20.429631966724756,0.11186885770003602,P48
194,2458672.9627835997,r,24.44406681952335,2.5191430977829845,20.429631966724756,0.11186885770003602,P48
195,2458674.9880093,r,59.4489285199835,7.136317447047624,19.464705543526748,0.1303046628698489,P48
196,2458677.9847685,r,65.79642481952172,4.253758789846582,19.354559882295092,0.07017790372416209,P48
197,2458678.978279333,r,64.38131588744913,2.12665948554261,19.378165999857387,0.03585650339288162,P48
198,2458678.978279333,r,64.38131588744913,2.12665948554261,19.378165999857387,0.03585650339288162,P48
199,2458678.978279333,r,64.38131588744913,2.12665948554261,19.378165999857387,0.03585650339288162,P48
200,2458679.963125,r,52.49088311404218,6.319202500293381,19.599855923628734,0.13067972773796668,P48
201,2458681.9355246667,r,39.35948283561953,4.739157359938584,19.91244216383368,0.1307018015378443,P48
202,2458681.9355246667,r,39.35948283561953,4.739157359938584,19.91244216383368,0.1307018015378443,P48
203,2458681.9355246667,r,39.35948283561953,4.739157359938584,19.91244216383368,0.1307018015378443,P48
204,2458682.9045139,r,45.631976484607954,8.239397162542472,19.751892422201948,0.1959999611885471,P48
205,2458688.936944433,r,19.351140270464935,3.3802130896422335,20.68329921975017,0.18961266661928272,P48
206,2458688.936944433,r,19.351140270464935,3.3802130896422335,20.68329921975017,0.18961266661928272,P48
207,2458688.936944433,r,19.351140270464935,3.3802130896422335,20.68329921975017,0.18961266661928272,P48
208,2458690.913669,r,13.056135462427372,4.18223073484332,21.110529003768583,0.3477147947596731,P48
209,2458691.9199305666,r,9.487715086771408,2.383830595949258,21.457161536073684,0.27273670090608454,P48
210,2458691.9199305666,r,9.487715086771408,2.383830595949258,21.457161536073684,0.27273670090608454,P48
211,2458691.9199305666,r,9.487715086771408,2.383830595949258,21.457161536073684,0.27273670090608454,P48
212,2458693.8797801,r,4.5600580596596,3.6827879382191626,20.737133208933308,99.0,P48
213,2458694.8991666664,r,10.407726659946311,1.84266761729095,21.356675927915084,0.19218564859769718,P48
214,2458694.8991666664,r,10.407726659946311,1.84266761729095,21.356675927915084,0.19218564859769718,P48
215,2458694.8991666664,r,10.407726659946311,1.84266761729095,21.356675927915084,0.19218564859769718,P48
216,2458695.98723955,r,5.791181588609395,2.808286777973317,21.0314713511246,99.0,P48
217,2458695.98723955,r,5.791181588609395,2.808286777973317,21.0314713511246,99.0,P48
218,2458696.8787153,r,4.090719578301659,3.485738650533804,20.79683793417994,99.0,P48
219,2458697.9193518665,r,4.424079166025452,1.9630969974909334,21.420220592128437,99.0,P48
220,2458697.9193518665,r,4.424079166025452,1.9630969974909334,21.420220592128437,99.0,P48
221,2458697.9193518665,r,4.424079166025452,1.9630969974909334,21.420220592128437,99.0,P48
222,2458698.9338078997,r,-4.8285361957079855,8.20214215943449,19.86775675865068,99.0,P48
223,2458699.8950231,r,-1.4207344599728344,4.5268030689757435,20.51309598503882,99.0,P48
224,2458700.914218775,r,3.750238677506656,1.6408641445476848,21.61489342640491,99.0,P48
225,2458700.914218775,r,3.750238677506656,1.6408641445476848,21.61489342640491,99.0,P48
226,2458700.914218775,r,3.750238677506656,1.6408641445476848,21.61489342640491,99.0,P48
227,2458700.914218775,r,3.750238677506656,1.6408641445476848,21.61489342640491,99.0,P48
228,2458703.9204976996,r,3.091019179482067,2.3948357306617067,21.20438566630111,99.0,P48
229,2458703.9204976996,r,3.091019179482067,2.3948357306617067,21.20438566630111,99.0,P48
230,2458704.9764815,r,3.3205545018530955,4.680352956650672,20.476878475413898,99.0,P48
231,2458706.8975579,r,4.213721373541595,4.090899984956388,20.623027834359576,99.0,P48
232,2458707.96417825,r,-1.8542101292404816,3.101817004558142,20.92353455789579,99.0,P48
233,2458707.96417825,r,-1.8542101292404816,3.101817004558142,20.92353455789579,99.0,P48
234,2458708.9834375,r,0.43599508379891183,4.610710844666932,20.49315527215147,99.0,P48
235,2458710.8795139,r,0.4345756020481511,6.41957900900199,20.133808618389025,99.0,P48
236,2458710.8795139,r,0.4345756020481511,6.41957900900199,20.133808618389025,99.0,P48
237,2458711.8983218,r,-1.94245110511726,10.643642545777045,19.584849287023424,99.0,P48
238,2458712.9067824,r,1.6403654029586159,13.475058123844166,19.328748371245787,99.0,P48
239,2458715.87738425,r,17.384699397612938,6.1340358496022676,20.18320921457633,99.0,P48
240,2458715.87738425,r,17.384699397612938,6.1340358496022676,20.18320921457633,99.0,P48
241,2458716.87864005,r,2.8703670810873434,3.968425824266872,20.65602932137757,99.0,P48
242,2458716.87864005,r,2.8703670810873434,3.968425824266872,20.65602932137757,99.0,P48
243,2458717.9635764,r,-8.286471144222528,6.911344561717752,20.053668626538396,99.0,P48
244,2458721.8160301005,r,1.9256358705083663,17.753314810649428,19.02937635348958,99.0,P48
245,2458722.8730556,r,6.445076957263763,3.7458778400888435,20.71869096382325,99.0,P48
246,2458724.87729745,r,1.1719772258532914,2.847957133044449,21.01624136893748,99.0,P48
247,2458724.87729745,r,1.1719772258532914,2.847957133044449,21.01624136893748,99.0,P48
248,2458727.8262211,r,2.2257527021125667,3.4167695690805675,20.818535763008292,99.0,P48
249,2458727.8262211,r,2.2257527021125667,3.4167695690805675,20.818535763008292,99.0,P48
250,2458730.8784375,r,5.3751877589908155,2.30484820212591,21.245969169346818,99.0,P48
251,2458730.8784375,r,5.3751877589908155,2.30484820212591,21.245969169346818,99.0,P48
252,2458730.8784375,r,5.3751877589908155,2.30484820212591,21.245969169346818,99.0,P48
253,2458733.8954050997,r,0.3521621260358353,2.7977055708175955,21.03556997011195,99.0,P48
254,2458733.8954050997,r,0.3521621260358353,2.7977055708175955,21.03556997011195,99.0,P48
255,2458735.8947917004,r,2.4671296771302154,3.9208371007004357,20.669127991632173,99.0,P48
256,2458736.8996238504,r,1.1903033287064648,4.102836652397919,20.61986442265931,99.0,P48
257,2458736.8996238504,r,1.1903033287064648,4.102836652397919,20.61986442265931,99.0,P48
258,2458737.8321065,r,16.47438200233161,9.719437435573061,19.683472167815673,99.0,P48
259,2458738.6746759,r,-17.14556490412306,17.79262915352172,19.02697467171847,99.0,P48
260,2458739.6735880002,r,2.6503473675452667,21.349310049324373,18.82911537818275,99.0,P48
261,2458743.6752778,r,1.454449026262454,15.740639485265469,19.16001905867024,99.0,P48
262,2458744.6742824,r,1.7160797672152655,6.465162119095579,20.12612644007644,99.0,P48
263,2458745.76417825,r,-0.9016090720557653,4.01144842750182,20.644321956305102,99.0,P48
264,2458745.76417825,r,-0.9016090720557653,4.01144842750182,20.644321956305102,99.0,P48
265,2458746.6989814998,r,-4.852311318551937,6.670490807785163,20.092180514087204,99.0,P48
266,2458747.6743171,r,1.4810207146197654,6.4255823265370635,20.13279375847395,99.0,P48
267,2458748.74124425,r,-6.269638401140548,4.327622037845334,20.561951679873694,99.0,P48
268,2458748.74124425,r,-6.269638401140548,4.327622037845334,20.561951679873694,99.0,P48
269,2458749.6749653,r,-1.9305637897711723,6.491708715222093,20.12167742746739,99.0,P48
270,2458750.6752778,r,-2.332791326826921,9.70227029750618,19.685391565269462,99.0,P48
271,2458751.73256945,r,-2.8269540578798638,4.06100387057616,20.63099148061027,99.0,P48
272,2458751.73256945,r,-2.8269540578798638,4.06100387057616,20.63099148061027,99.0,P48
273,2458754.6726157,r,1.4212830958933613,5.889108510088224,20.22745109788515,99.0,P48
274,2458757.7951852,r,2.9014725619771604,4.114056473632481,20.616899366765487,99.0,P48
275,2458758.6818287005,r,-0.4541076860245851,5.308734122111859,20.3400975514857,99.0,P48
276,2458760.7345949,r,-4.294577410130062,3.08709263482457,20.928700835126296,99.0,P48
277,2458760.7345949,r,-4.294577410130062,3.08709263482457,20.928700835126296,99.0,P48
278,2458761.6732755,r,16.11480399771365,6.541153013874316,20.113439217956696,99.0,P48
279,2458762.6730207996,r,-6.349002715368595,5.233004112646667,20.35569729902441,99.0,P48
280,2458763.76264465,r,-3.3968209709410937,3.749035813679218,20.717776016267607,99.0,P48
281,2458763.76264465,r,-3.3968209709410937,3.749035813679218,20.717776016267607,99.0,P48
282,2458764.9136111,r,-3.194841082822604,5.336363214380089,20.334461534793228,99.0,P48
283,2458767.7075231,r,-20.842447016391112,39.51343374128228,18.160713059723875,99.0,P48
284,2458770.772338,r,-4.606025356890804,16.61397380462192,19.10139118572404,99.0,P48
285,2458771.7696181,r,7.386267755310179,12.670620728067817,19.395580260915196,99.0,P48
286,2458773.7309259,r,30.3945156475685,50.98626763602069,17.88394193582533,99.0,P48
287,2458774.6979051004,r,-9.573950352045339,6.694590666788171,20.088264919878704,99.0,P48
288,2458776.7085417,r,0.5538369160364132,5.0070581622292645,20.403618398625277,99.0,P48
289,2458777.7039582995,r,3.712274768493615,5.455574869372739,20.310473688722514,99.0,P48
290,2458779.7312268997,r,-4.66030727113323,4.878316434241315,20.431900070152686,99.0,P48
291,2458781.7459143996,r,-10.006007602214108,7.2102607138131765,20.007697567817925,99.0,P48
292,2458783.7961227,r,-3.7801506476915456,6.069708007565234,20.194655491188996,99.0,P48
293,2458785.7489815,r,-4.021269071879535,5.123546691992176,20.378648243209007,99.0,P48
294,2458788.7130207997,r,7.023573852345615,6.36906699914021,20.142385445528056,99.0,P48
295,2458789.7291204,r,1.9752578037616657,6.060477936953572,20.196307802837893,99.0,P48
296,2458790.6600521,r,5.033248056616324,4.722798235012447,20.46707650849814,99.0,P48
297,2458790.6600521,r,5.033248056616324,4.722798235012447,20.46707650849814,99.0,P48
298,2458791.6082639,r,-1.8791089416759552,5.980706910543917,20.210693689220783,99.0,P48
299,2458792.6641493,r,-4.752054771306891,4.777684806708959,20.45453125142181,99.0,P48
300,2458792.6641493,r,-4.752054771306891,4.777684806708959,20.45453125142181,99.0,P48
301,2458794.6222569,r,-4.050446493187292,10.666095853794387,19.582561283482917,99.0,P48
302,2458797.6094618,r,2.6409723476674105,10.139437660217627,19.637540315630332,99.0,P48
303,2458797.6094618,r,2.6409723476674105,10.139437660217627,19.637540315630332,99.0,P48
304,2458799.7137153,r,0.29309004011634265,12.570750872065565,19.4041719401608,99.0,P48
305,2458800.7556539504,r,1.3262439539513842,7.897039139775921,19.90891426292349,99.0,P48
306,2458800.7556539504,r,1.3262439539513842,7.897039139775921,19.90891426292349,99.0,P48
307,2458803.7404456,r,2.9101004937259543,6.56596747439571,20.109328171536937,99.0,P48
308,2458803.7404456,r,2.9101004937259543,6.56596747439571,20.109328171536937,99.0,P48
309,2458806.72028355,r,1.0904149430954657,4.533801998713527,20.51141861517985,99.0,P48
310,2458806.72028355,r,1.0904149430954657,4.533801998713527,20.51141861517985,99.0,P48
311,2458811.64551505,r,1.959459693247892,3.7527303349242374,20.71670659455549,99.0,P48
312,2458811.64551505,r,1.959459693247892,3.7527303349242374,20.71670659455549,99.0,P48
313,2458814.6495197,r,-8.050430119260614,6.83823496801284,20.06521494047773,99.0,P48
314,2458814.6495197,r,-8.050430119260614,6.83823496801284,20.06521494047773,99.0,P48
315,2458820.6066377,r,29.166373768092658,29.792869858168228,18.467294140359073,99.0,P48
316,2458820.6066377,r,29.166373768092658,29.792869858168228,18.467294140359073,99.0,P48
317,2458828.6279745,r,-4.72509568054982,11.38715572762913,19.51153683920207,99.0,P48
318,2458828.6279745,r,-4.72509568054982,11.38715572762913,19.51153683920207,99.0,P48
319,2458831.57868635,r,-0.9847354202802572,4.5836562234955185,20.49954489446535,99.0,P48
320,2458831.57868635,r,-0.9847354202802572,4.5836562234955185,20.49954489446535,99.0,P48
321,2458835.58707755,r,9.415118050069706,9.484809076044243,19.710003506147004,99.0,P48
322,2458835.58707755,r,9.415118050069706,9.484809076044243,19.710003506147004,99.0,P48
323,2458838.5938889002,r,-0.1487873613223256,5.382016950786428,20.325212336034028,99.0,P48
324,2458838.5938889002,r,-0.1487873613223256,5.382016950786428,20.325212336034028,99.0,P48
325,2458852.65261575,r,1.0147810413714857,5.1267321805930175,20.377973412707686,99.0,P48
326,2458852.65261575,r,1.0147810413714857,5.1267321805930175,20.377973412707686,99.0,P48
327,2458855.6917014,r,8.553603812458602,8.949307294720867,19.77310143710563,99.0,P48
328,2458855.6917014,r,8.553603812458602,8.949307294720867,19.77310143710563,99.0,P48
329,2458859.6530323997,r,18.546884225776846,10.93420027097993,19.555607428728003,99.0,P48
330,2458860.6431712997,r,-1.6094657429001624,10.95295505151183,19.553746725596916,99.0,P48
331,2458863.591088,r,-1.4009488502763172,6.112189936635895,20.18708288540481,99.0,P48
332,2458875.5984953996,r,14.002206197209164,16.310591222346552,19.121400730343897,99.0,P48
333,2458875.5984953996,r,14.002206197209164,16.310591222346552,19.121400730343897,99.0,P48
334,2458881.5977082998,r,1.3234892758525618,11.557808742144148,19.49538623037641,99.0,P48
335,2458886.605788475,r,0.8881554640426302,4.816144221277183,20.44582628026361,99.0,P48
336,2458886.605788475,r,0.8881554640426302,4.816144221277183,20.44582628026361,99.0,P48
337,2458886.605788475,r,0.8881554640426302,4.816144221277183,20.44582628026361,99.0,P48
338,2458886.605788475,r,0.8881554640426302,4.816144221277183,20.44582628026361,99.0,P48
339,2458886.605788475,r,0.8881554640426302,4.816144221277183,20.44582628026361,99.0,P48
340,2458886.605788475,r,0.8881554640426302,4.816144221277183,20.44582628026361,99.0,P48
341,2458886.605788475,r,0.8881554640426302,4.816144221277183,20.44582628026361,99.0,P48
342,2458886.605788475,r,0.8881554640426302,4.816144221277183,20.44582628026361,99.0,P48
343,2459018.9674768997,r,-1.3456497227779043,4.348012757912879,20.556847964858996,99.0,P48
344,2459020.9695948996,r,0.08559853531702785,3.6356431988125215,20.751121851458343,99.0,P48
345,2459024.97574075,r,-1.0749561744883664,3.2468107560160844,20.87393254909564,99.0,P48
346,2459024.97574075,r,-1.0749561744883664,3.2468107560160844,20.87393254909564,99.0,P48
347,2459030.9673264,r,-4.5437743634312815,4.727272615027624,20.46604836874841,99.0,P48
348,2459033.8597684996,r,-3.329864453853116,8.322273860470947,19.851969981686096,99.0,P48
349,2459033.8597684996,r,-3.329864453853116,8.322273860470947,19.851969981686096,99.0,P48
350,2459036.8813541504,r,9.2545479920098,6.841622936288838,20.064677151281565,99.0,P48
351,2459036.8813541504,r,9.2545479920098,6.841622936288838,20.064677151281565,99.0,P48
352,2459039.9837963,r,3.9893461615813046,6.176692518709395,20.17568503339203,99.0,P48
353,2459039.9837963,r,3.9893461615813046,6.176692518709395,20.17568503339203,99.0,P48
354,2459042.9637268996,r,-3.016696273791854,5.584044245154438,20.285202862261208,99.0,P48
355,2459043.9594329,r,7.872337408432376,4.960262448849379,20.413813349813665,99.0,P48
356,2459044.9746644,r,-2.7218169918996664,4.377847425172716,20.549423435025027,99.0,P48
357,2459045.8626389,r,-0.2744413567243205,4.086978630076473,20.62406907194491,99.0,P48
358,2459046.9409837998,r,-1.064216420668844,3.046941073806297,20.942914850951666,99.0,P48
359,2459048.9063194,r,-11.112834941470387,3.6150622796149796,20.757285530062738,99.0,P48
360,2459049.9195832997,r,-3.999011697084263,3.4029104414557927,20.822948690688264,99.0,P48
361,2459051.9190046,r,-5.484056677958096,4.124769996070236,20.61407564768598,99.0,P48
362,2459052.9188194,r,-5.460772444350161,3.163931127454732,20.902007436176063,99.0,P48
363,2459055.940544,r,-0.25866114415242847,3.299425774188094,20.856479082496524,99.0,P48
364,2459057.9524306,r,-4.996069821494115,3.0900440516456174,20.927663312240067,99.0,P48
365,2459060.9247762333,r,-0.6803781999966337,1.7161785795653144,21.56616879657208,99.0,P48
366,2459060.9247762333,r,-0.6803781999966337,1.7161785795653144,21.56616879657208,99.0,P48
367,2459060.9247762333,r,-0.6803781999966337,1.7161785795653144,21.56616879657208,99.0,P48
368,2459061.8559896005,r,-6.951060250485261,3.748850179375662,20.717829778057116,99.0,P48
369,2459061.8559896005,r,-6.951060250485261,3.748850179375662,20.717829778057116,99.0,P48
370,2459063.8829398,r,-3.267010457609306,6.012849775599553,20.204874105125427,99.0,P48
371,2459063.8829398,r,-3.267010457609306,6.012849775599553,20.204874105125427,99.0,P48
372,2459064.895706033,r,3.1484434417366396,5.526179270139368,20.296512565681283,99.0,P48
373,2459064.895706033,r,3.1484434417366396,5.526179270139368,20.296512565681283,99.0,P48
374,2459064.895706033,r,3.1484434417366396,5.526179270139368,20.296512565681283,99.0,P48
375,2459065.8960185,r,-22.767902666865535,12.006046024804768,19.4540749794663,99.0,P48
376,2459066.9403588,r,-10.29042858795901,7.921181026872585,19.905600142757294,99.0,P48
377,2459067.9365972,r,-3.082572551574002,7.845056831686163,19.916084753961137,99.0,P48
378,2459074.9312152998,r,-27.415096790392674,23.39288410896966,18.72986556595452,99.0,P48
379,2459076.8852739334,r,-0.42396925936422486,2.366337052589812,21.217383479031987,99.0,P48
380,2459076.8852739334,r,-0.42396925936422486,2.366337052589812,21.217383479031987,99.0,P48
381,2459076.8852739334,r,-0.42396925936422486,2.366337052589812,21.217383479031987,99.0,P48
382,2459078.8484491003,r,-3.0900309336797385,3.8930406953809,20.676852630206838,99.0,P48
383,2459079.898489575,r,-2.7760819128197673,1.8173864313915686,21.503956785945746,99.0,P48
384,2459079.898489575,r,-2.7760819128197673,1.8173864313915686,21.503956785945746,99.0,P48
385,2459079.898489575,r,-2.7760819128197673,1.8173864313915686,21.503956785945746,99.0,P48
386,2459079.898489575,r,-2.7760819128197673,1.8173864313915686,21.503956785945746,99.0,P48
387,2459081.8923322,r,6.037996846224195,2.774500244192566,21.0446130707254,99.0,P48
388,2459081.8923322,r,6.037996846224195,2.774500244192566,21.0446130707254,99.0,P48
389,2459082.9642187497,r,-1.3541477871325778,4.369546111034787,20.551484172312094,99.0,P48
390,2459082.9642187497,r,-1.3541477871325778,4.369546111034787,20.551484172312094,99.0,P48
391,2459085.8331828997,r,-0.25877254503228786,2.6402170047846303,21.09847592945947,99.0,P48
392,2459085.8331828997,r,-0.25877254503228786,2.6402170047846303,21.09847592945947,99.0,P48
393,2459086.8531134,r,-1.3807551953260209,2.44574997705016,21.181544843853878,99.0,P48
394,2459086.8531134,r,-1.3807551953260209,2.44574997705016,21.181544843853878,99.0,P48
395,2459087.8791203997,r,-3.3948208196800866,2.5795214780172837,21.123727118371512,99.0,P48
396,2459087.8791203997,r,-3.3948208196800866,2.5795214780172837,21.123727118371512,99.0,P48
397,2459088.9038889,r,-2.5394469138679154,2.449898496469413,21.17970476124497,99.0,P48
398,2459088.9038889,r,-2.5394469138679154,2.449898496469413,21.17970476124497,99.0,P48
399,2459088.9038889,r,-2.5394469138679154,2.449898496469413,21.17970476124497,99.0,P48
400,2459098.8430671333,r,0.6120592798000791,4.890223911079263,20.429253127076944,99.0,P48
401,2459098.8430671333,r,0.6120592798000791,4.890223911079263,20.429253127076944,99.0,P48
402,2459098.8430671333,r,0.6120592798000791,4.890223911079263,20.429253127076944,99.0,P48
403,2459099.8471817,r,0.2137590847368245,5.101313056117552,20.383370049096662,99.0,P48
404,2459099.8471817,r,0.2137590847368245,5.101313056117552,20.383370049096662,99.0,P48
405,2459104.93641785,r,15.89653433199696,8.358174111295126,19.847296454652565,99.0,P48
406,2459104.93641785,r,15.89653433199696,8.358174111295126,19.847296454652565,99.0,P48
407,2459106.8388194,r,1.571673611183989,5.694443621611396,20.263946745324976,99.0,P48
408,2459107.8110995,r,-5.92533902681855,5.131444977422401,20.376975797941533,99.0,P48
409,2459110.8055478334,r,-1.0109193955432993,3.534567207134902,20.781734379513708,99.0,P48
410,2459110.8055478334,r,-1.0109193955432993,3.534567207134902,20.781734379513708,99.0,P48
411,2459110.8055478334,r,-1.0109193955432993,3.534567207134902,20.781734379513708,99.0,P48
412,2459113.7932436247,r,-1.0865435337633655,2.0827912300239295,21.355960638333446,99.0,P48
413,2459113.7932436247,r,-1.0865435337633655,2.0827912300239295,21.355960638333446,99.0,P48
414,2459113.7932436247,r,-1.0865435337633655,2.0827912300239295,21.355960638333446,99.0,P48
415,2459113.7932436247,r,-1.0865435337633655,2.0827912300239295,21.355960638333446,99.0,P48
416,2459115.81550925,r,4.699482710562325,2.951483510367403,20.97747408614567,99.0,P48
417,2459115.81550925,r,4.699482710562325,2.951483510367403,20.97747408614567,99.0,P48
418,2459116.842016775,r,0.9019458767700993,1.9197284402755468,21.444475491920564,99.0,P48
419,2459116.842016775,r,0.9019458767700993,1.9197284402755468,21.444475491920564,99.0,P48
420,2459116.842016775,r,0.9019458767700993,1.9197284402755468,21.444475491920564,99.0,P48
421,2459116.842016775,r,0.9019458767700993,1.9197284402755468,21.444475491920564,99.0,P48
422,2459118.7558680503,r,-3.6185038545197465,3.4620098565127058,20.804254239162624,99.0,P48
423,2459118.7558680503,r,-3.6185038545197465,3.4620098565127058,20.804254239162624,99.0,P48
424,2459119.8832639,r,-0.28119996165378486,5.38893273536279,20.32381808224035,99.0,P48
425,2459124.7539005,r,-23.849477624365477,15.261679151956377,19.193569191431585,99.0,P48
426,2459125.7996759,r,4.363126876751744,6.744201663750645,20.080248619168998,99.0,P48
427,2459125.7996759,r,4.363126876751744,6.744201663750645,20.080248619168998,99.0,P48
428,2459126.8084779996,r,2.761469972484447,6.259995757842829,20.16113989189509,99.0,P48
429,2459126.8084779996,r,2.761469972484447,6.259995757842829,20.16113989189509,99.0,P48
430,2459127.814838,r,35.69463820012864,97.03650407375734,17.185237134539044,99.0,P48
431,2459128.7672569,r,-3.9436431688898206,6.906143362671469,20.054486015402468,99.0,P48
432,2459129.7328935,r,-0.34665031783083616,4.883033428588124,20.43085074562061,99.0,P48
433,2459130.7588657,r,0.750539943420255,4.389002121935542,20.5466605121303,99.0,P48
434,2459131.7321991003,r,-3.342442013326959,4.178354398418006,20.60006180649378,99.0,P48
435,2459134.80086805,r,-0.6427673799015969,3.4127731757808237,20.819806427692974,99.0,P48
436,2459134.80086805,r,-0.6427673799015969,3.4127731757808237,20.819806427692974,99.0,P48
437,2459136.70269675,r,-0.7697762919016746,2.5977066033512504,21.116099743315328,99.0,P48
438,2459136.70269675,r,-0.7697762919016746,2.5977066033512504,21.116099743315328,99.0,P48
439,2459138.7773553,r,1.6290709420410465,3.511139386141243,20.788954812797613,99.0,P48
440,2459138.7773553,r,1.6290709420410465,3.511139386141243,20.788954812797613,99.0,P48
441,2459140.72248265,r,-2.2989654816505114,2.481114280727405,21.165958068053932,99.0,P48
442,2459140.72248265,r,-2.2989654816505114,2.481114280727405,21.165958068053932,99.0,P48
443,2459144.71177085,r,-2.4428812408555993,2.7223738431581794,21.065205580753165,99.0,P48
444,2459144.71177085,r,-2.4428812408555993,2.7223738431581794,21.065205580753165,99.0,P48
445,2459146.7329398496,r,-12.949286501639085,17.611077824991053,19.03811014848626,99.0,P48
446,2459146.7329398496,r,-12.949286501639085,17.611077824991053,19.03811014848626,99.0,P48
447,2459149.6954282,r,5.091945122158936,13.998555846522404,19.287366903578103,99.0,P48
448,2459151.7150231004,r,0.4746585665059317,11.582392222422339,19.493079320020758,99.0,P48
449,2459152.7085301,r,-2.2838830423379264,11.120611287088323,19.537253337746147,99.0,P48
450,2458270.965544,g,-18.488193069174304,16.222341928508154,19.12729111151141,99.0,P48
451,2458275.9687963,g,-7.953114790308311,10.317986373894824,19.618587614157153,99.0,P48
452,2458279.9707522998,g,-0.726853550332379,7.259539131373216,20.000302362704026,99.0,P48
453,2458282.920787,g,0.6326333211406642,6.477952324185503,20.123980620642723,99.0,P48
454,2458285.9434375,g,-2.023075033122504,3.6968710349917613,20.732989237874847,99.0,P48
455,2458288.9234375,g,9.706807684409066,7.3149845654363554,19.992041453899624,99.0,P48
456,2458290.9435764,g,4.983921922280465,4.356891866498187,20.554633035823848,99.0,P48
457,2458291.9441898,g,0.7958877102854486,3.7908287528799263,20.705739574096967,99.0,P48
458,2458293.9429514,g,1.2457543403726297,3.468431449830722,20.802242200377584,99.0,P48
459,2458294.8804977,g,6.854054514378942,16.2652555584794,19.124422760975172,99.0,P48
460,2458296.9743866003,g,-8.835605920891112,11.960689235395005,19.4581844726159,99.0,P48
461,2458297.9601389,g,-3.56407272235496,15.516888249482893,19.175563408126408,99.0,P48
462,2458300.9604514,g,1.6510780554777271,12.155281866772816,19.44066240396666,99.0,P48
463,2458302.9407523,g,7.520494046664522,10.78075097455768,19.57095245327926,99.0,P48
464,2458305.959919,g,-3.9877926681471534,6.841487543504244,20.064698637748155,99.0,P48
465,2458313.9895486003,g,-0.30186481039725394,7.334380871763944,19.989166341743413,99.0,P48
466,2458313.9895486003,g,-0.30186481039725394,7.334380871763944,19.989166341743413,99.0,P48
467,2458316.9274826003,g,5.73277979615986,3.3075961929592888,20.85379378069672,99.0,P48
468,2458316.9274826003,g,5.73277979615986,3.3075961929592888,20.85379378069672,99.0,P48
469,2458319.9191146,g,-1.0401857242139205,2.9564647744680084,20.975643217018067,99.0,P48
470,2458319.9191146,g,-1.0401857242139205,2.9564647744680084,20.975643217018067,99.0,P48
471,2458322.9503472503,g,-2.8560567637664906,3.2307632338944114,20.87931215925115,99.0,P48
472,2458322.9503472503,g,-2.8560567637664906,3.2307632338944114,20.87931215925115,99.0,P48
473,2458326.9807176003,g,26.138922415806064,12.014449999590864,19.453315253268123,99.0,P48
474,2458332.9423958,g,17.130518262575727,14.27155001323231,19.26639712966753,99.0,P48
475,2458333.9617823996,g,-7.183881249838098,10.133275148271617,19.638200401194737,99.0,P48
476,2458336.8171412004,g,1.1603071194928873,4.693485153634604,20.473836368035137,99.0,P48
477,2458337.9100174,g,5.005339294715008,2.419948937147714,21.193059483866875,99.0,P48
478,2458337.9100174,g,5.005339294715008,2.419948937147714,21.193059483866875,99.0,P48
479,2458338.9080844503,g,0.5048929361023866,2.5139567831611953,21.15168047025999,99.0,P48
480,2458338.9080844503,g,0.5048929361023866,2.5139567831611953,21.15168047025999,99.0,P48
481,2458340.8709143996,g,-13.139155387896432,13.179570017084702,19.352821885035,99.0,P48
482,2458342.9128703997,g,-1.6366058905527203,4.935021803455789,20.419352299736182,99.0,P48
483,2458343.8981712996,g,-1.7674470487440712,4.106849939225406,20.618802903170806,99.0,P48
484,2458344.9142418997,g,2.5310634894968422,2.3844145928829468,21.20912056141949,99.0,P48
485,2458344.9142418997,g,2.5310634894968422,2.3844145928829468,21.20912056141949,99.0,P48
486,2458345.9014410004,g,-1.128164461815809,2.6195818161767184,21.106995071378137,99.0,P48
487,2458345.9014410004,g,-1.128164461815809,2.6195818161767184,21.106995071378137,99.0,P48
488,2458346.87421875,g,-0.42142404455165694,2.852626970894909,21.014462529062023,99.0,P48
489,2458346.87421875,g,-0.42142404455165694,2.852626970894909,21.014462529062023,99.0,P48
490,2458347.8382407003,g,-3.1777836957242376,4.5832699977206,20.499636384087317,99.0,P48
491,2458348.8948785,g,0.7492649141416672,2.784988837154504,21.040516342245475,99.0,P48
492,2458348.8948785,g,0.7492649141416672,2.784988837154504,21.040516342245475,99.0,P48
493,2458349.8957407502,g,-1.347611636898812,2.7060473099942715,21.071736526346072,99.0,P48
494,2458349.8957407502,g,-1.347611636898812,2.7060473099942715,21.071736526346072,99.0,P48
495,2458351.9140451,g,2.4232044884703696,2.1258859807487362,21.333725069241552,99.0,P48
496,2458351.9140451,g,2.4232044884703696,2.1258859807487362,21.333725069241552,99.0,P48
497,2458352.8765451,g,5.43631517397333,4.241248909007231,20.583840586815082,99.0,P48
498,2458352.8765451,g,5.43631517397333,4.241248909007231,20.583840586815082,99.0,P48
499,2458360.9049807,g,2.5051649962802576,8.157348090505876,19.873702501848463,99.0,P48
500,2458360.9049807,g,2.5051649962802576,8.157348090505876,19.873702501848463,99.0,P48
501,2458360.9049807,g,2.5051649962802576,8.157348090505876,19.873702501848463,99.0,P48
502,2458362.9653819,g,3.0141338213876856,8.126190792411284,19.877857452208005,99.0,P48
503,2458363.8301273,g,1.4991587544857683,4.190292430030973,20.59696415828529,99.0,P48
504,2458363.8301273,g,1.4991587544857683,4.190292430030973,20.59696415828529,99.0,P48
505,2458363.8301273,g,1.4991587544857683,4.190292430030973,20.59696415828529,99.0,P48
506,2458364.7913889,g,3.506229748229608,4.100216194448335,20.620558097616385,99.0,P48
507,2458365.8093403,g,-0.3786043828520366,5.971498783427854,20.212366618757287,99.0,P48
508,2458366.9017322664,g,0.8750259182450913,2.415321432676863,21.195137651287236,99.0,P48
509,2458366.9017322664,g,0.8750259182450913,2.415321432676863,21.195137651287236,99.0,P48
510,2458366.9017322664,g,0.8750259182450913,2.415321432676863,21.195137651287236,99.0,P48
511,2458367.7969792006,g,-1.498321468820976,5.650804233238858,20.27229933456625,99.0,P48
512,2458368.8742823997,g,0.29996240736831736,3.7155626375842576,20.72751352137704,99.0,P48
513,2458369.820734925,g,-1.0112225659362655,1.7700502755393128,21.532610984160506,99.0,P48
514,2458369.820734925,g,-1.0112225659362655,1.7700502755393128,21.532610984160506,99.0,P48
515,2458369.820734925,g,-1.0112225659362655,1.7700502755393128,21.532610984160506,99.0,P48
516,2458369.820734925,g,-1.0112225659362655,1.7700502755393128,21.532610984160506,99.0,P48
517,2458370.8696181,g,-3.8492838241638707,3.7092545753029245,20.729358386523803,99.0,P48
518,2458371.8481597,g,1.7969413358546038,3.2557134413658453,20.870959557823355,99.0,P48
519,2458372.7875887332,g,-1.0871857783152292,2.134241043071314,21.329466320506285,99.0,P48
520,2458372.7875887332,g,-1.0871857783152292,2.134241043071314,21.329466320506285,99.0,P48
521,2458372.7875887332,g,-1.0871857783152292,2.134241043071314,21.329466320506285,99.0,P48
522,2458373.858912,g,0.4705537025284193,3.796357901009246,20.704157117346647,99.0,P48
523,2458374.778287,g,7.080578873323183,4.830598584842302,20.44257261466903,99.0,P48
524,2458375.809093367,g,2.850802183053949,2.0683856712060615,21.36349618784878,99.0,P48
525,2458375.809093367,g,2.850802183053949,2.0683856712060615,21.36349618784878,99.0,P48
526,2458375.809093367,g,2.850802183053949,2.0683856712060615,21.36349618784878,99.0,P48
527,2458376.8300347,g,-4.175556330137422,3.7139820331395392,20.72797549302483,99.0,P48
528,2458377.8522106004,g,2.945077494261166,3.5840145081126664,20.766650591609036,99.0,P48
529,2458378.8177855,g,-2.337155000848381,2.0228888427190514,21.387644941550867,99.0,P48
530,2458378.8177855,g,-2.337155000848381,2.0228888427190514,21.387644941550867,99.0,P48
531,2458378.8177855,g,-2.337155000848381,2.0228888427190514,21.387644941550867,99.0,P48
532,2458379.8543403,g,0.20298052975328074,3.8319130592841217,20.694035871691113,99.0,P48
533,2458380.8661574,g,-5.305384832649853,4.7900020782055694,20.451735734562472,99.0,P48
534,2458382.8611169,g,2.1883517843746807,4.102082049360181,20.62006413209469,99.0,P48
535,2458382.8611169,g,2.1883517843746807,4.102082049360181,20.62006413209469,99.0,P48
536,2458382.8611169,g,2.1883517843746807,4.102082049360181,20.62006413209469,99.0,P48
537,2458382.8611169,g,2.1883517843746807,4.102082049360181,20.62006413209469,99.0,P48
538,2458383.7775462996,g,14.687529446189703,12.262514737201933,19.431126133341493,99.0,P48
539,2458384.7981713004,g,16.700809722691,10.415786282883294,19.60834483863343,99.0,P48
540,2458384.7981713004,g,16.700809722691,10.415786282883294,19.60834483863343,99.0,P48
541,2458387.7879167004,g,-4.057045360636753,14.614315497785698,19.24062879221784,99.0,P48
542,2458388.82582755,g,4.798243529143019,7.373526997672987,19.983386802339872,99.0,P48
543,2458388.82582755,g,4.798243529143019,7.373526997672987,19.983386802339872,99.0,P48
544,2458389.87492475,g,-2.795111592493929,6.930808546507652,20.05061523350942,99.0,P48
545,2458389.87492475,g,-2.795111592493929,6.930808546507652,20.05061523350942,99.0,P48
546,2458390.812511575,g,0.49777686082812567,3.566294772703643,20.77203189664113,99.0,P48
547,2458390.812511575,g,0.49777686082812567,3.566294772703643,20.77203189664113,99.0,P48
548,2458390.812511575,g,0.49777686082812567,3.566294772703643,20.77203189664113,99.0,P48
549,2458390.812511575,g,0.49777686082812567,3.566294772703643,20.77203189664113,99.0,P48
550,2458397.8440856505,g,4.377317957826125,2.712444424593129,21.069172867492952,99.0,P48
551,2458397.8440856505,g,4.377317957826125,2.712444424593129,21.069172867492952,99.0,P48
552,2458423.716767,g,2.2837359537323954,2.4357451115864945,21.185995390119114,99.0,P48
553,2458423.716767,g,2.2837359537323954,2.4357451115864945,21.185995390119114,99.0,P48
554,2458423.716767,g,2.2837359537323954,2.4357451115864945,21.185995390119114,99.0,P48
555,2458424.7013773,g,1.8292291960975744,13.947917877662379,19.29130153496231,99.0,P48
556,2458425.6839814996,g,0.034974322337698045,5.890682843933666,20.22716088709734,99.0,P48
557,2458426.7240625,g,-2.6454341601337097,3.5438667980381684,20.77888151450572,99.0,P48
558,2458426.7240625,g,-2.6454341601337097,3.5438667980381684,20.77888151450572,99.0,P48
559,2458426.7240625,g,-2.6454341601337097,3.5438667980381684,20.77888151450572,99.0,P48
560,2458427.6994328997,g,6.83296606280977,28.269303415802057,18.524287221243597,99.0,P48
561,2458428.7004514,g,-4.535239809920316,3.5909554231617165,20.764549954202643,99.0,P48
562,2458429.712696767,g,4.306521004282557,2.124623486281815,21.33437004415667,99.0,P48
563,2458429.712696767,g,4.306521004282557,2.124623486281815,21.33437004415667,99.0,P48
564,2458429.712696767,g,4.306521004282557,2.124623486281815,21.33437004415667,99.0,P48
565,2458430.7610648,g,-3.762169757974679,3.6572161310255766,20.744698422510794,99.0,P48
566,2458431.7146412004,g,6.964450118920986,7.969263283218467,19.899029551673888,99.0,P48
567,2458432.7295832997,g,-0.6190004225891913,5.356002229981293,20.33047311626168,99.0,P48
568,2458434.64770255,g,4.17472013356701,4.192760661868068,20.596324809180537,99.0,P48
569,2458434.64770255,g,4.17472013356701,4.192760661868068,20.596324809180537,99.0,P48
570,2458435.7125057997,g,2.2002289290409576,4.3830202474490845,20.548141296933508,99.0,P48
571,2458435.7125057997,g,2.2002289290409576,4.3830202474490845,20.548141296933508,99.0,P48
572,2458436.7303935,g,-2.8085389029473538,8.58620726556618,19.818071569505683,99.0,P48
573,2458437.71407985,g,-0.02515419982371438,4.264636733962172,20.577869880562158,99.0,P48
574,2458437.71407985,g,-0.02515419982371438,4.264636733962172,20.577869880562158,99.0,P48
575,2458438.7280093,g,-29.717343151317408,72.77531115488613,17.497614811747443,99.0,P48
576,2458450.7672917005,g,-123.69925415472419,159.19526714116674,16.64774960900113,99.0,P48
577,2458457.6192245,g,11.903537638465584,6.94273559458075,20.04874842413938,99.0,P48
578,2458469.6498264,g,9.445690174787073,13.40582625576029,19.334341022948912,99.0,P48
579,2458472.6489525503,g,7.969252908628287,8.66578925234196,19.808054681654163,99.0,P48
580,2458472.6489525503,g,7.969252908628287,8.66578925234196,19.808054681654163,99.0,P48
581,2458474.5972569,g,-8.471637617877962,11.299355918755028,19.51994076737678,99.0,P48
582,2458482.6429745,g,13.153695672977019,8.288121724791974,19.856434687205905,99.0,P48
583,2458483.606088,g,0.6820917663210396,4.9194082851066625,20.422792818607064,99.0,P48
584,2458486.6497685,g,-10.339721684177286,8.04859539532447,19.888274749508923,99.0,P48
585,2458487.6428742334,g,-0.27090387753473666,3.0901595541830593,20.92762272934194,99.0,P48
586,2458487.6428742334,g,-0.27090387753473666,3.0901595541830593,20.92762272934194,99.0,P48
587,2458487.6428742334,g,-0.27090387753473666,3.0901595541830593,20.92762272934194,99.0,P48
588,2458488.6438889,g,-2.60441346326479,5.345315263741979,20.33264167728779,99.0,P48
589,2458490.6040856005,g,6.378955485884144,6.891070963754615,20.056858183482085,99.0,P48
590,2458491.6331597334,g,3.3055747515296,3.37701398255888,20.831242842060917,99.0,P48
591,2458491.6331597334,g,3.3055747515296,3.37701398255888,20.831242842060917,99.0,P48
592,2458491.6331597334,g,3.3055747515296,3.37701398255888,20.831242842060917,99.0,P48
593,2458493.6510069002,g,-5.088548545578989,6.431471277077253,20.131799153107316,99.0,P48
594,2458494.6317245,g,-1.4379035920009573,6.456950706469918,20.12750631182037,99.0,P48
595,2458503.6555439997,g,-31.252631184760922,20.94374889512926,18.84993893348873,99.0,P48
596,2458505.6611227,g,-8.138623755616356,21.524450461555173,18.820244808306903,99.0,P48
597,2458505.6611227,g,-8.138623755616356,21.524450461555173,18.820244808306903,99.0,P48
598,2458510.6316821,g,7.854045188188427,8.81449407254817,19.78958151402258,99.0,P48
599,2458510.6316821,g,7.854045188188427,8.81449407254817,19.78958151402258,99.0,P48
600,2458510.6316821,g,7.854045188188427,8.81449407254817,19.78958151402258,99.0,P48
601,2458511.6340509,g,6.322644694997852,14.959658479719186,19.215270791780434,99.0,P48
602,2458641.9453241,g,-3.4174870860393307,4.68584576741435,20.47560501445681,99.0,P48
603,2458643.9586921004,g,-5.080496108691089,5.912164512960427,20.223208713380423,99.0,P48
604,2458644.9452431,g,12.30989770899248,5.557163402531165,20.290442071798683,99.0,P48
605,2458646.947338,g,12.792847128501903,15.157448038593133,19.201009768909756,99.0,P48
606,2458647.9702199,g,39.17254419604278,28.68100236298297,18.5085891759675,99.0,P48
607,2458649.9721991,g,6.558392390244747,8.50601545939514,19.828259569924352,99.0,P48
608,2458655.9786863,g,7.6550949923055205,10.537578275987418,19.595722954905206,99.0,P48
609,2458655.9786863,g,7.6550949923055205,10.537578275987418,19.595722954905206,99.0,P48
610,2458661.9760417,g,-1.9641032251821544,7.616292179561739,19.94821599842853,99.0,P48
611,2458663.9600116,g,3.0706716465682917,5.897169120405596,20.225966032270236,99.0,P48
612,2458669.9608390997,g,0.9884456854208258,2.7320299198971614,21.061361361102648,99.0,P48
613,2458669.9608390997,g,0.9884456854208258,2.7320299198971614,21.061361361102648,99.0,P48
614,2458672.9266377,g,29.265547655537752,2.810838374518864,20.23417398323835,0.10425791758463375,P48
615,2458672.9266377,g,29.265547655537752,2.810838374518864,20.23417398323835,0.10425791758463375,P48
616,2458675.9470659997,g,84.18896004755662,3.2335409005394835,19.086927760064505,0.04169202999482209,P48
617,2458675.9470659997,g,84.18896004755662,3.2335409005394835,19.086927760064505,0.04169202999482209,P48
618,2458677.9457986,g,80.18537459082945,4.1929790193860805,19.13982771633882,0.05676195626408071,P48
619,2458678.9404166997,g,71.12318461580487,3.3920919492879054,19.270037636301662,0.05177096372782199,P48
620,2458678.9404166997,g,71.12318461580487,3.3920919492879054,19.270037636301662,0.05177096372782199,P48
621,2458678.9404166997,g,71.12318461580487,3.3920919492879054,19.270037636301662,0.05177096372782199,P48
622,2458679.9455556,g,75.46642985620277,9.634788980956026,19.205681109779732,0.13858563945261484,P48
623,2458683.9896180998,g,29.495217938333344,12.039731977630138,19.451032941691793,99.0,P48
624,2458684.9053163673,g,24.901967053687677,7.627898005209002,20.409481486789815,0.3325071977969785,P48
625,2458684.9053163673,g,24.901967053687677,7.627898005209002,20.409481486789815,0.3325071977969785,P48
626,2458684.9053163673,g,24.901967053687677,7.627898005209002,20.409481486789815,0.3325071977969785,P48
627,2458688.9633449,g,17.101881369379495,3.8961018881262834,20.817455898436986,0.24729551727176602,P48
628,2458688.9633449,g,17.101881369379495,3.8961018881262834,20.817455898436986,0.24729551727176602,P48
629,2458688.9633449,g,17.101881369379495,3.8961018881262834,20.817455898436986,0.24729551727176602,P48
630,2458690.9836748,g,16.955022688252406,3.8740056213342156,20.826819684125212,0.24802285312611008,P48
631,2458690.9836748,g,16.955022688252406,3.8740056213342156,20.826819684125212,0.24802285312611008,P48
632,2458691.96667535,g,10.355601597124272,2.2592397945844938,21.362127287742556,0.2368191528054242,P48
633,2458691.96667535,g,10.355601597124272,2.2592397945844938,21.362127287742556,0.2368191528054242,P48
634,2458691.96667535,g,10.355601597124272,2.2592397945844938,21.362127287742556,0.2368191528054242,P48
635,2458691.96667535,g,10.355601597124272,2.2592397945844938,21.362127287742556,0.2368191528054242,P48
636,2458693.9221412004,g,9.053201503714009,3.229111494583523,20.879867387730066,99.0,P48
637,2458694.9520370504,g,7.312627312251256,1.8234535013439197,21.739882021812402,0.2706768294334778,P48
638,2458694.9520370504,g,7.312627312251256,1.8234535013439197,21.739882021812402,0.2706768294334778,P48
639,2458694.9520370504,g,7.312627312251256,1.8234535013439197,21.739882021812402,0.2706768294334778,P48
640,2458694.9520370504,g,7.312627312251256,1.8234535013439197,21.739882021812402,0.2706768294334778,P48
641,2458695.91704865,g,9.246592464616919,2.485824497511269,21.48511133001852,0.29182236617154445,P48
642,2458695.91704865,g,9.246592464616919,2.485824497511269,21.48511133001852,0.29182236617154445,P48
643,2458696.9365162,g,5.001851439462265,4.08867374124137,20.623618846444707,99.0,P48
644,2458697.9779282003,g,8.212568347777106,4.076275698788854,20.626916114603752,99.0,P48
645,2458698.9571758998,g,8.994433794630979,3.748520490643759,20.717925266197824,99.0,P48
646,2458699.9418056,g,13.32420020014504,4.676554219857499,20.47776005438385,99.0,P48
647,2458700.97876735,g,2.963839440084829,2.7080187867115018,21.07094580687383,99.0,P48
648,2458700.97876735,g,2.963839440084829,2.7080187867115018,21.07094580687383,99.0,P48
649,2458701.9543634,g,6.905560009974767,4.165887195047927,20.603306224573444,99.0,P48
650,2458703.961658933,g,5.616715982882746,2.3508706408550353,21.224503158487643,99.0,P48
651,2458703.961658933,g,5.616715982882746,2.3508706408550353,21.224503158487643,99.0,P48
652,2458703.961658933,g,5.616715982882746,2.3508706408550353,21.224503158487643,99.0,P48
653,2458704.9240162005,g,3.050651703176519,4.215223181009072,20.590523554382777,99.0,P48
654,2458705.8994792,g,0.011471681842011132,3.975238099674785,20.65416712379944,99.0,P48
655,2458707.93528355,g,2.6114554653034783,3.069936392867588,20.934751545998576,99.0,P48
656,2458707.93528355,g,2.6114554653034783,3.069936392867588,20.934751545998576,99.0,P48
657,2458708.9607407004,g,9.003675315021528,6.794665130371284,20.072154844809347,99.0,P48
658,2458709.95385995,g,-1.7271817847871715,7.034107508537884,20.034552484806184,99.0,P48
659,2458709.95385995,g,-1.7271817847871715,7.034107508537884,20.034552484806184,99.0,P48
660,2458710.9633218,g,-13.841099975777968,16.199236505110633,19.128838624011905,99.0,P48
661,2458712.9773264,g,-2.2988258034418143,14.034746823354757,19.28456353245018,99.0,P48
662,2458717.908287,g,3.612985832935482,4.279392253170061,20.574119748774116,99.0,P48
663,2458717.908287,g,3.612985832935482,4.279392253170061,20.574119748774116,99.0,P48
664,2458718.9148322,g,5.0838561349540585,4.709155220522155,20.47021747503804,99.0,P48
665,2458718.9148322,g,5.0838561349540585,4.709155220522155,20.47021747503804,99.0,P48
666,2458722.8987037004,g,2.8304581410056318,4.450753157094874,20.531491217722525,99.0,P48
667,2458723.8999421,g,8.373282629988838,3.188492625010103,20.893611447158904,99.0,P48
668,2458724.92171875,g,4.324645973982772,3.058118504775172,20.938939212423463,99.0,P48
669,2458724.92171875,g,4.324645973982772,3.058118504775172,20.938939212423463,99.0,P48
670,2458727.878665134,g,6.611065435869269,2.1838201511773763,21.849386982784637,0.35857106499677943,P48
671,2458727.878665134,g,6.611065435869269,2.1838201511773763,21.849386982784637,0.35857106499677943,P48
672,2458727.878665134,g,6.611065435869269,2.1838201511773763,21.849386982784637,0.35857106499677943,P48
673,2458730.8276080335,g,-0.47447414005074934,2.736907479826791,21.059424697936283,99.0,P48
674,2458730.8276080335,g,-0.47447414005074934,2.736907479826791,21.059424697936283,99.0,P48
675,2458730.8276080335,g,-0.47447414005074934,2.736907479826791,21.059424697936283,99.0,P48
676,2458732.8829977,g,2.996034869674371,3.460793456960209,20.80463578663332,99.0,P48
677,2458733.871817134,g,0.8993386208154874,2.2933727843066274,21.251388353198124,99.0,P48
678,2458733.871817134,g,0.8993386208154874,2.2933727843066274,21.251388353198124,99.0,P48
679,2458733.871817134,g,0.8993386208154874,2.2933727843066274,21.251388353198124,99.0,P48
680,2458735.9013657,g,1.40392562743604,4.293885837966656,20.570448755118164,99.0,P48
681,2458736.9469482997,g,3.171988056311383,2.295178339917676,21.25053389733843,99.0,P48
682,2458736.9469482997,g,3.171988056311383,2.295178339917676,21.25053389733843,99.0,P48
683,2458736.9469482997,g,3.171988056311383,2.295178339917676,21.25053389733843,99.0,P48
684,2458737.9604167,g,3.881211821322258,6.847467227654107,20.063750083224306,99.0,P48
685,2458738.7075231,g,0.1424646875134558,19.715080028248856,18.91557862836366,99.0,P48
686,2458739.8532755002,g,6.262745260863728,18.70838463176261,18.972484263835664,99.0,P48
687,2458739.8532755002,g,6.262745260863728,18.70838463176261,18.972484263835664,99.0,P48
688,2458740.7063657003,g,-23.70300899004597,30.116292209773402,18.455571233349282,99.0,P48
689,2458741.7032407,g,-20.120595156863157,26.023097562247443,18.61417751434886,99.0,P48
690,2458743.7038657,g,8.100909001497351,17.344915287578893,19.054644531428345,99.0,P48
691,2458744.7028935,g,4.409115175586879,10.461229598321436,19.60361815441368,99.0,P48
692,2458745.703044,g,0.17017134024489095,6.294043761117125,20.155250593803054,99.0,P48
693,2458747.7030093,g,7.743475705119167,5.579986347167401,20.28599214833801,99.0,P48
694,2458748.72653935,g,5.435959152802641,4.154542211757482,20.606267049341515,99.0,P48
695,2458748.72653935,g,5.435959152802641,4.154542211757482,20.606267049341515,99.0,P48
696,2458749.7037269,g,3.7615590631297375,4.654507081151682,20.48289075077026,99.0,P48
697,2458750.7040856,g,7.081214960082165,7.28654153212084,19.996271377525105,99.0,P48
698,2458751.701713,g,11.39383354001158,5.60379494946754,20.281369400473583,99.0,P48
699,2458754.74595485,g,-3.7395665424059943,3.5949277701927973,20.763349566911955,99.0,P48
700,2458754.74595485,g,-3.7395665424059943,3.5949277701927973,20.763349566911955,99.0,P48
701,2458760.77681715,g,-0.5263255986125899,3.658761925356226,20.744239611704657,99.0,P48
702,2458760.77681715,g,-0.5263255986125899,3.658761925356226,20.744239611704657,99.0,P48
703,2458761.7021065,g,6.095263622933104,6.2682221400837035,20.159714041484516,99.0,P48
704,2458762.7013426004,g,11.518616479231847,6.240577118361537,20.16451310320305,99.0,P48
705,2458763.7908623,g,-3.007867436486524,4.3980853619744416,20.544415853454154,99.0,P48
706,2458763.7908623,g,-3.007867436486524,4.3980853619744416,20.544415853454154,99.0,P48
707,2458764.8570022997,g,0.03587507095690901,5.758126711428517,20.251871945190732,99.0,P48
708,2458766.8136457996,g,-6.0902619752119005,15.615899548255765,19.168657472500847,99.0,P48
709,2458771.6889583,g,12.982874335531806,17.91148369897955,19.01974608377928,99.0,P48
710,2458783.7109954,g,0.46563597268782764,5.271007387236823,20.347840926978687,99.0,P48
711,2458785.7173264,g,5.1608639496713895,4.819033515510896,20.44517512228075,99.0,P48
712,2458786.7721412,g,-7.951325741878101,8.595394487540466,19.816910455354318,99.0,P48
713,2458788.7058102,g,-4.978447009751602,5.6300349123681634,20.276297269259903,99.0,P48
714,2458789.7065162,g,1.6594452850965025,5.339071764499294,20.333910593122795,99.0,P48
715,2458791.7387789004,g,4.942990966789927,4.426169131843087,20.537504976465883,99.0,P48
716,2458791.7387789004,g,4.942990966789927,4.426169131843087,20.537504976465883,99.0,P48
717,2458794.6677778,g,8.47050573675948,11.198101297292386,19.529714009719378,99.0,P48
718,2458796.6869907,g,23.214090388969243,16.169228948086985,19.130851712983187,99.0,P48
719,2458797.6815972333,g,6.24567137504891,9.151254390991799,19.748873418543788,99.0,P48
720,2458797.6815972333,g,6.24567137504891,9.151254390991799,19.748873418543788,99.0,P48
721,2458797.6815972333,g,6.24567137504891,9.151254390991799,19.748873418543788,99.0,P48
722,2458800.6908681,g,-0.8111190173301264,14.840492286080371,19.22395422036339,99.0,P48
723,2458803.6745023504,g,5.5076296728901015,7.717759911170078,19.9338468287969,99.0,P48
724,2458803.6745023504,g,5.5076296728901015,7.717759911170078,19.9338468287969,99.0,P48
725,2458806.6769618,g,-2.508452478092742,7.849426064126094,19.915480231467335,99.0,P48
726,2458806.6769618,g,-2.508452478092742,7.849426064126094,19.915480231467335,99.0,P48
727,2458811.6721353997,g,-0.8087799879746046,4.59296009273217,20.497343309308537,99.0,P48
728,2458811.6721353997,g,-0.8087799879746046,4.59296009273217,20.497343309308537,99.0,P48
729,2458812.6607407,g,0.413731099693377,4.291338285762046,20.571093110979675,99.0,P48
730,2458814.605897,g,-5.603876632766449,17.883213532473846,19.021461083600244,99.0,P48
731,2458814.605897,g,-5.603876632766449,17.883213532473846,19.021461083600244,99.0,P48
732,2458820.66002895,g,7.9622738275167,11.288100457427388,19.521022824840237,99.0,P48
733,2458820.66002895,g,7.9622738275167,11.288100457427388,19.521022824840237,99.0,P48
734,2458828.5921759,g,-23.292879437234056,16.99879430624763,19.07652969228971,99.0,P48
735,2458835.6276042,g,-3.8366748750177764,9.734962208546941,19.681739314376372,99.0,P48
736,2458835.6276042,g,-3.8366748750177764,9.734962208546941,19.681739314376372,99.0,P48
737,2458838.6243171496,g,12.174497758157603,13.282523817757228,19.344373480799575,99.0,P48
738,2458838.6243171496,g,12.174497758157603,13.282523817757228,19.344373480799575,99.0,P48
739,2458852.60391205,g,-5.139174537945239,7.271384340920821,19.998532237669373,99.0,P48
740,2458852.60391205,g,-5.139174537945239,7.271384340920821,19.998532237669373,99.0,P48
741,2458862.6248843,g,-0.40173235105487987,5.591958808992501,20.28366507994337,99.0,P48
742,2458863.6213078997,g,-11.939787665497908,6.329850147670708,20.149091417438072,99.0,P48
743,2458872.65614005,g,0.6022489476811237,7.066421682969584,20.029576114054237,99.0,P48
744,2458872.65614005,g,0.6022489476811237,7.066421682969584,20.029576114054237,99.0,P48
745,2458875.6328414003,g,2.5340743509065833,5.765794027052616,20.250427179371236,99.0,P48
746,2458875.6328414003,g,2.5340743509065833,5.765794027052616,20.250427179371236,99.0,P48
747,2458881.6315508997,g,4.487906199054478,15.202478127982262,19.19778902101091,99.0,P48
748,2459018.8883796004,g,3.651809885859093,6.35688717996682,20.144463729717305,99.0,P48
749,2459024.8812847,g,7.112885401869767,5.726558173035046,20.257840797054524,99.0,P48
750,2459024.8812847,g,7.112885401869767,5.726558173035046,20.257840797054524,99.0,P48
751,2459027.8711227,g,3.4428314907911655,7.525438462638794,19.961245467247057,99.0,P48
752,2459030.8683217503,g,-3.2861471516942027,8.068081953323343,19.885649236646962,99.0,P48
753,2459030.8683217503,g,-3.2861471516942027,8.068081953323343,19.885649236646962,99.0,P48
754,2459033.9488368,g,6.160259322036528,5.674403474521911,20.267774457246084,99.0,P48
755,2459033.9488368,g,6.160259322036528,5.674403474521911,20.267774457246084,99.0,P48
756,2459036.9640798504,g,-1.4514154748614052,7.196468943447787,20.009776350351373,99.0,P48
757,2459036.9640798504,g,-1.4514154748614052,7.196468943447787,20.009776350351373,99.0,P48
758,2459039.8582638996,g,25.726247885188467,10.477964471976335,19.601882685320007,99.0,P48
759,2459039.8582638996,g,25.726247885188467,10.477964471976335,19.601882685320007,99.0,P48
760,2459043.8608218,g,0.11276385744082268,7.933304733621468,19.90393964741009,99.0,P48
761,2459045.9471875,g,2.0814587444355346,3.964720470253786,20.65704355637253,99.0,P48
762,2459046.9623032003,g,-0.6387099973591932,3.797513065223513,20.70382679737542,99.0,P48
763,2459048.9581828997,g,3.295681181112055,3.4213282150772586,20.817088141785913,99.0,P48
764,2459051.9534838,g,2.921138408926322,3.963391956534019,20.657407429985795,99.0,P48
765,2459052.9740104005,g,3.7877248764093765,2.828773377417842,21.02357959902509,99.0,P48
766,2459052.9740104005,g,3.7877248764093765,2.828773377417842,21.02357959902509,99.0,P48
767,2459054.9559375,g,1.8175864862940092,3.239143063127099,20.876499664399592,99.0,P48
768,2459055.9198264,g,6.068383179197416,4.121633087501906,20.6149016697306,99.0,P48
769,2459057.9379282002,g,7.403417768879909,3.57036004837904,20.770794953683634,99.0,P48
770,2459059.9158102,g,-2.666628005241955,3.407982791163067,20.821331506407006,99.0,P48
771,2459060.96235535,g,1.8401577607020732,2.2681374713675226,21.26340155535491,99.0,P48
772,2459060.96235535,g,1.8401577607020732,2.2681374713675226,21.26340155535491,99.0,P48
773,2459066.8973611,g,0.6683236556518054,12.662541041942658,19.39627282413539,99.0,P48
774,2459067.8781018998,g,-0.7091615391323652,11.986295056228085,19.455862578803483,99.0,P48
775,2459071.9693634,g,3.8629427083192356,3.7894813747641405,20.70612554701696,99.0,P48
776,2459071.9693634,g,3.8629427083192356,3.7894813747641405,20.70612554701696,99.0,P48
777,2459072.9577546003,g,6.945132228639131,5.391943005379652,20.32321175687181,99.0,P48
778,2459073.89247105,g,-0.039815327303636586,2.437301069047893,21.18530204171087,99.0,P48
779,2459073.89247105,g,-0.039815327303636586,2.437301069047893,21.18530204171087,99.0,P48
780,2459073.89247105,g,-0.039815327303636586,2.437301069047893,21.18530204171087,99.0,P48
781,2459073.89247105,g,-0.039815327303636586,2.437301069047893,21.18530204171087,99.0,P48
782,2459074.9643403,g,-16.816249424282972,40.460535849318205,18.13499591375632,99.0,P48
783,2459075.8944618,g,-1.4214696312413548,3.1580944282300676,20.90401221056655,99.0,P48
784,2459075.8944618,g,-1.4214696312413548,3.1580944282300676,20.90401221056655,99.0,P48
785,2459076.9407292004,g,4.134861228120084,5.476960319924579,20.306226002868765,99.0,P48
786,2459077.89365165,g,0.2159974402931931,2.6139289606382428,21.109340537955717,99.0,P48
787,2459077.89365165,g,0.2159974402931931,2.6139289606382428,21.109340537955717,99.0,P48
788,2459078.9090162003,g,2.995165681220126,4.238621708171287,20.58451334405037,99.0,P48
789,2459079.8478163667,g,-0.6657549902524691,2.263363762559617,21.26568909325171,99.0,P48
790,2459079.8478163667,g,-0.6657549902524691,2.263363762559617,21.26568909325171,99.0,P48
791,2459079.8478163667,g,-0.6657549902524691,2.263363762559617,21.26568909325171,99.0,P48
792,2459080.9300347,g,2.113392429898218,3.379235622549012,20.830528802408995,99.0,P48
793,2459080.9300347,g,2.113392429898218,3.379235622549012,20.830528802408995,99.0,P48
794,2459081.8519329,g,1.1465866572164873,4.571928533547806,20.502326406488113,99.0,P48
795,2459082.878153925,g,13.428170028539133,9.909787172211832,19.662414170536707,99.0,P48
796,2459082.878153925,g,13.428170028539133,9.909787172211832,19.662414170536707,99.0,P48
797,2459082.878153925,g,13.428170028539133,9.909787172211832,19.662414170536707,99.0,P48
798,2459082.878153925,g,13.428170028539133,9.909787172211832,19.662414170536707,99.0,P48
799,2459085.88836225,g,1.6006055498595313,1.7544570371725166,21.542218144768214,99.0,P48
800,2459085.88836225,g,1.6006055498595313,1.7544570371725166,21.542218144768214,99.0,P48
801,2459085.88836225,g,1.6006055498595313,1.7544570371725166,21.542218144768214,99.0,P48
802,2459085.88836225,g,1.6006055498595313,1.7544570371725166,21.542218144768214,99.0,P48
803,2459088.8259954,g,-1.3945490286229418,5.751859360028424,20.253054342971808,99.0,P48
804,2459089.8268576497,g,6.151001600942797,4.779247020363819,20.454176294000234,99.0,P48
805,2459089.8268576497,g,6.151001600942797,4.779247020363819,20.454176294000234,99.0,P48
806,2459090.82918985,g,-0.9149203103609828,7.246288896025898,20.002285877772884,99.0,P48
807,2459090.82918985,g,-0.9149203103609828,7.246288896025898,20.002285877772884,99.0,P48
808,2459091.81864005,g,-0.8236436827837849,7.303878710372563,19.993691107640785,99.0,P48
809,2459091.81864005,g,-0.8236436827837849,7.303878710372563,19.993691107640785,99.0,P48
810,2459092.8500868003,g,15.325422009533874,8.456339529809954,19.834618959229108,99.0,P48
811,2459092.8500868003,g,15.325422009533874,8.456339529809954,19.834618959229108,99.0,P48
812,2459106.82635415,g,2.8485084949938204,4.129735010857302,20.61276952528202,99.0,P48
813,2459106.82635415,g,2.8485084949938204,4.129735010857302,20.61276952528202,99.0,P48
814,2459107.8710416663,g,-0.1192148641851992,3.1995595973660262,20.88984947898239,99.0,P48
815,2459107.8710416663,g,-0.1192148641851992,3.1995595973660262,20.88984947898239,99.0,P48
816,2459107.8710416663,g,-0.1192148641851992,3.1995595973660262,20.88984947898239,99.0,P48
817,2459108.8127315,g,2.6771088345853324,5.51038641883732,20.299619851520326,99.0,P48
818,2459110.8296411997,g,0.04747968163185952,4.780752041133466,20.453834441340724,99.0,P48
819,2459110.8296411997,g,0.04747968163185952,4.780752041133466,20.453834441340724,99.0,P48
820,2459111.85439235,g,0.8617427448881573,2.8066859122771595,21.0320904522274,99.0,P48
821,2459111.85439235,g,0.8617427448881573,2.8066859122771595,21.0320904522274,99.0,P48
822,2459113.8624131503,g,-2.2475047495361533,2.816895771592863,21.02814804444979,99.0,P48
823,2459113.8624131503,g,-2.2475047495361533,2.816895771592863,21.02814804444979,99.0,P48
824,2459114.8198148,g,-2.572484055643099,4.197793705688754,20.59502225911953,99.0,P48
825,2459116.7946528,g,-2.258471508158005,2.7320382538149106,21.061358049124856,99.0,P48
826,2459116.7946528,g,-2.258471508158005,2.7320382538149106,21.061358049124856,99.0,P48
827,2459117.7748263497,g,3.209739148051212,3.7012145746968454,20.731714329985074,99.0,P48
828,2459117.7748263497,g,3.209739148051212,3.7012145746968454,20.731714329985074,99.0,P48
829,2459119.86125,g,1.4224973916807424,7.043366226622495,20.033124312809885,99.0,P48
830,2459120.7914756997,g,-3.528533161232861,7.201875343244308,20.00896098934104,99.0,P48
831,2459120.7914756997,g,-3.528533161232861,7.201875343244308,20.00896098934104,99.0,P48
832,2459121.8363252496,g,3.647372271569269,9.34443524341125,19.726192342337182,99.0,P48
833,2459121.8363252496,g,3.647372271569269,9.34443524341125,19.726192342337182,99.0,P48
834,2459122.7534259,g,-13.9950662148255,16.782217959894133,19.09045159612726,99.0,P48
835,2459124.6529167006,g,4.711168041491691,25.16269913796892,18.650681926851973,99.0,P48
836,2459125.8805556,g,-7.509173435940818,15.9063713523609,19.14864719582357,99.0,P48
837,2459126.7827083496,g,-2.995947290538095,8.250278205910748,19.86140350528371,99.0,P48
838,2459126.7827083496,g,-2.995947290538095,8.250278205910748,19.86140350528371,99.0,P48
839,2459127.7132176002,g,-24.426876249865938,91.73856711464019,17.246195107896142,99.0,P48
840,2459128.7761573996,g,-5.107143483957979,9.076003781017596,19.757838318815363,99.0,P48
841,2459129.8286806,g,7.467361673102038,6.640506900296849,20.09707190836066,99.0,P48
842,2459130.7489699,g,5.516673129637548,4.572465851307247,20.502198812396912,99.0,P48
843,2459131.8172454,g,2.7519016299891277,6.5629445017808985,20.10982815978849,99.0,P48
844,2459134.7482639,g,1.2292901753235659,3.189980595726391,20.893104885901472,99.0,P48
845,2459134.7482639,g,1.2292901753235659,3.189980595726391,20.893104885901472,99.0,P48
846,2459136.7341782497,g,-1.7886007105040196,2.7919342986668267,21.037812004122927,99.0,P48
847,2459136.7341782497,g,-1.7886007105040196,2.7919342986668267,21.037812004122927,99.0,P48
848,2459138.7308912002,g,0.18287678336187957,5.47199265598575,20.307211224555886,99.0,P48
849,2459140.7779397997,g,-3.605370944543924,3.6215467508226413,20.755339749376347,99.0,P48
850,2459144.7446932998,g,-0.7455103487812285,2.9943500830519563,20.961818553376226,99.0,P48
851,2459144.7446932998,g,-0.7455103487812285,2.9943500830519563,20.961818553376226,99.0,P48
852,2459146.8329977,g,-13.804853978011678,18.61753918874721,18.977769297462714,99.0,P48
853,2459149.7591204,g,3.807390366731761,17.517781971276516,19.04387719728183,99.0,P48
854,2459151.6926736,g,-0.13478777807343154,14.661885296961863,19.23710044514615,99.0,P48
855,2459152.7503009,g,-11.904702778620043,14.11368531869147,19.278473913917743,99.0,P48
856,2458302.9685532004,i,15.826211526505208,13.610135460958725,19.31791886982279,99.0,P48
857,2458307.9365741,i,9.623914952207308,9.282629348633874,19.73339746513718,99.0,P48
858,2458312.8838772997,i,-2.9751350906008125,10.438749646876982,19.605953784156704,99.0,P48
859,2458316.9813542003,i,-8.472369435842234,7.300084571158067,19.994255260579866,99.0,P48
860,2458325.8813426,i,-2.748367071550696,14.186848641032968,19.272860150940126,99.0,P48
861,2458337.9625231004,i,-2.327970028767029,8.909510599446811,19.77794036705798,99.0,P48
862,2458347.8767477,i,9.130914918695861,6.542354031994662,20.113239884726713,99.0,P48
863,2458347.8767477,i,9.130914918695861,6.542354031994662,20.113239884726713,99.0,P48
864,2458351.8494329,i,-1.0714328890202134,9.674350731557412,19.688520418799158,99.0,P48
865,2458361.8619212997,i,-3.2508250738367384,13.282019263610604,19.344414724701466,99.0,P48
866,2458365.8223147998,i,0.9212130904692272,13.514428470856407,19.32558077920475,99.0,P48
867,2458369.843125,i,7.498138449732338,10.99114491780716,19.54996765400947,99.0,P48
868,2458373.8428125,i,-8.572130274720664,8.3260233577421,19.851480926865367,99.0,P48
869,2458375.8323727003,i,8.863910196298518,9.958883300649878,19.65704838094085,99.0,P48
870,2458377.8246700997,i,-2.089493527542888,7.091231314919361,20.02577085859113,99.0,P48
871,2458377.8246700997,i,-2.089493527542888,7.091231314919361,20.02577085859113,99.0,P48
872,2458382.7779167006,i,-12.665218670770578,10.716323939148939,19.577460406070532,99.0,P48
873,2458387.85843175,i,-23.566130219692123,15.60228717108412,19.169604321323146,99.0,P48
874,2458387.85843175,i,-23.566130219692123,15.60228717108412,19.169604321323146,99.0,P48
875,2458400.7333333,i,13.091786101934852,8.964037144538919,19.771315870496686,99.0,P48
876,2458422.7898843,i,-1.4714866464234957,16.398019909464292,19.115596465734463,99.0,P48
877,2458426.7815625,i,-1.9243135448456596,12.020737232325494,19.452747229703544,99.0,P48
878,2458430.7116667004,i,7.681677104606911,10.151446020700035,19.63625521504401,99.0,P48
879,2458434.7141435,i,4.257210080175217,14.003208270221357,19.287006118816457,99.0,P48
880,2458666.95125,i,11.374458593825956,9.186195057682225,19.7447358319223,99.0,P48
881,2458668.9783332995,i,-3.153556929619937,9.926734932255227,19.66055892584724,99.0,P48
882,2458670.9071528,i,-2.6615069375672142,7.833195049122315,19.917727637279732,99.0,P48
883,2458676.9526736,i,60.05966097870936,7.614365899271791,19.45360843130828,0.1376197276003529,P48
884,2458676.9526736,i,60.05966097870936,7.614365899271791,19.45360843130828,0.1376197276003529,P48
885,2458682.9466551,i,40.66512818910934,13.774999871710923,19.304845980462055,99.0,P48
886,2458691.8403241,i,9.040485535311666,7.567476058706925,19.955197350036535,99.0,P48
887,2458698.8808565,i,11.15342649562422,9.409867342175234,19.718616236906207,99.0,P48
888,2458699.9165972,i,14.455909051731345,8.319672416590226,19.852309422972823,99.0,P48
889,2458701.9122801004,i,6.545895602031579,8.849516591463972,19.785276119588744,99.0,P48
890,2458702.8718634,i,9.44503410120987,13.808723640533866,19.30219114417796,99.0,P48
891,2458703.8921644,i,4.556142182354266,8.736876536600505,19.799184492633202,99.0,P48
892,2458709.9192477,i,1.0647495129597575,15.13860847899381,19.202360096109167,99.0,P48
893,2458716.8259375,i,21.634381175560844,12.506453881921546,19.40973952424487,99.0,P48
894,2458722.8788426,i,-8.249707647408508,7.20163459366711,20.00899728473479,99.0,P48
895,2458727.8729745,i,-1.3519640510730706,8.545411585972962,19.823242526254134,99.0,P48
896,2458732.8333564997,i,5.7324564314697595,8.606152823640668,19.81555235467667,99.0,P48
897,2458736.833125,i,-2.0013918826650676,11.693203879694348,19.482741184173992,99.0,P48
898,2458743.9770486,i,-30.500001461887717,30.750829335508453,18.43293290668803,99.0,P48
899,2458747.8406366003,i,4.932947016954827,9.370404006963248,19.72317919918376,99.0,P48
900,2458751.8400462996,i,-2.143874943137276,11.37946393779017,19.51227047951829,99.0,P48
901,2458757.7595602,i,-6.373520639696597,9.430910566789105,19.71619092300049,99.0,P48
902,2458761.7983218,i,10.229969354407379,9.910051897384925,19.662385167101938,99.0,P48
903,2458765.7980323997,i,-3.7439915819633645,13.340573852702121,19.33963871061686,99.0,P48
904,2458769.7731712996,i,79.89118226462136,37.184537628910995,18.226669025102808,99.0,P48
