,JD,Filter,Flux,eFlux,Mag,eMag,Telescope
0,2458217.0077951504,r,-5.102543475944886,5.993559469229208,20.20836294206606,99.0,P48
1,2458217.0077951504,r,-5.102543475944886,5.993559469229208,20.20836294206606,99.0,P48
2,2458230.9497801,r,0.24030314818570953,8.013802147898563,19.892978449239124,99.0,P48
3,2458244.9884722,r,4.533209715509091,8.322394972560796,19.851954181337998,99.0,P48
4,2458247.9654861,r,2.4609136310376747,4.130368684155859,20.612602940922066,99.0,P48
5,2458256.9726736,r,1.490554296447067,3.368678015471167,20.833926233439726,99.0,P48
6,2458259.9498611,r,4.477850802495793,8.33211739248374,19.850686538758502,99.0,P48
7,2458262.828669,r,-1.422459514785407,5.8697978884040545,20.231017119968516,99.0,P48
8,2458266.8519907002,r,7.721407703829917,7.7829041240295265,19.9247207879132,99.0,P48
9,2458269.9085301002,r,-8.123252353167505,6.7233988261781095,20.083602804184302,99.0,P48
10,2458272.9720255,r,4.149013417901831,5.7225471244290045,20.25860154486069,99.0,P48
11,2458275.9101389,r,4.738352489027572,4.072200062572449,20.628002223539013,99.0,P48
12,2458278.9525116,r,3.690400407878481,3.4895392692192737,20.795654764200727,99.0,P48
13,2458281.9557060003,r,-0.09470359963540559,3.6460103010229195,20.74803026084261,99.0,P48
14,2458287.9697454,r,1.3543059276945804,3.815806442846508,20.698609146757782,99.0,P48
15,2458290.8880671,r,-0.3244366558729082,3.1954569151102716,20.89124257351596,99.0,P48
16,2458293.8253472,r,-0.978971781620938,5.488882927798469,20.30386506959038,99.0,P48
17,2458297.9156366,r,-9.138896027147647,8.294492302818869,19.85560046800044,99.0,P48
18,2458300.8790508998,r,7.803154174532763,6.174224584211794,20.176118932486055,99.0,P48
19,2458303.8640046003,r,0.902930918403131,4.115062328061025,20.616633945254012,99.0,P48
20,2458310.9087153,r,0.26495163621964907,5.061930972570728,20.391784442732593,99.0,P48
21,2458313.8908565,r,2.1397952767397515,3.5895913727256525,20.764962457317925,99.0,P48
22,2458316.8451389,r,2.9913577477203086,3.0750901928812517,20.932930343599907,99.0,P48
23,2458322.8642477,r,-3.090043181388312,4.4260917887449445,20.53752394883974,99.0,P48
24,2458325.7544676,r,14.897221224493421,7.528782327769023,19.96076313667067,99.0,P48
25,2458327.8622743,r,2.2326314315741764,4.963074158022918,20.413198078025637,99.0,P48
26,2458327.8622743,r,2.2326314315741764,4.963074158022918,20.413198078025637,99.0,P48
27,2458328.8386343,r,0.8258567969360123,9.90578112941201,19.662853169378288,99.0,P48
28,2458334.8464698996,r,-2.945069920035456,4.467032972525584,20.527527093802462,99.0,P48
29,2458337.8317245,r,7.07780831009612,3.979568948890937,20.652984905242235,99.0,P48
30,2458340.8092707996,r,-2.8660601829711942,4.942939021160054,20.417611857169987,99.0,P48
31,2458343.8332176004,r,-4.296565474167122,3.9131694043660765,20.671253365965313,99.0,P48
32,2458349.8064236,r,-4.366044666338739,4.326797930442481,20.562158455891005,99.0,P48
33,2458352.7887153,r,-4.632969308803417,4.391060955820674,20.546151324323823,99.0,P48
34,2458353.8405556,r,5.8869025931688554,4.446185664489898,20.532606003970088,99.0,P48
35,2458354.8091319,r,-2.5192178811380463,4.752490653456075,20.460271810590548,99.0,P48
36,2458355.838834867,r,-1.147842749741268,3.2897042259457154,20.85968285736559,99.0,P48
37,2458355.838834867,r,-1.147842749741268,3.2897042259457154,20.85968285736559,99.0,P48
38,2458355.838834867,r,-1.147842749741268,3.2897042259457154,20.85968285736559,99.0,P48
39,2458356.7985764,r,-1.9600007327314741,6.308499537695805,20.152759800236907,99.0,P48
40,2458357.8262153,r,-35.90952101865702,22.24038330907412,18.784719319252126,99.0,P48
41,2458358.77278935,r,3.9233887733447883,3.7978640400178505,20.703726455802865,99.0,P48
42,2458358.77278935,r,3.9233887733447883,3.7978640400178505,20.703726455802865,99.0,P48
43,2458361.7702431,r,0.08114186293774221,4.4954156400553975,20.520650358643454,99.0,P48
44,2458364.8162153,r,-0.4335845560964967,3.6574758302940786,20.744621327015928,99.0,P48
45,2458367.8263194,r,-5.640592801473768,4.500002240232471,20.519543164210283,99.0,P48
46,2458370.7817824,r,1.717394595826466,4.09576563189094,20.621737245515305,99.0,P48
47,2458373.7825,r,5.959627071457995,3.57238766305987,20.770178536916212,99.0,P48
48,2458376.7035648,r,-1.337232793786982,4.195600899660928,20.595589564497278,99.0,P48
49,2458379.7227662,r,-5.229719112435617,4.045425291568623,20.635164525913233,99.0,P48
50,2458382.8096528,r,5.0871500593205194,6.5624486017663095,20.109910201765565,99.0,P48
51,2458385.7000463,r,-3.943855100206302,7.690743328985686,19.937654195548646,99.0,P48
52,2458386.8068866003,r,19.173491105710724,8.5933361455145,19.817170488106914,99.0,P48
53,2458388.7015046002,r,4.832996894264009,6.169988983540378,20.176864017647308,99.0,P48
54,2458423.6037616003,r,-9.35518798891509,7.532613356879437,19.960210799133904,99.0,P48
55,2458426.5868634,r,-13.363188244505634,92.08590661969018,17.242092068544288,99.0,P48
56,2458433.6159375,r,6.50446338233092,6.49251393710384,20.12154276271704,99.0,P48
57,2458436.6022453997,r,-9.30859905010816,27.754715761783,18.544233029042793,99.0,P48
58,2458443.6156481,r,3.4486914785432394,6.1713742057241605,20.17662028673042,99.0,P48
59,2458456.6574421003,r,7.938795750120154,10.956308076454357,19.553414400353226,99.0,P48
60,2458469.6023032,r,2.8133147445083293,6.078466501267969,20.19308992010621,99.0,P48
61,2458541.0584375,r,-0.2452702197205835,8.391403566392162,19.84298846904353,99.0,P48
62,2458569.0312153,r,51.5092472292459,22.256164042748637,18.78394920491175,99.0,P48
63,2458574.9699884,r,-8.893205951904386,30.73306591327002,18.433560270686463,99.0,P48
64,2458577.9475926002,r,133.7674832031963,109.0131935231097,17.058877333126397,99.0,P48
65,2458581.9490741002,r,2.1537769449608026,5.96109372077089,20.214260114424512,99.0,P48
66,2458585.9319907003,r,-2.263447766829639,5.486080799446801,20.304419490059274,99.0,P48
67,2458591.9725231,r,3.7596659195016984,9.176525073629788,19.745879350168032,99.0,P48
68,2458593.8414931,r,-3.796947165458244,9.238459836964443,19.73857605138567,99.0,P48
69,2458597.9453241,r,5.710641765944356,4.70825614659901,20.470424784047708,99.0,P48
70,2458600.8826794,r,2.3537925765710934,1.1932116556315944,21.960781271602336,99.0,P48
71,2458600.8826794,r,2.3537925765710934,1.1932116556315944,21.960781271602336,99.0,P48
72,2458601.9796296,r,1.995169685372233,1.780868422811139,21.525995405771347,99.0,P48
73,2458606.8251273,r,-5.367728040357574,4.805545143554158,20.448218335679123,99.0,P48
74,2458617.8489582995,r,-2.7016997923167323,5.311860114333775,20.339458415303003,99.0,P48
75,2458618.7579745,r,5.359185808515663,7.005631543033417,20.038956758845142,99.0,P48
76,2458633.8419560003,r,3.180723553902172,3.33872877204247,20.843622139779285,99.0,P48
77,2458636.9108681,r,-0.12675520436845358,3.224550595286335,20.881401999938966,99.0,P48
78,2458639.8277546,r,-1.4040432469982878,3.1916499757498213,20.89253684726245,99.0,P48
79,2458649.8030671002,r,-4.704428364204323,7.137166212841172,20.018760461965964,99.0,P48
80,2458651.8232001998,r,8.317463322355492,5.600064833805961,20.282092351643925,99.0,P48
81,2458651.8232001998,r,8.317463322355492,5.600064833805961,20.282092351643925,99.0,P48
82,2458652.9320949,r,-7.633708611863371,8.27771502344291,19.857798811950683,99.0,P48
83,2458654.921415867,r,5.060187530820345,4.148376787073219,20.607879500583955,99.0,P48
84,2458654.921415867,r,5.060187530820345,4.148376787073219,20.607879500583955,99.0,P48
85,2458654.921415867,r,5.060187530820345,4.148376787073219,20.607879500583955,99.0,P48
86,2458655.866944425,r,,,,99.0,P48
87,2458655.866944425,r,,,,99.0,P48
88,2458655.866944425,r,,,,99.0,P48
89,2458655.866944425,r,,,,99.0,P48
90,2458657.9096991,r,3.1840583133136553,5.162333310092455,20.370459884968923,99.0,P48
91,2458658.9067477,r,4.261944308235021,3.994564508307309,20.64890139170473,99.0,P48
92,2458661.8432986,r,-3.7807237320117304,3.989042381547588,20.650403362928806,99.0,P48
93,2458663.8470139,r,-3.2334258426609526,3.6925078469272306,20.73427142190576,99.0,P48
94,2458665.929294,r,1.2507646068084597,3.3372314612830127,20.844109166205975,99.0,P48
95,2458668.8477546,r,-0.6766710952988446,3.1643081323576014,20.901878070690316,99.0,P48
96,2458671.9092592997,r,14.269084841159122,13.889905065921381,19.295826795529983,99.0,P48
97,2458674.8110648,r,-4.520936414067947,3.5736022837057724,20.769809446662002,99.0,P48
98,2458676.7626794004,r,5.855899959624533,3.6061988129192257,20.75995082394995,99.0,P48
99,2458676.7626794004,r,5.855899959624533,3.6061988129192257,20.75995082394995,99.0,P48
100,2458677.8071528,r,1.740240069474804,5.982596267839656,20.21035074988268,99.0,P48
101,2458678.7198495,r,1.5428107754532432,5.522018595116103,20.29733032723437,99.0,P48
102,2458679.7360185003,r,-8.431145227856115,5.589716749173086,20.28410048616476,99.0,P48
103,2458680.797438267,r,2.6134611216858334,3.9389569310701824,20.66412190861515,99.0,P48
104,2458680.797438267,r,2.6134611216858334,3.9389569310701824,20.66412190861515,99.0,P48
105,2458680.797438267,r,2.6134611216858334,3.9389569310701824,20.66412190861515,99.0,P48
106,2458682.7779282,r,-3.3366249457395036,5.053984890660635,20.39349014110075,99.0,P48
107,2458683.7474247497,r,-0.4911429789700326,3.6608380041648694,20.7436237108334,99.0,P48
108,2458683.7474247497,r,-0.4911429789700326,3.6608380041648694,20.7436237108334,99.0,P48
109,2458684.7518866,r,1.9839876008732613,7.449051251928765,19.972322583225605,99.0,P48
110,2458685.8537962995,r,5.576377708641863,4.997854037451638,20.405616068194767,99.0,P48
111,2458686.8461748003,r,-0.4330259829283458,3.3261134515460764,20.84773234257048,99.0,P48
112,2458686.8461748003,r,-0.4330259829283458,3.3261134515460764,20.84773234257048,99.0,P48
113,2458688.8681018995,r,-6.235252029939692,4.461677937667406,20.528829444383383,99.0,P48
114,2458690.8675116003,r,3.1622763411129258,3.7917786250900485,20.705467554037796,99.0,P48
115,2458691.867581,r,-1.0993280529201515,3.1759772331395046,20.897881537799165,99.0,P48
116,2458692.8420602,r,-2.7953571914231685,4.348020820611876,20.556845951535536,99.0,P48
117,2458693.8528241003,r,-0.5994774499752148,3.5662071997485634,20.77205855800856,99.0,P48
118,2458694.8500579,r,-7.391212837368071,5.301526638845467,20.341572619235208,99.0,P48
119,2458696.7943518995,r,7.235442173837822,3.452004035182408,20.807396752391806,99.0,P48
120,2458697.8153935,r,3.413665891445408,3.6562452864587303,20.744986680297757,99.0,P48
121,2458698.7967477003,r,6.991175385334194,7.908661294091955,19.907317548365317,99.0,P48
122,2458699.7968403,r,8.12773742758083,6.137591341131171,20.182580068021167,99.0,P48
123,2458700.7933912002,r,0.32713477973686733,3.1997672870847196,20.88977900399304,99.0,P48
124,2458701.7970022997,r,-0.8338081939780378,4.0788683537071035,20.626225767655157,99.0,P48
125,2458702.796331,r,3.565851277537719,3.3913239946992237,20.826651782490906,99.0,P48
126,2458703.798044,r,4.920047678106592,3.8555907234266673,20.68734767244647,99.0,P48
127,2458704.7927314998,r,4.496225630602669,4.920824280786843,20.422480346767387,99.0,P48
128,2458705.7100810003,r,-0.19216392837189328,5.119192119971788,20.379571417541648,99.0,P48
129,2458706.7127662003,r,-3.3240223609243573,4.929035708724204,20.420670078057125,99.0,P48
130,2458707.7096643997,r,-0.8917056367097871,5.466764965374429,20.308248982881384,99.0,P48
131,2458708.7111457996,r,-4.867158321191585,6.1226505579987025,20.185226305728058,99.0,P48
132,2458709.7107986,r,9.847087206015928,7.563232378597937,19.955806378658774,99.0,P48
133,2458710.6895139,r,-2.3916659464159116,6.352370580945093,20.145235424709874,99.0,P48
134,2458711.6893171,r,6.435777028213052,6.6636920123566945,20.09328769839459,99.0,P48
135,2458714.6894676,r,3.4644557641572713,4.0037136060462,20.646417479330957,99.0,P48
136,2458715.7736573997,r,1.3904857080613837,4.897321009894172,20.427678558879336,99.0,P48
137,2458716.7947685,r,1.740667785613271,4.237674576016181,20.58475598202368,99.0,P48
138,2458717.7735764,r,-9.898851313554019,3.99466210708842,20.648874864348507,99.0,P48
139,2458718.7952893996,r,0.0015635482825805418,4.382341055657268,20.548309555398696,99.0,P48
140,2458719.7742361,r,2.9964466720634055,5.715981108846118,20.259848027183757,99.0,P48
141,2458720.7944444,r,1.1667313253952114,3.878178451483452,20.68100551681364,99.0,P48
142,2458722.7740625,r,-0.05137153193234318,3.6877743683467874,20.735664135524022,99.0,P48
143,2458723.7974306,r,-0.5612032970663787,3.7862343829381757,20.707056251629076,99.0,P48
144,2458724.7974769,r,-4.846641804959611,4.014505485786498,20.643494849881094,99.0,P48
145,2458725.7725579,r,2.8443308165338657,3.34026953432137,20.84312120795027,99.0,P48
146,2458726.7740162,r,40.26357741331724,4.536211495823852,19.887784724102314,0.12229558064773825,P48
147,2458727.7970948997,r,61.82887873380783,4.090590389046441,19.422087195673384,0.07181653554525727,P48
148,2458730.7147164503,r,97.99210253277036,3.685618921946367,18.92208793214908,0.04082716092794172,P48
149,2458730.7147164503,r,97.99210253277036,3.685618921946367,18.92208793214908,0.04082716092794172,P48
150,2458732.75984375,r,87.95896863727549,3.4772532299458505,19.039365301283578,0.042912717595311,P48
151,2458732.75984375,r,87.95896863727549,3.4772532299458505,19.039365301283578,0.042912717595311,P48
152,2458733.7552546,r,80.11647564052488,3.641793788883778,19.14076103169749,0.0493427491190555,P48
153,2458733.7552546,r,80.11647564052488,3.641793788883778,19.14076103169749,0.0493427491190555,P48
154,2458734.7726389,r,70.59037095074387,5.630918705872233,19.27820196200974,0.0865891788483355,P48
155,2458735.75664935,r,76.29349947584467,4.608600153505142,19.193846782704284,0.06557092676308181,P48
156,2458735.75664935,r,76.29349947584467,4.608600153505142,19.193846782704284,0.06557092676308181,P48
157,2458736.7809258997,r,61.30629858350982,7.225999928399102,19.431302882171416,0.12794481323305754,P48
158,2458737.7938773,r,34.924342879639944,7.989882960936108,20.042245013837167,0.2483373268893287,P48
159,2458738.6588310003,r,41.61430533554888,7.596656648944943,19.85195899882088,0.19815711750895124,P48
160,2458739.6575926,r,43.85122171830782,7.548264794605302,19.795111378418856,0.18685092714585014,P48
161,2458740.6587847,r,28.555445117551276,8.020884659311626,20.260843286622126,0.30490403010147143,P48
162,2458741.6589236,r,25.075104801652678,6.940222177893418,20.40195873019622,0.30044186190626687,P48
163,2458743.6593518998,r,22.172789854979754,5.652655967677402,20.53551476992059,0.27673369445368884,P48
164,2458744.6582639,r,11.826238429712939,4.955071044339294,20.414950275031373,99.0,P48
165,2458745.6582986,r,15.849168331505489,3.8433629728700383,20.900049427272297,0.2632296168346732,P48
166,2458746.6833681,r,7.83030110967767,6.666307991352052,20.092861552386815,99.0,P48
167,2458747.6579167005,r,10.972232727019488,4.05778277990064,20.631853002189608,99.0,P48
168,2458748.6580556,r,13.478920785561066,6.6763867189869766,20.091221277793114,99.0,P48
169,2458749.659537,r,15.19625007343771,4.179835471709701,20.945724542771554,0.2985744103061123,P48
170,2458750.6598032,r,9.912410960383681,7.653759300987008,19.942887988643367,99.0,P48
171,2458751.6574421003,r,9.140684180674164,5.083214651816268,20.387228865930624,99.0,P48
172,2458754.6570486,r,9.349557330259243,3.2799844607414057,20.862895523653812,99.0,P48
173,2458757.8009722,r,8.9073462467569,5.895548674775822,20.226264415820104,99.0,P48
174,2458758.7328298995,r,13.19904485289917,3.335754956767128,21.098709360578958,0.2743351542422687,P48
175,2458758.7328298995,r,13.19904485289917,3.335754956767128,21.098709360578958,0.2743351542422687,P48
176,2458759.7012384,r,5.721503295794666,5.242528952531245,20.353722895184006,99.0,P48
177,2458760.72100115,r,10.530277265093497,3.3699411844698814,21.343966106209578,0.34738602447516626,P48
178,2458760.72100115,r,10.530277265093497,3.3699411844698814,21.343966106209578,0.34738602447516626,P48
179,2458761.6574306,r,4.221018829744024,5.25332886242482,20.35148851710369,99.0,P48
180,2458762.6571643995,r,6.8431835151357845,5.55238506040779,20.291376046636508,99.0,P48
181,2458763.6584375,r,2.358376508748223,5.856271217282871,20.233522034948656,99.0,P48
182,2458764.6432755003,r,0.6002078438183933,5.278237321746695,20.34635270614374,99.0,P48
183,2458765.6437037,r,7.932343584586111,5.948866764017704,20.21648938366544,99.0,P48
184,2458766.6422337997,r,-0.9376591804986106,8.871046847618793,19.782637807303928,99.0,P48
185,2458767.6438194,r,20.23522099475324,10.670636749075188,19.582099149511933,99.0,P48
186,2458768.6442593,r,25.407438039343802,7.755889761223498,20.387663434417306,0.33136038048272043,P48
187,2458769.6439352003,r,-0.06159108043049525,9.380790785998977,19.72197636348952,99.0,P48
188,2458770.7583024665,r,-2.5749650264821127,6.384132899143391,20.1398201911871,99.0,P48
189,2458770.7583024665,r,-2.5749650264821127,6.384132899143391,20.1398201911871,99.0,P48
190,2458770.7583024665,r,-2.5749650264821127,6.384132899143391,20.1398201911871,99.0,P48
191,2458771.6453472,r,11.129992849597205,9.951149642153934,19.657891846491175,99.0,P48
192,2458772.6456597,r,4.677569688268091,6.351874652439811,20.145320191262087,99.0,P48
193,2458773.6940567,r,0.5127959150203701,7.4973869991818445,19.965300167202955,99.0,P48
194,2458773.6940567,r,0.5127959150203701,7.4973869991818445,19.965300167202955,99.0,P48
195,2458774.6445832998,r,-0.27695711581745486,5.611203258889299,20.279934987239493,99.0,P48
196,2458775.6443171003,r,3.2894930541569325,4.640536541940901,20.486154496968375,99.0,P48
197,2458776.6708507,r,1.2973054548350456,3.459157797813669,20.805149054522566,99.0,P48
198,2458776.6708507,r,1.2973054548350456,3.459157797813669,20.805149054522566,99.0,P48
199,2458777.6187674003,r,1.7506518096126265,4.439882417363695,20.534146317345417,99.0,P48
200,2458777.6187674003,r,1.7506518096126265,4.439882417363695,20.534146317345417,99.0,P48
201,2458778.6441435004,r,0.6384523251065919,4.716789472641176,20.4684587577945,99.0,P48
202,2458781.6438542004,r,17.97627091465063,9.427670676409987,19.71656398036608,99.0,P48
203,2458782.642963,r,-5.555934624731824,4.936679468492103,20.4189876641151,99.0,P48
204,2458783.6182060502,r,-0.08262238066648826,3.406262101103201,20.82187983290962,99.0,P48
205,2458783.6182060502,r,-0.08262238066648826,3.406262101103201,20.82187983290962,99.0,P48
206,2458785.6438078997,r,3.840708628623135,4.772121442691599,20.45579627110063,99.0,P48
207,2458786.6507176002,r,6.50753761530931,7.440242404615946,19.97360727621188,99.0,P48
208,2458787.6430787,r,9.357295916435604,9.88258786733141,19.665398278162392,99.0,P48
209,2458788.6439699,r,12.753802352351743,6.971212528884271,20.044304181359458,99.0,P48
210,2458789.68302665,r,-0.37313547851447676,5.37658928729609,20.32630783318826,99.0,P48
211,2458789.68302665,r,-0.37313547851447676,5.37658928729609,20.32630783318826,99.0,P48
212,2458790.6301157502,r,1.3656221389991852,4.30790245760256,20.566910336279257,99.0,P48
213,2458790.6301157502,r,1.3656221389991852,4.30790245760256,20.566910336279257,99.0,P48
214,2458791.58898145,r,-2.621076280087134,3.58907852076122,20.765117589662687,99.0,P48
215,2458791.58898145,r,-2.621076280087134,3.58907852076122,20.765117589662687,99.0,P48
216,2458792.62189815,r,1.8542192073931056,4.099843444564085,20.62065680617772,99.0,P48
217,2458792.62189815,r,1.8542192073931056,4.099843444564085,20.62065680617772,99.0,P48
218,2458793.5927778,r,-0.3478274036703031,6.003552196340512,20.20655426204032,99.0,P48
219,2458793.5927778,r,-0.3478274036703031,6.003552196340512,20.20655426204032,99.0,P48
220,2458794.6109721996,r,-2.015341316308538,4.368295279799617,20.551795020885923,99.0,P48
221,2458794.6109721996,r,-2.015341316308538,4.368295279799617,20.551795020885923,99.0,P48
222,2458795.59595485,r,3.3407068559757254,4.61612668280624,20.491880691948936,99.0,P48
223,2458795.59595485,r,3.3407068559757254,4.61612668280624,20.491880691948936,99.0,P48
224,2458797.6002315,r,-3.105310701358104,6.953223888801716,20.04710945520918,99.0,P48
225,2458798.7026562504,r,6.546173958101804,6.192135015261901,20.172973945980637,99.0,P48
226,2458798.7026562504,r,6.546173958101804,6.192135015261901,20.172973945980637,99.0,P48
227,2458801.7369329,r,-9.907089859275853,10.360842689938746,19.614087289655547,99.0,P48
228,2458801.7369329,r,-9.907089859275853,10.360842689938746,19.614087289655547,99.0,P48
229,2458803.5812383997,r,309.3836417292175,153.5145052444295,16.687201445978896,99.0,P48
230,2458804.7327778,r,-14.842833526394738,16.457160721605156,19.111687712896185,99.0,P48
231,2458805.7136343,r,5.383415083034184,7.60786322290612,19.949418248944568,99.0,P48
232,2458811.6241667005,r,-10.122075028177193,9.474927299993539,19.711135273254342,99.0,P48
233,2458812.5991667,r,-1.6407568410299542,6.652865781855769,20.095053084493195,99.0,P48
234,2458814.6382407,r,-18.84615519855396,14.033221916989024,19.284681506505738,99.0,P48
235,2458819.58917825,r,38.96754472107208,16.545859410407175,19.105851664605197,99.0,P48
236,2458819.58917825,r,38.96754472107208,16.545859410407175,19.105851664605197,99.0,P48
237,2458820.5986921,r,-115.84322290786105,110.84067989736842,17.040827036451915,99.0,P48
238,2458829.5776505,r,-9.641010970030603,9.280789767407146,19.733612651782863,99.0,P48
239,2458829.5776505,r,-9.641010970030603,9.280789767407146,19.733612651782863,99.0,P48
240,2458831.5828356002,r,-3.4048441777546206,5.676736087246957,20.267328228546468,99.0,P48
241,2458833.58252315,r,-12.007458620937339,5.289172626005577,20.344105635188683,99.0,P48
242,2458833.58252315,r,-12.007458620937339,5.289172626005577,20.344105635188683,99.0,P48
243,2458837.59618055,r,4.002518617147142,5.343387538755024,20.33303330588342,99.0,P48
244,2458837.59618055,r,4.002518617147142,5.343387538755024,20.33303330588342,99.0,P48
245,2458846.6198842498,r,-3.7868634479357244,5.545475640353863,20.292727984397843,99.0,P48
246,2458846.6198842498,r,-3.7868634479357244,5.545475640353863,20.292727984397843,99.0,P48
247,2458850.6033681,r,-1.5901137614872138,31.888419389372345,18.39349250631486,99.0,P48
248,2458893.0313426005,r,-1.8665092497974516,7.212495390049655,20.00736111771119,99.0,P48
249,2458895.0316782002,r,3.6703888410944314,6.383649045371254,20.13990248231029,99.0,P48
250,2458899.02875,r,5.630853242091825,3.8637990711291406,20.685038654796642,99.0,P48
251,2458900.0113426005,r,5.177385574497401,6.708254134584375,20.086051221663453,99.0,P48
252,2458904.0140393996,r,6.123589624983932,4.5769441833192275,20.50113594876478,99.0,P48
253,2458908.9887616,r,-0.4563364895341168,6.256669939632591,20.161716876439307,99.0,P48
254,2458912.9912037,r,-2.563560517153302,5.4329782995428255,20.314980063225583,99.0,P48
255,2458913.9922454,r,8.86585723594209,7.5869958916432125,19.952400366925566,99.0,P48
256,2458915.0498957997,r,-0.8847848043437794,4.59809289844187,20.496130635727894,99.0,P48
257,2458945.0139119998,r,3.9949353367493714,5.637183347408308,20.2749195883465,99.0,P48
258,2458955.9490625,r,-1.8880611636069078,5.647496283019546,20.272935104771527,99.0,P48
259,2458956.9947222,r,4.070961098657772,6.9193227439787455,20.052416018533556,99.0,P48
260,2458961.9504051004,r,0.07370807721747737,6.702527604796556,20.086978460838168,99.0,P48
261,2458962.970706,r,-1.8893561240863723,3.995584144334953,20.648624286533092,99.0,P48
262,2458964.9443519,r,3.8929599414539595,3.4448604430357967,20.809645907619878,99.0,P48
263,2458965.9495948995,r,-2.7264563556128962,3.4041392514304323,20.82255669604949,99.0,P48
264,2458966.9664236,r,2.2161717191362444,3.1447362150781037,20.908614433975888,99.0,P48
265,2458967.8901505,r,2.5830753826482757,3.5901941778673745,20.764780143413503,99.0,P48
266,2458968.9228009,r,0.0001488350824024109,3.1824157376851385,20.89568270551213,99.0,P48
267,2458970.9310417003,r,-3.4595387435061316,3.3807705977755456,20.830035732387703,99.0,P48
268,2458971.8959954,r,0.21309354944677855,5.571911531108159,20.28756445858872,99.0,P48
269,2458972.9266898,r,3.1906847789354154,4.454057712210746,20.530685389199657,99.0,P48
270,2458973.8617245,r,-0.5588246674169877,7.3125084652333,19.992409034544792,99.0,P48
271,2458974.8631944,r,0.9551779294512818,7.975492542255284,19.898181205987918,99.0,P48
272,2458975.9471412003,r,-2.2178743841113087,6.668316060535462,20.092534549027427,99.0,P48
273,2458976.8669212996,r,4.201716651241186,11.507421864803373,19.50012990235006,99.0,P48
274,2458977.9677778,r,7.152098526499737,11.37183204112738,19.512998897524565,99.0,P48
275,2458978.9740741,r,-7.189678154220357,7.981635983425172,19.897345196323805,99.0,P48
276,2458979.9659837997,r,3.475267871417818,5.443983834650577,20.312782921808783,99.0,P48
277,2458980.9702546,r,-2.116459354216426,5.877488177867164,20.229595578543403,99.0,P48
278,2458981.9353704,r,-2.976961234145935,4.717956226267161,20.4681902213229,99.0,P48
279,2458983.8872569,r,1.1890652169770295,4.068957190162578,20.628867187587666,99.0,P48
280,2458985.905,r,1.6579164293001536,3.1775094760784572,20.89735785317002,99.0,P48
281,2458986.9743287005,r,3.666073175729576,3.2454714707542758,20.874380499590423,99.0,P48
282,2458987.8533332995,r,-2.0133245281380865,3.5162983129551764,20.787360708412596,99.0,P48
283,2458991.9500926,r,0.04628895597731827,3.2925501425525456,20.858743995171785,99.0,P48
284,2458992.9280323996,r,0.9261224268413119,3.386353353008899,20.82824430639984,99.0,P48
285,2458995.9414236,r,2.640740438799049,3.1837120042913964,20.895240551769092,99.0,P48
286,2458996.9755787,r,-0.14922902948630465,3.462093310801307,20.80422806700996,99.0,P48
287,2458997.9519444,r,-3.585738641695302,3.151300685308848,20.906350379399967,99.0,P48
288,2458998.9745255,r,-0.8906144894223617,3.309863436997794,20.853049800628355,99.0,P48
289,2458999.8487384,r,-1.8590529319520523,4.792282611099708,20.451218935645233,99.0,P48
290,2459001.9397337995,r,-0.7929654164733051,3.666746432500811,20.741872793869355,99.0,P48
291,2459004.8025926,r,2.3458689422610104,6.7714609123466785,20.07586904945442,99.0,P48
292,2459005.7865625,r,17.015794805783994,19.01955344325963,18.954574199166046,99.0,P48
293,2459009.8890509,r,2.0048942119296678,6.013270770765339,20.204798088975092,99.0,P48
294,2459011.847662,r,9.487571202452747,4.9180425769598894,20.42309427857071,99.0,P48
295,2459012.7881712997,r,0.41386651104727684,3.5814564913880336,20.767425790193606,99.0,P48
296,2459013.8989178,r,3.915777396589776,2.680426326857295,21.08206530196439,99.0,P48
297,2459013.8989178,r,3.915777396589776,2.680426326857295,21.08206530196439,99.0,P48
298,2459014.9668866,r,2.3440137369685043,3.6132446635504576,20.757831564320753,99.0,P48
299,2459015.842338,r,-4.542671120828081,3.529921448686604,20.78316238630054,99.0,P48
300,2459016.7625116003,r,-9.86414242356577,9.870906632144877,19.666682379204566,99.0,P48
301,2459018.9788889,r,3.272414302692818,5.087882017252298,20.386232409372333,99.0,P48
302,2459019.8679861,r,0.019244761132928022,2.937190967432047,20.98274452921508,99.0,P48
303,2459020.9650694,r,-0.46400901407748935,3.128642649011284,20.914185086108567,99.0,P48
304,2459022.7640046002,r,2.976360648057594,3.378812331575441,20.830664812789173,99.0,P48
305,2459023.893125,r,-0.12378595409403727,2.8511473840172,21.015025819605192,99.0,P48
306,2459024.9617707995,r,-0.02229614873069447,4.76602879925244,20.457183333433782,99.0,P48
307,2459025.8608218,r,1.7037812101275192,2.7987968216325485,21.035146559041895,99.0,P48
308,2459026.9668981005,r,0.9465984503634615,3.1471828701041282,20.907770042291812,99.0,P48
309,2459027.8888889,r,6.669358551936056,4.052183671699857,20.633352183595626,99.0,P48
310,2459028.7683332996,r,-4.482761072570814,4.347872226041501,20.55688305744382,99.0,P48
311,2459031.8600694,r,-6.789157119748677,4.394023074679406,20.54541915607172,99.0,P48
312,2459032.8284722,r,3.9410196166143785,5.072590086882276,20.38950056754635,99.0,P48
313,2459033.8464931,r,-5.108678872084897,6.085955360754721,20.191753082729704,99.0,P48
314,2459034.8921875,r,5.877717692882077,6.226121618056298,20.167030989839294,99.0,P48
315,2459035.849294,r,-6.0901824089972685,7.507719028407987,19.96380496151074,99.0,P48
316,2459036.863912,r,-3.615432680135325,6.776241544278872,20.0751027932715,99.0,P48
317,2459037.8665625,r,-1.7794178542250862,4.818536454915849,20.445287116629146,99.0,P48
318,2459038.8818345,r,5.242084302447068,4.191495029447821,20.59665260046019,99.0,P48
319,2459038.8818345,r,5.242084302447068,4.191495029447821,20.59665260046019,99.0,P48
320,2459039.7456019,r,-2.4651655280189795,3.62878709174855,20.753171269120983,99.0,P48
321,2459040.8637731,r,2.9261577994814036,4.100915084421515,20.62037304749999,99.0,P48
322,2459042.8839698997,r,-5.743769901939221,3.892537273001537,20.676993039539717,99.0,P48
323,2459043.7880671,r,2.543048313190334,2.9741162844186073,20.969180126867574,99.0,P48
324,2459044.8872917006,r,5.018207868021939,3.1006930093736225,20.92392806383981,99.0,P48
325,2459045.8492245,r,4.811439003487008,3.1565847306286186,20.904531360735263,99.0,P48
326,2459046.8904977003,r,0.39944256865522915,3.0382063057404505,20.946031837230304,99.0,P48
327,2459047.9346875,r,2.287912246283656,3.247243840778342,20.873787734850612,99.0,P48
328,2459048.8907176005,r,-1.2632470693238111,3.0534438679763842,20.940600137436338,99.0,P48
329,2459050.9466551,r,3.965304915291952,3.5714033133892884,20.770477746141612,99.0,P48
330,2459051.8825578997,r,-6.17193425352655,3.4564771649356487,20.805990758958608,99.0,P48
331,2459052.8644792004,r,3.1442045471631834,3.0974729537450107,20.925056181838798,99.0,P48
332,2459053.9478704,r,-0.8525813614475841,2.8101107991267895,21.03076637934324,99.0,P48
333,2459054.8580324,r,2.74921721143871,3.45167750778566,20.807499457771407,99.0,P48
334,2459055.8407407003,r,1.7785792696056386,3.14554337331384,20.90833579423913,99.0,P48
335,2459056.8611921,r,-6.159753549616417,4.703967956001263,20.471414102630924,99.0,P48
336,2459057.8384144,r,-1.0149625278584438,3.0919654392545763,20.92698841189879,99.0,P48
337,2459059.8627199,r,-0.6376151410465993,4.0017809908780055,20.64694169686014,99.0,P48
338,2459061.79791665,r,4.46387039319068,3.376989385157669,20.831250750345113,99.0,P48
339,2459061.79791665,r,4.46387039319068,3.376989385157669,20.831250750345113,99.0,P48
340,2459062.8013542006,r,11.19555209534409,5.514041965087523,20.298899821615965,99.0,P48
341,2459063.812523166,r,3.619036847653955,4.256148520872939,20.580033052860863,99.0,P48
342,2459063.812523166,r,3.619036847653955,4.256148520872939,20.580033052860863,99.0,P48
343,2459063.812523166,r,3.619036847653955,4.256148520872939,20.580033052860863,99.0,P48
344,2459064.820999233,r,0.9518352806408161,5.319667523832529,20.337863764191614,99.0,P48
345,2459064.820999233,r,0.9518352806408161,5.319667523832529,20.337863764191614,99.0,P48
346,2459064.820999233,r,0.9518352806408161,5.319667523832529,20.337863764191614,99.0,P48
347,2459065.8428279003,r,9.6617594644372,5.314493566083583,20.33892027511818,99.0,P48
348,2459065.8428279003,r,9.6617594644372,5.314493566083583,20.33892027511818,99.0,P48
349,2459065.8428279003,r,9.6617594644372,5.314493566083583,20.33892027511818,99.0,P48
350,2459066.9513657,r,-6.296067764458415,7.643688162207797,19.94431758682984,99.0,P48
351,2459067.8074653,r,-1.1841033777707366,4.834582684258131,20.44167750859627,99.0,P48
352,2459068.8809375,r,5.288469427255474,2.4359121336126375,21.185920942409957,99.0,P48
353,2459068.8809375,r,5.288469427255474,2.4359121336126375,21.185920942409957,99.0,P48
354,2459068.8809375,r,5.288469427255474,2.4359121336126375,21.185920942409957,99.0,P48
355,2459068.8809375,r,5.288469427255474,2.4359121336126375,21.185920942409957,99.0,P48
356,2459069.7447454,r,0.7188382433101806,3.817626811650229,20.698091308902185,99.0,P48
357,2459070.8085764,r,7.689014731067755,3.994403294779414,20.648945210973572,99.0,P48
358,2459071.8293403,r,-3.177292995724076,3.7341000475660575,20.722110114658783,99.0,P48
359,2459072.8255093,r,1.0988746454336942,3.6361426129244783,20.750972718357502,99.0,P48
360,2459073.8089814996,r,-1.6942882921451867,3.517593491782613,20.786960866447572,99.0,P48
361,2459074.8028704,r,-2.5372645619683616,5.436266745299506,20.31432309308467,99.0,P48
362,2459075.806875,r,-1.049631945153697,3.4381965894807767,20.811748226195554,99.0,P48
363,2459077.7762616,r,4.575453208394117,3.287502533726974,20.860409748622097,99.0,P48
364,2459086.8230556,r,1.3977052438354371,3.1602370445666286,20.903275840140687,99.0,P48
365,2459092.72868055,r,8.984541178727502,4.1532246581487735,20.60661142965191,99.0,P48
366,2459092.72868055,r,8.984541178727502,4.1532246581487735,20.60661142965191,99.0,P48
367,2459093.8447338,r,-2.053331319801998,8.869330527968458,19.78284788968827,99.0,P48
368,2459094.8270775247,r,6.717283477994442,4.810310786198258,20.44714214834456,99.0,P48
369,2459094.8270775247,r,6.717283477994442,4.810310786198258,20.44714214834456,99.0,P48
370,2459094.8270775247,r,6.717283477994442,4.810310786198258,20.44714214834456,99.0,P48
371,2459094.8270775247,r,6.717283477994442,4.810310786198258,20.44714214834456,99.0,P48
372,2459095.8665625,r,10.001483969115673,9.162501731372581,19.74753981487315,99.0,P48
373,2459096.8269868675,r,6.272653399758927,3.548922856759463,20.77733359127548,99.0,P48
374,2459096.8269868675,r,6.272653399758927,3.548922856759463,20.77733359127548,99.0,P48
375,2459096.8269868675,r,6.272653399758927,3.548922856759463,20.77733359127548,99.0,P48
376,2459097.7622106,r,-6.294192840076563,7.329719706425854,19.989856571070113,99.0,P48
377,2459111.7212962997,r,8.56192642268326,5.466702275483425,20.308261433585784,99.0,P48
378,2459114.7885648,r,-2.7778202000455323,4.365453601943102,20.552501547414614,99.0,P48
379,2459117.6395486,r,2.4789248360696,4.69311800711343,20.47392130275835,99.0,P48
380,2459122.721311733,r,-6.8753743681863995,4.517769732980601,20.515264760373064,99.0,P48
381,2459122.721311733,r,-6.8753743681863995,4.517769732980601,20.515264760373064,99.0,P48
382,2459122.721311733,r,-6.8753743681863995,4.517769732980601,20.515264760373064,99.0,P48
383,2459123.7662616,r,-12.82440051475117,11.197565360455716,19.529765973881556,99.0,P48
384,2459124.8000463,r,-2.246755708521581,4.722732698609927,20.467091574934415,99.0,P48
385,2459124.8000463,r,-2.246755708521581,4.722732698609927,20.467091574934415,99.0,P48
386,2459124.8000463,r,-2.246755708521581,4.722732698609927,20.467091574934415,99.0,P48
387,2459125.7869097,r,-4.875010051254228,7.169959526878216,20.013783228757212,99.0,P48
388,2459127.7787268995,r,-18.273943130522873,27.384968895077726,18.55879435921903,99.0,P48
389,2459129.7465393995,r,-0.5691562933457203,4.6332620502931325,20.48785782931802,99.0,P48
390,2459135.7624073997,r,-1.7003588187404979,4.6357138540825344,20.487283437447623,99.0,P48
391,2459137.6944560003,r,-0.7718160734144761,3.6297742808246856,20.7528759414734,99.0,P48
392,2459139.7588889,r,0.7364327048223364,4.899337722986346,20.427231545564,99.0,P48
393,2459141.6326736,r,2.1389874814341088,5.194919505471256,20.363627932622578,99.0,P48
394,2459143.640081,r,0.68557853491877,3.654932225087888,20.745376668991774,99.0,P48
395,2459145.6090741,r,2.527631470340866,4.644005963632622,20.485343067237004,99.0,P48
396,2459146.68729165,r,1.7249461753378532,4.970884745640049,20.411490754774945,99.0,P48
397,2459146.68729165,r,1.7249461753378532,4.970884745640049,20.411490754774945,99.0,P48
398,2459147.7841435,r,10.487624520189796,21.624873827709486,18.815191033625847,99.0,P48
399,2459149.71711805,r,1.7396504085174374,8.886949873315874,19.780693162797935,99.0,P48
400,2459149.71711805,r,1.7396504085174374,8.886949873315874,19.780693162797935,99.0,P48
401,2459150.75854165,r,5.093880709473565,6.739550059692705,20.080997730431182,99.0,P48
402,2459150.75854165,r,5.093880709473565,6.739550059692705,20.080997730431182,99.0,P48
403,2459151.5813426003,r,0.5095830439627814,5.049768067056303,20.394396409957732,99.0,P48
404,2459151.5813426003,r,0.5095830439627814,5.049768067056303,20.394396409957732,99.0,P48
405,2459152.683125,r,1.4143757466708642,7.456774599636236,19.971197450131754,99.0,P48
406,2458204.9319792,g,-7.65662970042269,9.444989455762393,19.71457129561346,99.0,P48
407,2458204.9319792,g,-7.65662970042269,9.444989455762393,19.71457129561346,99.0,P48
408,2458207.9378067,g,5.8982308968764805,9.79211261510315,19.67538399047409,99.0,P48
409,2458207.9378067,g,5.8982308968764805,9.79211261510315,19.67538399047409,99.0,P48
410,2458211.0183912003,g,12.264506675920071,12.625516581567258,19.39945209764175,99.0,P48
411,2458230.988206,g,-2.0976152573854323,5.923514494512203,20.221126350439725,99.0,P48
412,2458236.9249653,g,11.875854182476564,13.181421647168628,19.35266935800955,99.0,P48
413,2458244.9447801,g,-2.0145391747775165,5.409660816364965,20.31964989949841,99.0,P48
414,2458247.8708448997,g,-0.44465707822498823,3.4183584831149205,20.818030976115857,99.0,P48
415,2458259.9065046003,g,21.496015792249633,28.768904001206508,18.505266696555687,99.0,P48
416,2458262.9479282,g,-1.2917058202359137,4.644563085055111,20.48521282394627,99.0,P48
417,2458269.9443519,g,11.34304858737398,10.43372310853691,19.606476721216424,99.0,P48
418,2458272.9078356004,g,3.2157066380810853,6.4264094900815225,20.132654000929513,99.0,P48
419,2458275.9444792005,g,-1.2180810501237287,5.445079124731256,20.31256450152712,99.0,P48
420,2458278.9028472,g,0.7337186217607238,3.484686754931376,20.797165627564894,99.0,P48
421,2458281.9098032,g,1.255487563749891,3.683376687615636,20.73695965143925,99.0,P48
422,2458284.8884491003,g,2.5189549813397667,4.972208417179963,20.411201678106536,99.0,P48
423,2458287.90875,g,-1.9691195692998884,5.504348475609841,20.30081018688179,99.0,P48
424,2458290.928669,g,2.024606247252593,3.1627375673362055,20.90241709614441,99.0,P48
425,2458297.9470718,g,-13.60195108567317,14.24923975629653,19.268095754343012,99.0,P48
426,2458300.9561457997,g,-1.301907463962735,7.405949991991226,19.978623051187355,99.0,P48
427,2458310.8426273,g,-6.16065011752214,3.705083993029158,20.730579844811793,99.0,P48
428,2458313.8430323997,g,-1.9383188350231417,3.361527991963871,20.836233159052032,99.0,P48
429,2458316.8904861,g,4.638086281441051,4.1434039318119735,20.609181804595245,99.0,P48
430,2458319.8915393995,g,1.4400409721283052,3.933147070753192,20.66572452383329,99.0,P48
431,2458322.9340856,g,2.0972073235174467,3.741888169206538,20.719847979287287,99.0,P48
432,2458325.9036689997,g,6.40770466084955,13.898553928087008,19.29515094782728,99.0,P48
433,2458328.9517707997,g,121.00634115076403,36.083076915835825,18.69304529866824,0.3236870036698277,P48
434,2458334.8071412,g,-0.08530091269731052,3.7557010427268156,20.71584745234027,99.0,P48
435,2458337.8660301003,g,-4.450818670770883,3.529460018472546,20.78330432267058,99.0,P48
436,2458340.8300116,g,-9.017873491576895,6.714850576147508,20.08498410698938,99.0,P48
437,2458343.809838,g,-3.114102262025795,3.355148899043381,20.838295492653042,99.0,P48
438,2458346.8247338,g,4.111886282823747,3.299311842779031,20.85651657435114,99.0,P48
439,2458349.7241551,g,4.991636068511705,5.210071411589955,20.360465799218765,99.0,P48
440,2458352.8440046003,g,2.58791889975338,6.4171688112129,20.134216328981715,99.0,P48
441,2458361.7211806,g,0.025522482030505375,3.9313489049955703,20.666221016858465,99.0,P48
442,2458364.7462847,g,1.2219884634693858,2.827355313098082,21.024124015140472,99.0,P48
443,2458367.7696644,g,-3.920394558545132,3.596920529649391,20.762747882600895,99.0,P48
444,2458370.7395602,g,-4.378081943932649,4.272898101150171,20.575768649134204,99.0,P48
445,2458373.7448843,g,1.959077610201085,3.709947243333745,20.729155654537394,99.0,P48
446,2458379.8223727,g,0.30565822581457064,4.624845210734072,20.48983198444476,99.0,P48
447,2458382.6979977,g,-2.6847677321719763,7.527940591445054,19.960884531426707,99.0,P48
448,2458385.8433449,g,-15.38627484732325,14.16986893127562,19.274160406358348,99.0,P48
449,2458388.8009258998,g,-0.6039937726217685,9.85386573056973,19.668558388525724,99.0,P48
450,2458426.6959375,g,-0.9174221676386927,8.847938497730299,19.785469751215103,99.0,P48
451,2458429.696713,g,2.9457643600878947,4.391061145872214,20.546151277331575,99.0,P48
452,2458433.6583796,g,9.0763848167474,9.253538546047078,19.7368053932165,99.0,P48
453,2458436.6523611,g,-5.96706061096183,9.21284566753796,19.74159049922068,99.0,P48
454,2458469.6366088,g,10.79811204601912,10.332141719789817,19.61709910291242,99.0,P48
455,2458472.6381481,g,10.151965786990935,15.774021476408677,19.157718919698688,99.0,P48
456,2458482.6184028,g,0.6342731023442485,10.822919337102382,19.56671393497249,99.0,P48
457,2458540.9876505,g,-5.236579875529055,7.445370190324318,19.972859248842695,99.0,P48
458,2458558.9462153,g,-1.9842022016727068,8.882592491907976,19.781225643235537,99.0,P48
459,2458568.9320949,g,9.560002998631527,8.524464340021161,19.825907243307107,99.0,P48
460,2458574.9108912004,g,-3.223968786890717,8.74773815029709,19.79783555255524,99.0,P48
461,2458577.9899768997,g,22.582478551344526,185.03454384536988,16.48444295462579,99.0,P48
462,2458581.9881481,g,5.343133107342542,7.34313521481573,19.9878711759577,99.0,P48
463,2458588.9723957996,g,1.187119044379471,5.750975507765136,20.253221194085437,99.0,P48
464,2458597.9770255,g,-1.0842840074440108,5.408798540635639,20.319822974785545,99.0,P48
465,2458600.8348032003,g,-1.2784462242179093,1.872823943348008,21.47133260662178,99.0,P48
466,2458601.8240972,g,0.8958320853312649,1.9353157570615236,21.43569540768224,99.0,P48
467,2458606.981956,g,-0.9947759365328736,3.3571294786119945,20.837654760286036,99.0,P48
468,2458617.9752199,g,2.639954485922179,3.629930702531803,20.752829153701434,99.0,P48
469,2458628.9467014,g,-2.3394942510768026,6.716595061458002,20.08470207467178,99.0,P48
470,2458633.9504977,g,0.8919216981003655,3.972994512452555,20.654780076152313,99.0,P48
471,2458636.9405092997,g,-3.0732037346337657,3.357701593005794,20.83746974734811,99.0,P48
472,2458639.9202778,g,-1.96739211037045,3.5012634540733085,20.79201301248623,99.0,P48
473,2458642.9053472,g,-0.40146437346276315,2.759977570645209,21.05031110735252,99.0,P48
474,2458645.9283912,g,1.2542510059558187,4.062295862999212,20.630646112839088,99.0,P48
475,2458649.8874884,g,-12.986099950137932,9.752030070305608,19.6798374097702,99.0,P48
476,2458652.9731597,g,18.948646289304396,12.272912681919728,19.430205878273735,99.0,P48
477,2458654.8108912003,g,2.733565046805013,9.263033882765683,19.735691857566742,99.0,P48
478,2458655.8036111,g,-13.52731001819291,8.236777322458849,19.863181676190113,99.0,P48
479,2458657.9491319,g,5.227893736391893,7.272916384398309,19.99830350270186,99.0,P48
480,2458658.9489352,g,1.0243506891300938,5.477326786997703,20.30615335796446,99.0,P48
481,2458660.9328472,g,-1.1662921417760408,5.808109191156193,20.24248805813972,99.0,P48
482,2458661.9485069,g,0.598714757976692,4.712148891492971,20.469527477766135,99.0,P48
483,2458663.9481829,g,-1.7034278186764724,5.971693273922618,20.212331257126884,99.0,P48
484,2458665.720706,g,-2.847493671636993,4.412185896121021,20.54094048406936,99.0,P48
485,2458668.7820369997,g,0.9054267339672718,4.136490781982555,20.61099483702194,99.0,P48
486,2458674.8237962998,g,2.920984831758571,3.8831938822195182,20.67960230221281,99.0,P48
487,2458677.8501736,g,4.715507821191151,7.426593192464561,19.975600901266276,99.0,P48
488,2458679.8408912,g,4.775395594466858,10.936277185386407,19.5554012163875,99.0,P48
489,2458680.955787,g,10.128906347709624,12.172621689659493,19.439114676959555,99.0,P48
490,2458681.7226157,g,-0.5734077087654876,12.727546246839227,19.390713279745952,99.0,P48
491,2458682.9708912005,g,8.121609378386289,11.487759181191525,19.50198668205016,99.0,P48
492,2458683.7908102,g,-30.132454109810283,20.92956909970443,18.85067427134083,99.0,P48
493,2458684.7805787004,g,-8.420308164896008,8.741674035421962,19.798588468578224,99.0,P48
494,2458685.8782639,g,6.173199086546614,7.267626519416984,19.99909348671001,99.0,P48
495,2458688.8257522997,g,-0.0637049189741651,6.401291175743664,20.13690603312852,99.0,P48
496,2458690.7874073996,g,-2.018781050636922,3.4813553951629084,20.798204087599878,99.0,P48
497,2458691.7986343,g,-3.4791751260723087,3.7951671658221384,20.704497714078435,99.0,P48
498,2458693.8004051005,g,1.5097628428551049,4.545616303388678,20.50859305408494,99.0,P48
499,2458695.8213194,g,-2.748613599158413,4.73666949209736,20.46389228349691,99.0,P48
500,2458696.8224768997,g,1.1831256051088581,3.5313600956649425,20.78271997620202,99.0,P48
501,2458698.8243981004,g,7.184387642436453,16.70879687748583,19.09521204041095,99.0,P48
502,2458699.8244212996,g,-5.342899188731303,4.484652317253522,20.523253041585527,99.0,P48
503,2458700.8209837996,g,-6.522252474414952,3.804778782115491,20.70175146155737,99.0,P48
504,2458701.8244212996,g,-3.8579612524428306,4.133676943950021,20.61173365781624,99.0,P48
505,2458702.8235532003,g,-1.0854909798787404,4.145713541422072,20.608576763866715,99.0,P48
506,2458703.8239236,g,2.546719278567385,4.147375804167256,20.608141515000288,99.0,P48
507,2458704.8194329,g,6.1897763934089705,5.859205164906895,20.232978225525812,99.0,P48
508,2458705.7395948996,g,14.302163975102088,8.840845456811872,19.78634049187874,99.0,P48
509,2458706.7426157002,g,-0.3568069841612874,7.108837949736016,20.02307845332124,99.0,P48
510,2458707.7394907,g,3.3701489427937577,11.014166483126742,19.54769589737569,99.0,P48
511,2458708.7408565,g,1.212477197298066,10.71812788908271,19.577277652270716,99.0,P48
512,2458709.7405439997,g,16.00496670212958,11.023612796543507,19.546765113472638,99.0,P48
513,2458710.715,g,3.0042885595730064,11.240914500477448,19.52557087781331,99.0,P48
514,2458711.714375,g,24.45308192846228,8.54707217244924,19.82303156114343,99.0,P48
515,2458713.7231713,g,26.664309527312362,17.299073031276308,19.0575179088217,99.0,P48
516,2458714.7149537,g,-1.2490271014451524,6.383041765597044,20.14000577385977,99.0,P48
517,2458715.8001968,g,-3.38447936076313,6.819294151518269,20.068226428605648,99.0,P48
518,2458716.8194676004,g,-1.4814857881691559,6.157927451821463,20.1789885690132,99.0,P48
519,2458717.8000462996,g,-1.216980412453191,5.124636881755617,20.37841724451696,99.0,P48
520,2458718.8197917,g,-1.6546105140725125,6.232704065596778,20.165883722439126,99.0,P48
521,2458719.8005439998,g,-6.432328464891814,5.4143927639014295,20.31870059764055,99.0,P48
522,2458720.818831,g,1.5459840686289223,4.368081959427592,20.55184804278386,99.0,P48
523,2458721.7997106,g,0.48898958764884826,7.4450240359441535,19.97290972868055,99.0,P48
524,2458722.7988889,g,-1.2822506940507403,3.7975013376629936,20.70383015037421,99.0,P48
525,2458723.8208796,g,-3.9435654643627753,3.6596202566121008,20.74398493210436,99.0,P48
526,2458724.8209028,g,1.8330556341820015,4.603615041517826,20.494827488219997,99.0,P48
527,2458725.7972222,g,9.24222909888293,4.01852008800958,20.64240963004601,99.0,P48
528,2458726.7985069,g,59.34340548245402,4.760626336591814,19.466634459451814,0.08708060898018953,P48
529,2458727.85650465,g,97.03617476407034,3.54428651366004,18.93273145229588,0.03964833753939901,P48
530,2458727.85650465,g,97.03617476407034,3.54428651366004,18.93273145229588,0.03964833753939901,P48
531,2458730.7972106,g,122.04726917450546,6.260326744315938,18.683745456133778,0.05567994046010564,P48
532,2458732.8033391,g,102.61861575266994,3.4123266732750714,18.87200024214333,0.036095600946007854,P48
533,2458732.8033391,g,102.61861575266994,3.4123266732750714,18.87200024214333,0.036095600946007854,P48
534,2458733.81170715,g,87.28558862740134,4.3458865375017535,19.047709259760826,0.05404626251185311,P48
535,2458733.81170715,g,87.28558862740134,4.3458865375017535,19.047709259760826,0.05404626251185311,P48
536,2458734.83978585,g,77.42859535561043,4.98113400935254,19.17781217045689,0.06983235253486221,P48
537,2458734.83978585,g,77.42859535561043,4.98113400935254,19.17781217045689,0.06983235253486221,P48
538,2458735.8540451005,g,61.400183098166714,4.853798615734309,19.429641456709245,0.08581079292476748,P48
539,2458735.8540451005,g,61.400183098166714,4.853798615734309,19.429641456709245,0.08581079292476748,P48
540,2458736.8025462995,g,48.85196489117376,11.508227213250231,19.677860531508976,0.25571500896251825,P48
541,2458737.8461110997,g,47.80103568262972,8.84732577723224,19.701472356359762,0.20091138181500703,P48
542,2458737.8461110997,g,47.80103568262972,8.84732577723224,19.701472356359762,0.20091138181500703,P48
543,2458738.6920602,g,19.188464256877403,12.31216701879149,19.426738743615463,99.0,P48
544,2458739.6627257,g,39.1537830679829,7.95941128433783,19.918131296579908,0.2206668237944503,P48
545,2458739.6627257,g,39.1537830679829,7.95941128433783,19.918131296579908,0.2206668237944503,P48
546,2458740.6908681,g,22.321257320173096,12.723956607291951,19.391019540768472,99.0,P48
547,2458741.6877431,g,23.027337216372427,11.321821662108075,19.517784214840354,99.0,P48
548,2458743.6883102003,g,20.1938945457414,8.382017074013081,19.844203636288654,99.0,P48
549,2458744.6873148,g,6.4922535824518475,5.890063144130386,20.22727511254857,99.0,P48
550,2458745.6874306,g,10.213236775311819,4.523025910503458,20.51400230005359,99.0,P48
551,2458746.7119097,g,10.004219889624505,5.529196046429279,20.295920017128722,99.0,P48
552,2458747.6873148,g,8.687658331843126,4.17773687748706,20.600222279808637,99.0,P48
553,2458748.6864236,g,9.843232709116103,8.368382010251285,19.845971246191645,99.0,P48
554,2458749.6879514,g,6.707052370534497,4.529441694169707,20.512463305366424,99.0,P48
555,2458750.6882407,g,9.56438649423764,6.379785466594686,20.140559801855723,99.0,P48
556,2458751.6858796002,g,9.637273074011146,4.932395380325587,20.41993028335554,99.0,P48
557,2458754.6855556,g,8.27351547129221,3.533097937619337,20.78218579850369,99.0,P48
558,2458758.7705555498,g,9.057601493285004,4.099264266741989,20.620810197096255,99.0,P48
559,2458758.7705555498,g,9.057601493285004,4.099264266741989,20.620810197096255,99.0,P48
560,2458760.6867014,g,7.201285434699521,4.778371356456117,20.45437524314697,99.0,P48
561,2458761.6857292005,g,10.73272960614762,6.3923918303716905,20.138416519674543,99.0,P48
562,2458762.6848957995,g,6.000583956898829,6.671215943324024,20.09206249231932,99.0,P48
563,2458763.6862383997,g,8.715619919974339,6.711940755605864,20.085454703051063,99.0,P48
564,2458764.6756713,g,15.176204594369691,7.592542986418575,19.951606840594458,99.0,P48
565,2458765.6763657,g,22.701008349795917,7.904638599551549,19.90786994226498,99.0,P48
566,2458766.6749306,g,3.6361978491644384,8.806694699349482,19.79054263673897,99.0,P48
567,2458767.6724306,g,-0.9601085865323304,18.547128044116835,18.981883313602417,99.0,P48
568,2458768.6730207996,g,14.796771832030796,12.079068464909685,19.44749138195479,99.0,P48
569,2458769.672963,g,0.3168315764734357,13.624694610941374,19.316758047617498,99.0,P48
570,2458770.6730092997,g,19.15299225888675,14.343304465358774,19.260951945951653,99.0,P48
571,2458771.6732407003,g,-8.414974153970466,13.732643291732117,19.308189640874232,99.0,P48
572,2458772.6735994997,g,15.63332026341616,10.122359322331864,19.63937061470665,99.0,P48
573,2458773.6722106,g,-0.35976783776982707,12.508317920127487,19.409577711553794,99.0,P48
574,2458774.6721528,g,3.5967400901086344,6.484887728985902,20.122818834988646,99.0,P48
575,2458775.6722454,g,1.0916776393110905,4.697619490531041,20.47288039965629,99.0,P48
576,2458776.64464125,g,4.9111748793067145,3.4011459208767145,20.82351182650539,99.0,P48
577,2458776.64464125,g,4.9111748793067145,3.4011459208767145,20.82351182650539,99.0,P48
578,2458777.64239005,g,3.995518547997295,4.286921576156479,20.572211142381285,99.0,P48
579,2458777.64239005,g,3.995518547997295,4.286921576156479,20.572211142381285,99.0,P48
580,2458778.6721296003,g,9.214987670473922,5.66430029831715,20.269709314582755,99.0,P48
581,2458779.671956,g,5.8924035045013685,4.901738832716835,20.426699568938098,99.0,P48
582,2458781.6714467998,g,8.395642663661958,9.176769333515853,19.74585045052791,99.0,P48
583,2458782.69551505,g,5.663058388972748,3.7807111280940537,20.708641250175347,99.0,P48
584,2458782.69551505,g,5.663058388972748,3.7807111280940537,20.708641250175347,99.0,P48
585,2458783.6425347,g,-1.868891422324694,4.062214526059897,20.630667852108427,99.0,P48
586,2458783.6425347,g,-1.868891422324694,4.062214526059897,20.630667852108427,99.0,P48
587,2458785.6710417005,g,2.36815782919972,5.253530108350253,20.35144692522777,99.0,P48
588,2458786.6774883997,g,3.374017644270114,6.136655136689451,20.182745694654336,99.0,P48
589,2458787.6698032003,g,-0.35352243985029774,8.260852407346208,19.86001283190423,99.0,P48
590,2458788.679213,g,4.943556919595941,5.23306164465608,20.355685362431043,99.0,P48
591,2458788.679213,g,4.943556919595941,5.23306164465608,20.355685362431043,99.0,P48
592,2458789.6711457996,g,-6.9378122159352715,6.810258640286766,20.069665974460094,99.0,P48
593,2458791.64005785,g,8.295529389731271,4.295898733837566,20.569939900921604,99.0,P48
594,2458791.64005785,g,8.295529389731271,4.295898733837566,20.569939900921604,99.0,P48
595,2458792.69616895,g,4.167427832016791,5.988527502191265,20.209274868198534,99.0,P48
596,2458792.69616895,g,4.167427832016791,5.988527502191265,20.209274868198534,99.0,P48
597,2458793.63620375,g,1.8724950001678975,5.520085253971605,20.29771052624841,99.0,P48
598,2458793.63620375,g,1.8724950001678975,5.520085253971605,20.29771052624841,99.0,P48
599,2458794.64048615,g,9.393452325748322,5.7693455729457845,20.249758606260787,99.0,P48
600,2458794.64048615,g,9.393452325748322,5.7693455729457845,20.249758606260787,99.0,P48
601,2458795.61784725,g,-1.8146082939203794,6.5576783564068055,20.110699710638016,99.0,P48
602,2458795.61784725,g,-1.8146082939203794,6.5576783564068055,20.110699710638016,99.0,P48
603,2458796.63671875,g,12.762490007349522,8.633723787656537,19.812079612959586,99.0,P48
604,2458796.63671875,g,12.762490007349522,8.633723787656537,19.812079612959586,99.0,P48
605,2458797.6524306,g,4.591327751570318,10.526031801583324,19.596913294690964,99.0,P48
606,2458798.61108795,g,-2.1808956409735547,8.184454626643817,19.870100625706474,99.0,P48
607,2458798.61108795,g,-2.1808956409735547,8.184454626643817,19.870100625706474,99.0,P48
608,2458800.6866204,g,-5.552465652529915,15.07804855648985,19.206712145270664,99.0,P48
609,2458801.6868287004,g,10.190558954762597,19.887256445556687,18.90613780419193,99.0,P48
610,2458804.6779167005,g,-5.717103789992617,8.005064728194123,19.894162869326195,99.0,P48
611,2458805.5971181,g,-8.140870810054928,10.38520113956308,19.611537708345566,99.0,P48
612,2458811.5983102,g,-1.8482009976870786,6.536467420118451,20.114217237019858,99.0,P48
613,2458812.617662,g,-3.417513590315757,6.357062103319731,20.144433853773474,99.0,P48
614,2458813.5944328997,g,0.06484822070245956,10.037093394452208,19.64855507603899,99.0,P48
615,2458814.6032755002,g,14.320669648928801,45.895812068165846,17.998142342782213,99.0,P48
616,2458819.5725231497,g,-3.841929335549522,7.095415136383039,20.025130463895366,99.0,P48
617,2458819.5725231497,g,-3.841929335549522,7.095415136383039,20.025130463895366,99.0,P48
618,2458820.6506597,g,19.46024465013852,32.38448728117699,18.37673242518018,99.0,P48
619,2458829.6010705996,g,2.5513421092601662,13.0273260590116,19.36543678122689,99.0,P48
620,2458829.6010705996,g,2.5513421092601662,13.0273260590116,19.36543678122689,99.0,P48
621,2458830.6064120503,g,14.495865902969687,10.943780088278135,19.554656595518573,99.0,P48
622,2458830.6064120503,g,14.495865902969687,10.943780088278135,19.554656595518573,99.0,P48
623,2458831.63069445,g,-2.9978343041132005,9.63177339650478,19.693309347825853,99.0,P48
624,2458831.63069445,g,-2.9978343041132005,9.63177339650478,19.693309347825853,99.0,P48
625,2458833.6176389,g,1.6303029117006658,5.5653024579203985,20.288853059290695,99.0,P48
626,2458833.6176389,g,1.6303029117006658,5.5653024579203985,20.288853059290695,99.0,P48
627,2458835.6145139,g,-6.578397243757199,48.42706104528055,17.939854705999874,99.0,P48
628,2458835.6145139,g,-6.578397243757199,48.42706104528055,17.939854705999874,99.0,P48
629,2458836.6160185,g,-3.078543375719628,5.380772639078262,20.325463385126145,99.0,P48
630,2458836.6160185,g,-3.078543375719628,5.380772639078262,20.325463385126145,99.0,P48
631,2458837.612853,g,0.5169408469394393,5.291250497410716,20.343679183388772,99.0,P48
632,2458837.612853,g,0.5169408469394393,5.291250497410716,20.343679183388772,99.0,P48
633,2458838.613588,g,27.077193962258534,20.166130285634345,18.891018567479236,99.0,P48
634,2458839.6172338,g,283.2059214811359,211.6632433977155,16.338461372400484,99.0,P48
635,2458893.0577431,g,-4.910155730726121,10.429972716466922,19.60686705824304,99.0,P48
636,2458895.0551736,g,0.5819194314418252,7.9333646579677035,19.903931446314992,99.0,P48
637,2458899.0538194,g,-1.1160453673366069,5.328276199805864,20.336108166405158,99.0,P48
638,2458900.04375,g,-6.947107838270343,6.0732831882907865,20.19401615888581,99.0,P48
639,2458901.0606712997,g,19.944276010710738,77.79221365168135,17.425234664337935,99.0,P48
640,2458904.0312384,g,1.401926126677273,4.396982170237554,20.54468822776201,99.0,P48
641,2458909.0502894,g,-1.537378773410458,6.25002393176327,20.16287078843463,99.0,P48
642,2458913.0527315,g,11.108889884528315,10.214052400658494,19.62957978524698,99.0,P48
643,2458914.0293634,g,7.789993765557648,7.910461571086454,19.907070426456393,99.0,P48
644,2458914.9664467997,g,1.996035543614393,9.376651550405343,19.722455545878717,99.0,P48
645,2458915.9692593,g,21.789334902374165,16.389084944798935,19.116188223677636,99.0,P48
646,2458944.9904282,g,-3.6659211446664783,8.17996898745109,19.870695846303285,99.0,P48
647,2458955.9721875,g,-2.1993878610709174,6.31129443893454,20.152278885014542,99.0,P48
648,2458956.9730556,g,-2.8113881687577513,7.4062541423192,19.978578462681845,99.0,P48
649,2458962.9915162004,g,3.3113802759487228,4.729187145641111,20.46560873800219,99.0,P48
650,2458963.93193285,g,-0.9725450116199792,3.2633207562882536,20.868425580939366,99.0,P48
651,2458963.93193285,g,-0.9725450116199792,3.2633207562882536,20.868425580939366,99.0,P48
652,2458964.8954745,g,-2.1351424717597025,4.600236273658433,20.495624643808796,99.0,P48
653,2458965.9282986,g,-4.5302244768468105,4.124323939452732,20.614193066598467,99.0,P48
654,2458966.9468981004,g,-1.2272725019849406,3.637471886139565,20.75057587575005,99.0,P48
655,2458967.9314468,g,-1.3395651359140686,3.891089632722109,20.6773969015182,99.0,P48
656,2458968.9672222002,g,3.868193206504731,3.3564438131449976,20.837876535424883,99.0,P48
657,2458970.9689698997,g,1.724934859970587,3.1955656158559296,20.89120564035402,99.0,P48
658,2458971.9502315,g,1.0842430023947136,3.538453682978529,20.78054120109035,99.0,P48
659,2458972.9715625,g,-3.347760161030732,3.2780634238215107,20.863531609095993,99.0,P48
660,2458973.9541088,g,2.391048544427644,6.048881391217109,20.198387317214163,99.0,P48
661,2458974.9770486,g,14.13078997288438,7.2294011721930955,20.00481917620815,99.0,P48
662,2458975.8017014,g,8.463721313505076,15.686608955112622,19.16375231331122,99.0,P48
663,2458976.9884258998,g,3.114831652972009,14.97582984355958,19.21409774681653,99.0,P48
664,2458977.8689698996,g,4.537540447096207,46.403515379892994,17.986197782801923,99.0,P48
665,2458978.9292592998,g,-11.70855249845165,10.591401500517764,19.590191410026996,99.0,P48
666,2458979.9356019,g,1.8504928464853139,8.81167378822982,19.789928961617825,99.0,P48
667,2458981.8232407,g,8.857033244485676,8.70731655235407,19.80286415562069,99.0,P48
668,2458985.9508217997,g,3.864296841829134,4.309148201196023,20.56659641241267,99.0,P48
669,2458986.9053819,g,-3.1307186995151715,3.5341506851281306,20.78186233285129,99.0,P48
670,2458987.9440508997,g,-2.169348353031808,2.9722100738573616,20.969876234604165,99.0,P48
671,2458991.9124306,g,-4.195444778718541,3.7441427434136756,20.71919399510112,99.0,P48
672,2458992.9747801004,g,-4.618496019743683,4.211783084664544,20.59140999904387,99.0,P48
673,2458994.9240046,g,-1.454925456904836,3.533163179131963,20.78216574969113,99.0,P48
674,2458995.8334375,g,-5.303014841464383,4.055303185095685,20.63251666727298,99.0,P48
675,2458996.9277083,g,-1.0992616637008115,3.4535352617047956,20.8069152525324,99.0,P48
676,2458997.9144444,g,-1.7853508256337118,2.9464880339074146,20.979313284896925,99.0,P48
677,2458998.9347453997,g,-0.3559183450141428,3.232744046839705,20.878646687610605,99.0,P48
678,2458999.9363194,g,2.76257299450689,12.461100267310252,19.413684012781225,99.0,P48
679,2459000.9316435,g,-52.23436503073846,124.37488433584005,16.91574326447057,99.0,P48
680,2459001.911794,g,3.8748325946369597,5.391706133848701,20.323259455010678,99.0,P48
681,2459002.9341435,g,5.307442074515434,7.2900227463015606,19.99575278064971,99.0,P48
682,2459004.981412,g,-0.7153523395613199,11.818069681551108,19.471208623328053,99.0,P48
683,2459005.7176736,g,3.492819664063915,16.99395125798795,19.076839068468963,99.0,P48
684,2459009.7829167005,g,-2.142416810314468,9.473016766939235,19.71135422417663,99.0,P48
685,2459011.8123957994,g,1.7525268380749652,5.292363162419557,20.34345089450236,99.0,P48
686,2459012.8100116,g,1.091334832446283,4.3346066095769995,20.5602007669491,99.0,P48
687,2459013.7426736,g,-6.6043383610341815,5.044474240103422,20.39553521759411,99.0,P48
688,2459014.8595486,g,4.89117919619436,3.889001819724872,20.677979623258206,99.0,P48
689,2459016.8692014,g,3.525412353449085,3.6832871265625458,20.736986051362024,99.0,P48
690,2459017.8209837996,g,-0.7960296040227098,3.0050618864086385,20.957941438372107,99.0,P48
691,2459018.8635648,g,-0.04752738910459901,3.2542474279004274,20.871448563504018,99.0,P48
692,2459019.7844676003,g,2.2901586958009403,3.820607036897116,20.697244061049542,99.0,P48
693,2459020.8906019,g,-2.2830950002626613,3.6777879533063778,20.738608274351577,99.0,P48
694,2459022.8623957997,g,-0.3338988054786031,3.7736437294002134,20.710672749361915,99.0,P48
695,2459023.8503472,g,-0.17860734170256393,3.16774875252078,20.900698167757177,99.0,P48
696,2459024.8639582996,g,4.948931122887141,8.779645349625289,19.793882556402536,99.0,P48
697,2459025.8483102,g,-2.54823370544325,2.986397682126465,20.964705889551244,99.0,P48
698,2459026.8877778,g,-2.3765444209332656,3.9345287375241074,20.665343184874217,99.0,P48
699,2459027.8639236,g,-1.3245440090900977,4.517099742825223,20.515425788171374,99.0,P48
700,2459029.7598264,g,0.7377025152193843,8.275946739777835,19.85803077145671,99.0,P48
701,2459030.8632292002,g,0.47640455843429824,5.938800327496096,20.218328179639904,99.0,P48
702,2459031.8296527998,g,-7.060066851911866,6.802796557984996,20.070856280913915,99.0,P48
703,2459032.9756829,g,1.6927793596549772,5.3161652330044635,20.338578811931832,99.0,P48
704,2459033.9567245,g,6.598701741473763,6.629138189508601,20.09893230836997,99.0,P48
705,2459034.7391204,g,4.327155981108218,12.635771540912758,19.398570576383023,99.0,P48
706,2459035.9507407,g,-10.990495356855615,12.06310081168785,19.44892759603625,99.0,P48
707,2459036.7369676004,g,-0.48068223777241276,11.188359117583937,19.530658995009095,99.0,P48
708,2459037.7479514,g,10.292375618931965,9.896888357897456,19.663828311103416,99.0,P48
709,2459038.9752893997,g,-9.60783113448153,10.903034356426486,19.558706537689098,99.0,P48
710,2459039.8450926,g,2.6268582012861583,6.70927583863596,20.085885870651197,99.0,P48
711,2459040.7442245,g,2.294217571116707,3.5279947387767283,20.783755167144527,99.0,P48
712,2459041.8685185,g,-3.66330498446118,5.863851158388314,20.232117643872897,99.0,P48
713,2459042.8225,g,0.6452430864915307,4.365673159373708,20.552446942445982,99.0,P48
714,2459043.7290394,g,-0.941840128662055,4.2313331355011705,20.586381941776878,99.0,P48
715,2459044.8454744997,g,5.2591611861580745,3.7925396469687183,20.705249665236344,99.0,P48
716,2459045.7789352,g,0.6079861073433002,4.510052521688148,20.517120990481388,99.0,P48
717,2459046.8431944,g,-4.095676163183384,3.7562598667048377,20.71568591384627,99.0,P48
718,2459047.7833912005,g,0.9562001842799576,3.2787176087016863,20.863314956379412,99.0,P48
719,2459048.8670139,g,-2.6945740906973015,3.5383919479554375,20.78056014397908,99.0,P48
720,2459049.8212153,g,-6.675697735829605,3.8893827894474975,20.677873268882102,99.0,P48
721,2459050.8871991,g,-3.021786079324921,3.0871741804389603,20.92867215576127,99.0,P48
722,2459051.8273727,g,4.840682667907666,3.8032623618093324,20.702184275318146,99.0,P48
723,2459052.8250463,g,-0.5343536782748316,3.364769552498357,20.835186675490633,99.0,P48
724,2459053.8665162004,g,-1.477834682482391,3.520181868358307,20.7861622350214,99.0,P48
725,2459054.9466204,g,-0.8451682452775534,3.8734291137555905,20.682335957892246,99.0,P48
726,2459055.8857176,g,0.04079939249570886,3.3174590701758757,20.85056105572677,99.0,P48
727,2459056.9103356004,g,-1.6635011267786637,4.278603479749628,20.574319889061414,99.0,P48
728,2459057.8838889,g,2.2919884626994187,3.9327713510386926,20.665828245350678,99.0,P48
729,2459059.8803704,g,2.3395258095761204,4.347061102894655,20.557085627316702,99.0,P48
730,2459060.8654977,g,-1.4820083280174141,5.193816216817335,20.36385854402177,99.0,P48
731,2459062.9039236,g,-0.98113937548127,8.867074567872937,19.783124087435468,99.0,P48
732,2459063.9266551,g,-15.47251332301575,12.873229471687479,19.37835621207134,99.0,P48
733,2459064.9703819,g,-2.664584464371308,15.882562075964634,19.150273585603813,99.0,P48
734,2459065.7396528,g,14.21288952954601,12.679333194964894,19.394833952567332,99.0,P48
735,2459066.8260069005,g,8.854133492798184,6.8830297396962346,20.05812587409515,99.0,P48
736,2459066.8260069005,g,8.854133492798184,6.8830297396962346,20.05812587409515,99.0,P48
737,2459067.8211457995,g,-9.54724754668524,8.175097123065346,19.87134268681973,99.0,P48
738,2459068.9521181,g,6.074058332111772,7.794982508265265,19.923037126708415,99.0,P48
739,2459069.83873845,g,-0.00747300556780469,4.20277332372542,20.593735071670732,99.0,P48
740,2459069.83873845,g,-0.00747300556780469,4.20277332372542,20.593735071670732,99.0,P48
741,2459070.8274189997,g,-0.6981372361371958,4.870059339813549,20.433739356761677,99.0,P48
742,2459071.9136457997,g,5.5337500484318785,5.377649497365072,20.3260937578858,99.0,P48
743,2459072.8912962996,g,-1.6312763809656476,4.0648565950196245,20.62996191758826,99.0,P48
744,2459072.8912962996,g,-1.6312763809656476,4.0648565950196245,20.62996191758826,99.0,P48
745,2459073.8241088,g,2.594086228522749,4.6692642761346175,20.479453850906694,99.0,P48
746,2459074.8274306,g,-9.246878083340784,11.7900487941896,19.47378598299487,99.0,P48
747,2459075.842581,g,0.8746582142224747,3.6335551002116993,20.751745613314633,99.0,P48
748,2459076.804919,g,35.08342938652969,22.65966933826854,18.764441068855753,99.0,P48
749,2459077.8475231,g,-4.975995477183196,4.094335889826244,20.622116318408295,99.0,P48
750,2459086.7808681,g,-2.694435603336583,3.5345541574123414,20.781738388090027,99.0,P48
751,2459089.8001042004,g,1.536118186915206,9.803039623149985,19.674173094092005,99.0,P48
752,2459090.8022222,g,6.595077356161582,8.66748766270806,19.807841908773426,99.0,P48
753,2459092.8199306,g,-6.977375510429875,12.714111296164786,19.391859967117846,99.0,P48
754,2459093.9096296,g,-20.523897056784854,17.021230807101762,19.075097587243576,99.0,P48
755,2459095.7614641497,g,5.054803709886611,8.811410300226818,19.789961427951518,99.0,P48
756,2459095.7614641497,g,5.054803709886611,8.811410300226818,19.789961427951518,99.0,P48
757,2459108.8013194,g,2.80696438295791,7.882371153637859,19.910932788063768,99.0,P48
758,2459111.6626157,g,-0.6448637820189485,4.880024746962655,20.431519928291458,99.0,P48
759,2459114.7046644,g,-5.4250126476565415,4.610172225943724,20.493282114200007,99.0,P48
760,2459117.825081,g,2.1696881119295273,4.6986667681779775,20.472638374832627,99.0,P48
761,2459119.7638426004,g,-7.582255349247975,8.252451230066635,19.861117573065933,99.0,P48
762,2459120.7576042004,g,1.8441136890829917,10.359449054535988,19.61423334169323,99.0,P48
763,2459122.8183565,g,7.2831658851952135,15.499634690762464,19.17677133303352,99.0,P48
764,2459123.6221181,g,-0.4231888593380137,10.709597378079254,19.578142129018982,99.0,P48
765,2459125.6784722,g,23.560854532703374,9.989022053018621,19.65376755932755,99.0,P48
766,2459129.8034258997,g,-3.8756458368915485,8.878016533438675,19.78178511547936,99.0,P48
767,2459131.6994444,g,1.1310566092084593,4.242399121436119,20.583546178730167,99.0,P48
768,2459135.7228587996,g,2.1170929898535547,5.216836391949844,20.35905694718512,99.0,P48
769,2459137.7221875,g,-7.328419396761856,5.972386619222054,20.21220520470567,99.0,P48
770,2459139.7022106005,g,-0.465067201220889,5.195728470331688,20.363458872436695,99.0,P48
771,2459141.7014005003,g,0.5253602140109084,5.39742372608902,20.32210870466082,99.0,P48
772,2459143.7015741,g,0.23574961203149228,3.9817316750431044,20.652395014154564,99.0,P48
773,2459145.7807407,g,-2.345238408797821,4.5075871257738305,20.517714664607787,99.0,P48
774,2459150.6589814997,g,-2.753794499846323,9.635939140714989,19.69283986818518,99.0,P48
775,2459152.746794,g,-15.937849647092664,13.386413479377227,19.33591440076658,99.0,P48
