,JD,Filter,Flux,eFlux,Mag,eMag,Telescope
0,2458256.9878125,r,-3.3933494577731254,10.17880111994387,19.63333341686298,99.0,P48
1,2458259.9663657,r,-4.290035501477545,5.54044255602293,20.29371384811402,99.0,P48
2,2458267.9007407003,r,-3.505285365782186,39.671250822646776,18.156385254497806,99.0,P48
3,2458270.9217014,r,12.2243583112057,15.825232961293308,19.154199709330705,99.0,P48
4,2458273.9346875,r,3.11339900566514,9.547148121477667,19.70289083770701,99.0,P48
5,2458279.9232639,r,0.6400263674246162,7.321747910191701,19.99103805935087,99.0,P48
6,2458282.9630787005,r,3.6647834431706614,6.35815526927562,20.144247165677744,99.0,P48
7,2458285.9022338,r,3.6181653581041044,3.905172425559291,20.673474453923873,99.0,P48
8,2458288.9782176004,r,-1.9946463298418615,7.648529043178343,19.943630188810623,99.0,P48
9,2458291.9638194,r,-3.613233011873355,4.6669794910406335,20.479985258185252,99.0,P48
10,2458298.9403819,r,5.526103207194959,14.382639919242152,19.25797846995145,99.0,P48
11,2458304.9082292,r,0.19194226817398238,7.649917535648634,19.943433105199368,99.0,P48
12,2458307.9019792005,r,1.318945451240555,4.310679057045933,20.56621076532528,99.0,P48
13,2458310.9362037,r,0.3276098945166822,7.48912792361972,19.966496866810516,99.0,P48
14,2458313.9185995,r,-2.8891503027348753,4.092625310766179,20.622570024636563,99.0,P48
15,2458316.9584838,r,1.220854962524548,4.222960681110636,20.588532394558243,99.0,P48
16,2458319.9437268996,r,-2.040717689902363,3.516007299871919,20.78745056896705,99.0,P48
17,2458322.9165162,r,1.9514858028805744,4.12507048230867,20.613996555541327,99.0,P48
18,2458325.9657292003,r,-11.327437094692359,9.186481987947335,19.7447019195451,99.0,P48
19,2458334.8920833496,r,5.216273933476502,2.841787515241402,21.018595984287636,99.0,P48
20,2458334.8920833496,r,5.216273933476502,2.841787515241402,21.018595984287636,99.0,P48
21,2458335.89551505,r,-2.3251106728566793,2.4093616146774055,21.197820021674495,99.0,P48
22,2458335.89551505,r,-2.3251106728566793,2.4093616146774055,21.197820021674495,99.0,P48
23,2458336.8913657498,r,-1.1061353391346729,2.311262445583528,21.24295183230197,99.0,P48
24,2458336.8913657498,r,-1.1061353391346729,2.311262445583528,21.24295183230197,99.0,P48
25,2458337.8520486,r,6.60314371025752,3.708955203785335,20.7294460191212,99.0,P48
26,2458340.8948727003,r,7.691390348091893,5.658030329798329,20.270911811267055,99.0,P48
27,2458343.855625,r,-0.5569020384988044,3.91224881159687,20.671508820913893,99.0,P48
28,2458345.8634837996,r,-0.9073288472258609,3.106416229069541,20.92192587301188,99.0,P48
29,2458346.8801273,r,1.690987106996704,3.7950634528341425,20.704527385099418,99.0,P48
30,2458353.8282986,r,-0.015513874029329137,5.55161485110087,20.291526666978324,99.0,P48
31,2458355.86921875,r,0.058692067936111064,7.311639768611809,19.99253802330488,99.0,P48
32,2458355.86921875,r,0.058692067936111064,7.311639768611809,19.99253802330488,99.0,P48
33,2458359.8531905995,r,-3.538375873529445,8.704098818706761,19.803265456707756,99.0,P48
34,2458359.8531905995,r,-3.538375873529445,8.704098818706761,19.803265456707756,99.0,P48
35,2458359.8531905995,r,-3.538375873529445,8.704098818706761,19.803265456707756,99.0,P48
36,2458361.8310301,r,-2.5876601495564344,4.138342921395765,20.610508800704388,99.0,P48
37,2458362.8301272998,r,3.454391150163277,3.0295841891000004,20.94911742514135,99.0,P48
38,2458362.8301272998,r,3.454391150163277,3.0295841891000004,20.94911742514135,99.0,P48
39,2458364.8492014,r,-2.53864863890893,3.385428090647516,20.828541005535584,99.0,P48
40,2458365.8667072,r,2.289408257416735,2.944121200085015,20.980185777777656,99.0,P48
41,2458365.8667072,r,2.289408257416735,2.944121200085015,20.980185777777656,99.0,P48
42,2458366.8528819,r,5.399879529906103,3.5311558791583693,20.7827827655127,99.0,P48
43,2458368.80229745,r,0.9344422032117592,2.660986587087009,21.089968275506756,99.0,P48
44,2458368.80229745,r,0.9344422032117592,2.660986587087009,21.089968275506756,99.0,P48
45,2458371.8127431,r,5.814336336235905,3.573400030834061,20.76987089711514,99.0,P48
46,2458372.8231655,r,-0.7420862864050614,2.3127111227887824,21.242271516413933,99.0,P48
47,2458372.8231655,r,-0.7420862864050614,2.3127111227887824,21.242271516413933,99.0,P48
48,2458373.8100984003,r,-0.4691632472339334,2.5359756041789363,21.142212310754637,99.0,P48
49,2458373.8100984003,r,-0.4691632472339334,2.5359756041789363,21.142212310754637,99.0,P48
50,2458374.8193403,r,5.961397708870034,4.596748140065922,20.496448216610414,99.0,P48
51,2458377.7916551004,r,-0.35643741940700324,3.957511453974637,20.659019537941923,99.0,P48
52,2458379.7834143997,r,-4.6437073275329785,4.995244693034219,20.40618307145281,99.0,P48
53,2458380.7819444,r,-6.517391382473284,3.94797280344743,20.661639608493076,99.0,P48
54,2458389.7694792002,r,5.123163017609335,4.962379473031141,20.413350059925055,99.0,P48
55,2458400.7263078997,r,2.4428222225196325,4.209236368155895,20.592066703951502,99.0,P48
56,2458426.629537,r,17.52096392080267,97.38469252462708,17.18134824569391,99.0,P48
57,2458429.6457869997,r,3.3155834848876666,4.197045658425701,20.59521575466204,99.0,P48
58,2458433.6238773,r,0.6500811550734835,5.5959690996425175,20.28288671991596,99.0,P48
59,2458436.6243056,r,10.899970882427185,23.143932886797202,18.74148208599341,99.0,P48
60,2458441.791331,r,-28.41223534269903,40.988056629346694,18.120931670262998,99.0,P48
61,2458443.6028472,r,6.227190805002642,6.873170660004718,20.059682170352616,99.0,P48
62,2458456.661713,r,0.814696648352582,8.55113374968704,19.822515740763386,99.0,P48
63,2458475.6286111,r,4.3576198996441216,10.413536062508351,19.60857942578886,99.0,P48
64,2458482.5972337998,r,9.404327993707694,9.578129215681159,19.69937325995175,99.0,P48
65,2458488.6018171003,r,14.159256690752299,13.837152740961752,19.2999581518823,99.0,P48
66,2458492.6090278,r,297.18694872559377,278.4281784029152,16.040792024011804,99.0,P48
67,2458505.60510995,r,0.41597748786019084,15.346230263568172,19.187570713372338,99.0,P48
68,2458505.60510995,r,0.41597748786019084,15.346230263568172,19.187570713372338,99.0,P48
69,2458510.5989873,r,10.513606215448545,11.326274457075268,19.517357286170935,99.0,P48
70,2458510.5989873,r,10.513606215448545,11.326274457075268,19.517357286170935,99.0,P48
71,2458510.5989873,r,10.513606215448545,11.326274457075268,19.517357286170935,99.0,P48
72,2458510.5989873,r,10.513606215448545,11.326274457075268,19.517357286170935,99.0,P48
73,2458511.5993345,r,3.9046353634430355,7.788241813070575,19.92397642105773,99.0,P48
74,2458511.5993345,r,3.9046353634430355,7.788241813070575,19.92397642105773,99.0,P48
75,2458511.5993345,r,3.9046353634430355,7.788241813070575,19.92397642105773,99.0,P48
76,2458511.5993345,r,3.9046353634430355,7.788241813070575,19.92397642105773,99.0,P48
77,2458514.6035879664,r,-1.5873012900073813,6.146939202108753,20.180927695059314,99.0,P48
78,2458514.6035879664,r,-1.5873012900073813,6.146939202108753,20.180927695059314,99.0,P48
79,2458514.6035879664,r,-1.5873012900073813,6.146939202108753,20.180927695059314,99.0,P48
80,2458597.997106475,r,-1.435185328997594,6.280803593964064,20.157536957007544,99.0,P48
81,2458597.997106475,r,-1.435185328997594,6.280803593964064,20.157536957007544,99.0,P48
82,2458597.997106475,r,-1.435185328997594,6.280803593964064,20.157536957007544,99.0,P48
83,2458597.997106475,r,-1.435185328997594,6.280803593964064,20.157536957007544,99.0,P48
84,2458668.8729167003,r,8.305056918643308,4.996114007891674,20.40599413886722,99.0,P48
85,2458671.9339236,r,46.85323370203311,46.73972007850057,17.978359721411742,99.0,P48
86,2458674.9628472,r,4.529711740425782,4.133879405416859,20.611680481342958,99.0,P48
87,2458677.9819676,r,5.258431136967074,4.512659206090783,20.516493646553215,99.0,P48
88,2458681.9337962996,r,12.180190745099457,9.325055409898093,19.728446436445676,99.0,P48
89,2458688.9122106005,r,2.088997479370234,5.336965666502727,20.334338966831687,99.0,P48
90,2458690.8962731003,r,-3.9085583617315947,3.5237408628214713,20.78506508230764,99.0,P48
91,2458691.916441,r,5.24675104961452,2.4288642257347552,21.189066893442167,99.0,P48
92,2458691.916441,r,5.24675104961452,2.4288642257347552,21.189066893442167,99.0,P48
93,2458694.8891203664,r,0.6141400946383465,2.0128009632637176,21.39307291014743,99.0,P48
94,2458694.8891203664,r,0.6141400946383465,2.0128009632637176,21.39307291014743,99.0,P48
95,2458694.8891203664,r,0.6141400946383465,2.0128009632637176,21.39307291014743,99.0,P48
96,2458696.8954109,r,0.8171254817497811,2.139345486780585,21.326872676064035,99.0,P48
97,2458696.8954109,r,0.8171254817497811,2.139345486780585,21.326872676064035,99.0,P48
98,2458697.9144502,r,2.971863739177872,2.4711999986871906,21.170305251503258,99.0,P48
99,2458697.9144502,r,2.971863739177872,2.4711999986871906,21.170305251503258,99.0,P48
100,2458698.9163426002,r,2.0688613274504046,4.412915819121615,20.540760881871943,99.0,P48
101,2458700.92604745,r,-1.3362655799990668,2.114552672962017,21.339528719706813,99.0,P48
102,2458700.92604745,r,-1.3362655799990668,2.114552672962017,21.339528719706813,99.0,P48
103,2458710.8575926004,r,-3.698854234071119,15.190876915227843,19.198617877009227,99.0,P48
104,2458713.8586111,r,11.642446934991554,14.243918164069935,19.268501314543165,99.0,P48
105,2458716.8909549005,r,-3.3210303456660673,3.445795217422682,20.809351329439988,99.0,P48
106,2458716.8909549005,r,-3.3210303456660673,3.445795217422682,20.809351329439988,99.0,P48
107,2458719.8836169,r,0.5869647859038347,3.112692440335302,20.9197344618385,99.0,P48
108,2458719.8836169,r,0.5869647859038347,3.112692440335302,20.9197344618385,99.0,P48
109,2458735.80703125,r,0.3217242553650108,3.701689607655014,20.731574989945237,99.0,P48
110,2458735.80703125,r,0.3217242553650108,3.701689607655014,20.731574989945237,99.0,P48
111,2458736.9160069,r,-3.405103163236142,7.812535747276973,19.920594945340547,99.0,P48
112,2458744.8618403,r,2.081586759648436,7.676635513900343,19.93964768709563,99.0,P48
113,2458747.7697801003,r,8.19195519716784,5.055106801098862,20.393249150352336,99.0,P48
114,2458750.7756712995,r,10.284752843968226,5.8874826343203415,20.227750891293145,99.0,P48
115,2458757.75310765,r,0.1451658544501338,2.707480023020506,21.071161836926684,99.0,P48
116,2458757.75310765,r,0.1451658544501338,2.707480023020506,21.071161836926684,99.0,P48
117,2458760.7737731,r,6.422457243223259,4.9263306059150676,20.42126610422956,99.0,P48
118,2458763.751875,r,9.459422918093903,8.474527766686515,19.832286221687866,99.0,P48
119,2458766.6878125,r,7.2120922198940605,17.09450587778277,19.070433609430754,99.0,P48
120,2458769.6852893997,r,-18.20238525172719,15.794207725483009,19.156330375266542,99.0,P48
121,2458770.8258623,r,-1.862695582300647,9.83890659010083,19.6702078955894,99.0,P48
122,2458770.8258623,r,-1.862695582300647,9.83890659010083,19.6702078955894,99.0,P48
123,2458771.8177257,r,-12.528233793535266,9.123734208676076,19.752143426700012,99.0,P48
124,2458771.8177257,r,-12.528233793535266,9.123734208676076,19.752143426700012,99.0,P48
125,2458772.8652431,r,16.939195490366906,32.6156614192223,18.369009513938735,99.0,P48
126,2458773.7058969997,r,6.020269377016182,14.046471268275074,19.283656901190177,99.0,P48
127,2458773.7058969997,r,6.020269377016182,14.046471268275074,19.283656901190177,99.0,P48
128,2458774.7214062503,r,-2.370815235931474,4.128048850085668,20.613212919261098,99.0,P48
129,2458774.7214062503,r,-2.370815235931474,4.128048850085668,20.613212919261098,99.0,P48
130,2458775.6909606005,r,12.956600010483964,5.031068379174683,20.398424439089254,99.0,P48
131,2458778.8182407003,r,5.112290054139419,9.883787498213556,19.665266490451337,99.0,P48
132,2458781.7423032,r,5.024579989042758,9.49361570083152,19.70899587014223,99.0,P48
133,2458785.7440046,r,3.549149788723275,5.186968440021029,20.365290975290513,99.0,P48
134,2458787.6895081,r,-8.558878047028081,5.932775923353339,20.219430125011463,99.0,P48
135,2458787.6895081,r,-8.558878047028081,5.932775923353339,20.219430125011463,99.0,P48
136,2458788.7280556,r,1.8584680343988713,7.263900702129424,19.99965024234187,99.0,P48
137,2458791.6064352,r,3.4919362346853062,7.325348056101899,19.99050432777093,99.0,P48
138,2458794.6245717998,r,-14.232396095885461,13.159415920419665,19.35448345520676,99.0,P48
139,2458797.6078356,r,9.77162980608733,11.33549545594481,19.51647372121483,99.0,P48
140,2458800.7634722,r,5.344937521972192,11.23929047617871,19.525727750224704,99.0,P48
141,2458803.5742707998,r,29.897053171110013,152.08515999497288,16.697357891679047,99.0,P48
142,2458811.6065856004,r,-41.82041291503131,24.915638980707648,18.661394915495926,99.0,P48
143,2458820.5885880003,r,15.084166701117098,39.30316642047255,18.1665061384413,99.0,P48
144,2458829.5702778,r,1.3166014413323925,19.176456817068505,18.945654072133998,99.0,P48
145,2458833.5730556,r,-3.5808414497031174,9.100973599359545,19.754855352804462,99.0,P48
146,2458839.5729861,r,43.24045311116662,116.56986217134605,16.98610928172387,99.0,P48
147,2458851.603044,r,-46.27108789724318,43.75912815137228,18.04990333763468,99.0,P48
148,2458854.6097685,r,7.497405588274941,16.074675370772873,19.137219461468774,99.0,P48
149,2458860.6321875,r,5.706438433708742,17.303836266993244,19.05721899652749,99.0,P48
150,2458863.5933449,r,12.172392548637667,10.188046712244677,19.632347670313713,99.0,P48
151,2458872.6001389003,r,10.686188424425529,5.977549256966318,20.211267080331147,99.0,P48
152,2458872.6001389003,r,10.686188424425529,5.977549256966318,20.211267080331147,99.0,P48
153,2458872.6001389003,r,10.686188424425529,5.977549256966318,20.211267080331147,99.0,P48
154,2458872.6001389003,r,10.686188424425529,5.977549256966318,20.211267080331147,99.0,P48
155,2458873.5939815,r,9.59672668943029,12.246195756519043,19.432571995682977,99.0,P48
156,2458874.6015509334,r,17.206696328316788,12.181020575702098,19.438365797188865,99.0,P48
157,2458874.6015509334,r,17.206696328316788,12.181020575702098,19.438365797188865,99.0,P48
158,2458874.6015509334,r,17.206696328316788,12.181020575702098,19.438365797188865,99.0,P48
159,2458876.6004861,r,13.495785111052438,39.7065019419365,18.15542091832919,99.0,P48
160,2458876.6004861,r,13.495785111052438,39.7065019419365,18.15542091832919,99.0,P48
161,2458878.59631945,r,-13.434754602024245,20.05449454256527,18.897045688130326,99.0,P48
162,2458878.59631945,r,-13.434754602024245,20.05449454256527,18.897045688130326,99.0,P48
163,2459014.9754861,r,1.7164597286491208,6.019029075575242,20.20375888606837,99.0,P48
164,2459018.9660764,r,10.15362566870957,3.4043759686824266,20.822481198681103,99.0,P48
165,2459022.9779861,r,-3.426323155870948,4.626791597236502,20.48937514369989,99.0,P48
166,2459027.98274305,r,-0.9806542324736731,4.583428089031438,20.49959893429717,99.0,P48
167,2459027.98274305,r,-0.9806542324736731,4.583428089031438,20.49959893429717,99.0,P48
168,2459031.9797801003,r,0.695095219884729,4.267911337076788,20.57703651746764,99.0,P48
169,2459034.8773264,r,2.8550421685766123,9.797729855597652,19.67476133701968,99.0,P48
170,2459037.957963,r,7.080105564712042,8.475870668843859,19.832114185909443,99.0,P48
171,2459040.8793287002,r,3.666350746625195,8.205331261253558,19.867334692039876,99.0,P48
172,2459043.8818056,r,2.6825340972268665,5.024556680154402,20.39983061490177,99.0,P48
173,2459046.9158950667,r,4.04777654841368,1.9653956492277644,21.418950013348194,99.0,P48
174,2459046.9158950667,r,4.04777654841368,1.9653956492277644,21.418950013348194,99.0,P48
175,2459046.9158950667,r,4.04777654841368,1.9653956492277644,21.418950013348194,99.0,P48
176,2459049.9034606004,r,12.636125642659298,4.049774368153793,21.14603078352789,0.34789382449554285,P48
177,2459054.8953472,r,1.9485657384213697,3.590463906251576,20.764698575994785,99.0,P48
178,2459055.9527199,r,3.42023198652089,2.4921018673308684,21.161160512655727,99.0,P48
179,2459055.9527199,r,3.42023198652089,2.4921018673308684,21.161160512655727,99.0,P48
180,2459059.9393171,r,9.585656448567434,4.242502997801605,20.583519594491662,99.0,P48
181,2459060.9213078497,r,3.7753955828223034,2.0989889134729265,21.34754962737552,99.0,P48
182,2459060.9213078497,r,3.7753955828223034,2.0989889134729265,21.34754962737552,99.0,P48
183,2459061.83127895,r,-1.8766075093787329,3.6934227977725413,20.734002425265743,99.0,P48
184,2459061.83127895,r,-1.8766075093787329,3.6934227977725413,20.734002425265743,99.0,P48
185,2459062.9641667004,r,4.614070470932784,4.639229625180052,20.486460316496085,99.0,P48
186,2459063.8712847,r,8.627510939458153,7.009822970156041,20.03830736366384,99.0,P48
187,2459063.8712847,r,8.627510939458153,7.009822970156041,20.03830736366384,99.0,P48
188,2459064.87880205,r,-5.911214420461448,8.660809365715593,19.80867879068721,99.0,P48
189,2459064.87880205,r,-5.911214420461448,8.660809365715593,19.80867879068721,99.0,P48
190,2459065.9193808,r,-0.34325698223356016,9.786501436560266,19.676006328689255,99.0,P48
191,2459065.9193808,r,-0.34325698223356016,9.786501436560266,19.676006328689255,99.0,P48
192,2459066.9427314997,r,-3.2393960062124063,12.179650194307872,19.438487950861038,99.0,P48
193,2459069.9044792005,r,5.698920215300871,6.288012419156935,20.156291512193057,99.0,P48
194,2459071.8905208497,r,2.5051464371183663,2.7956078996575466,21.036384341644293,99.0,P48
195,2459071.8905208497,r,2.5051464371183663,2.7956078996575466,21.036384341644293,99.0,P48
196,2459072.9612616003,r,-1.7273176109093407,4.429166228712405,20.536770039487898,99.0,P48
197,2459075.8291088,r,8.877688226341103,4.558985697496178,20.50540441483416,99.0,P48
198,2459076.8384837997,r,2.681738102293772,10.240151621598077,19.626809021404203,99.0,P48
199,2459078.83456595,r,10.149639256679349,3.5386167673406,20.780491161572556,99.0,P48
200,2459078.83456595,r,10.149639256679349,3.5386167673406,20.780491161572556,99.0,P48
201,2459081.872066,r,5.353848338007598,3.1111834002059626,20.920260956767684,99.0,P48
202,2459081.872066,r,5.353848338007598,3.1111834002059626,20.920260956767684,99.0,P48
203,2459084.8085417002,r,8.676472397309523,4.643124447818399,20.485549179048736,99.0,P48
204,2459087.8732233504,r,4.668516971700941,3.248931324944227,20.87322366056126,99.0,P48
205,2459087.8732233504,r,4.668516971700941,3.248931324944227,20.87322366056126,99.0,P48
206,2459095.875,r,6.5869504214685595,19.0123590108953,18.95498497292312,99.0,P48
207,2459096.8645023,r,18.279773216033472,11.71735850859824,19.480500694263082,99.0,P48
208,2459097.7894097,r,12.218056355243549,12.023429371065273,19.45250409775737,99.0,P48
209,2459098.830115733,r,5.593073040577075,5.194408283168768,20.363734783147315,99.0,P48
210,2459098.830115733,r,5.593073040577075,5.194408283168768,20.363734783147315,99.0,P48
211,2459098.830115733,r,5.593073040577075,5.194408283168768,20.363734783147315,99.0,P48
212,2459099.81876735,r,3.781014159506033,5.644858044704362,20.273442426951576,99.0,P48
213,2459099.81876735,r,3.781014159506033,5.644858044704362,20.273442426951576,99.0,P48
214,2459106.84752315,r,4.12854983403509,4.664155826870649,20.48064236032954,99.0,P48
215,2459106.84752315,r,4.12854983403509,4.664155826870649,20.48064236032954,99.0,P48
216,2459107.7763426,r,11.099733902473105,6.029464170178923,20.201878192339606,99.0,P48
217,2459109.73646415,r,7.365012948771818,3.7988101924970237,20.703456002713594,99.0,P48
218,2459109.73646415,r,7.365012948771818,3.7988101924970237,20.703456002713594,99.0,P48
219,2459110.7726215,r,1.7214911000721482,5.7900365042182695,20.245871734620906,99.0,P48
220,2459110.7726215,r,1.7214911000721482,5.7900365042182695,20.245871734620906,99.0,P48
221,2459112.8412037003,r,9.470390938156728,3.8549024470748727,20.687541508700388,99.0,P48
222,2459113.761365733,r,5.893324223886764,2.6232543425544526,21.105473987986365,99.0,P48
223,2459113.761365733,r,5.893324223886764,2.6232543425544526,21.105473987986365,99.0,P48
224,2459113.761365733,r,5.893324223886764,2.6232543425544526,21.105473987986365,99.0,P48
225,2459116.8173843,r,3.2267666969337534,3.868678516891238,20.683668384643006,99.0,P48
226,2459117.8451273497,r,11.780513999641878,3.205488877244861,21.22215502299276,0.2953655652338322,P48
227,2459117.8451273497,r,11.780513999641878,3.205488877244861,21.22215502299276,0.2953655652338322,P48
228,2459118.7488078997,r,6.524112391065938,5.835212224250316,20.237433349712582,99.0,P48
229,2459123.8291435,r,6.979104476381149,23.404893225473604,18.729308328683675,99.0,P48
230,2459124.79028355,r,6.311360342057119,9.825070122337326,19.671735842524633,99.0,P48
231,2459124.79028355,r,6.311360342057119,9.825070122337326,19.671735842524633,99.0,P48
232,2459125.77341435,r,5.709658167751329,6.670409384298108,20.09219376723003,99.0,P48
233,2459125.77341435,r,5.709658167751329,6.670409384298108,20.09219376723003,99.0,P48
234,2459126.835434,r,7.913403897787454,7.648073171916908,19.943694903304262,99.0,P48
235,2459126.835434,r,7.913403897787454,7.648073171916908,19.943694903304262,99.0,P48
236,2459127.7896913667,r,3.9381295291747227,26.04278082178392,18.61335659941617,99.0,P48
237,2459127.7896913667,r,3.9381295291747227,26.04278082178392,18.61335659941617,99.0,P48
238,2459127.7896913667,r,3.9381295291747227,26.04278082178392,18.61335659941617,99.0,P48
239,2459128.7362731,r,8.379030039494484,7.3735138631897,19.983388736366393,99.0,P48
240,2459129.7245080997,r,6.3673262775889325,3.6296722823223666,20.752906451641316,99.0,P48
241,2459129.7245080997,r,6.3673262775889325,3.6296722823223666,20.752906451641316,99.0,P48
242,2459130.6959953997,r,11.041284210685431,4.300997073900012,20.568652121434056,99.0,P48
243,2459134.7016666504,r,92.92137939271822,3.917303195879858,18.979776501882114,0.04576161747616945,P48
244,2459134.7016666504,r,92.92137939271822,3.917303195879858,18.979776501882114,0.04576161747616945,P48
245,2459135.7547106002,r,86.54701369547088,5.442764316967383,19.056935404432885,0.06826487031495662,P48
246,2459136.69414935,r,87.61754880537596,3.662589351324704,19.043587874383356,0.045376078138116394,P48
247,2459136.69414935,r,87.61754880537596,3.662589351324704,19.043587874383356,0.045376078138116394,P48
248,2459138.7851504497,r,65.27355218931861,5.117774304491934,19.363222503126853,0.08510865153183854,P48
249,2459138.7851504497,r,65.27355218931861,5.117774304491934,19.363222503126853,0.08510865153183854,P48
250,2459139.7319097,r,64.65990017722298,5.250830212284548,19.37347804776547,0.08815009271298987,P48
251,2459141.6740162005,r,57.396444172778956,5.89203667845709,19.502853152784475,0.11143209142385284,P48
252,2459143.726169,r,44.863877493332325,4.32167588452581,19.770323607146103,0.10456472856921405,P48
253,2459144.7080556,r,47.60703869948426,4.747360838249256,19.70588770254215,0.10824576219598793,P48
254,2459145.6714815,r,44.31440125733476,5.006330210453617,19.7837034077285,0.12263217575455618,P48
255,2459146.6895139,r,53.54479343954401,6.055185792856503,19.578272503475894,0.12275524389812098,P48
256,2459146.6895139,r,53.54479343954401,6.055185792856503,19.578272503475894,0.12275524389812098,P48
257,2459147.7757176002,r,42.14255632967744,17.237684965263767,19.061377640879314,99.0,P48
258,2459149.69306715,r,52.52901931041597,11.615984852528124,19.59906739021785,0.24004163266225326,P48
259,2459149.69306715,r,52.52901931041597,11.615984852528124,19.59906739021785,0.24004163266225326,P48
260,2459151.71760415,r,48.154281857041745,7.496843084734939,19.69347834616427,0.16899479868974013,P48
261,2459151.71760415,r,48.154281857041745,7.496843084734939,19.69347834616427,0.16899479868974013,P48
262,2458252.9617939997,g,-0.17922236349750717,7.173488831154588,20.01324892300142,99.0,P48
263,2458262.9696643995,g,4.183591145813387,5.758917280926956,20.251722887858183,99.0,P48
264,2458267.9642477003,g,16.410401557620403,19.256504148710277,18.941131370289263,99.0,P48
265,2458270.974537,g,0.11012627741826256,15.76100856825051,19.15861497632514,99.0,P48
266,2458273.9783912003,g,0.920927866258233,12.225378175041655,19.43441923341447,99.0,P48
267,2458276.9006828996,g,-4.638329813030015,9.538597393720652,19.703863693110172,99.0,P48
268,2458279.9611921003,g,-2.220400385423658,5.737338320766542,20.255798838608545,99.0,P48
269,2458282.9336227,g,9.350698056904603,5.356012225348997,20.330471090063412,99.0,P48
270,2458285.9424769,g,2.987522941701099,3.222240092091339,20.88218024672844,99.0,P48
271,2458288.9220486,g,5.894484303833724,6.529235720317233,20.115419119385244,99.0,P48
272,2458291.9423148,g,3.7361284044519456,3.9216851392141985,20.66889318295893,99.0,P48
273,2458295.9443171,g,1.1684568934220627,8.787229163859875,19.792945107661744,99.0,P48
274,2458298.9607755,g,4.203736861005073,17.828746744096048,19.024772949400614,99.0,P48
275,2458300.9844444,g,-8.810406249188224,15.571742027755374,19.171731988452294,99.0,P48
276,2458301.9624884,g,10.202754745324055,11.435572965177881,19.50693016597637,99.0,P48
277,2458304.9413657,g,4.791392469469172,6.326883685054418,20.149600363263133,99.0,P48
278,2458319.9164815,g,3.6513816235242014,3.455933825075334,20.806161444341726,99.0,P48
279,2458322.9563657003,g,-1.5883340588094368,3.9330899262145986,20.665740298566362,99.0,P48
280,2458325.9192244997,g,-10.651085177850884,16.514104441640576,19.107937421869075,99.0,P48
281,2458337.89586805,g,0.48100031558514467,3.3371049139650633,20.84415033794111,99.0,P48
282,2458337.89586805,g,0.48100031558514467,3.3371049139650633,20.84415033794111,99.0,P48
283,2458338.8838889,g,7.255733172068848,5.361228348800112,20.329414225754476,99.0,P48
284,2458340.8723494997,g,-10.804675061832599,11.471234227749449,19.50354962019929,99.0,P48
285,2458343.8790278,g,-2.7894035967888544,4.2479180879149006,20.582134654893053,99.0,P48
286,2458344.883125,g,9.37943143518407,3.8720503739345817,20.68272249245316,99.0,P48
287,2458346.8519444,g,-2.488075153890846,3.877210742465959,20.681276470777433,99.0,P48
288,2458348.8707639,g,0.12980849544516365,4.141787415668468,20.6096054786062,99.0,P48
289,2458349.8579167,g,0.4622081885517711,3.901493242986121,20.67449784142091,99.0,P48
290,2458360.8826619997,g,3.8430707214075666,11.814948180251298,19.471495436211107,99.0,P48
291,2458362.7651852,g,3.407032958602296,8.00393000440219,19.894316784137953,99.0,P48
292,2458363.8671644,g,-7.478262095484555,5.726975075755465,20.257761756575434,99.0,P48
293,2458365.811169,g,11.80905621953171,3.757439415702988,21.219527646882618,0.3453875068356084,P48
294,2458368.8625694,g,-0.471420802698868,4.064808293733536,20.629974819093004,99.0,P48
295,2458369.8063946497,g,1.0155312328886672,2.375455757649344,21.213207623686003,99.0,P48
296,2458369.8063946497,g,1.0155312328886672,2.375455757649344,21.213207623686003,99.0,P48
297,2458371.8390741,g,7.25788208990673,3.623111363254066,20.754870781382863,99.0,P48
298,2458372.7913542003,g,3.5043185438693736,3.077680945133468,20.932015999925834,99.0,P48
299,2458374.775544,g,7.123107009863222,4.340216189473695,20.558796582684515,99.0,P48
300,2458377.7522917003,g,-1.0131621225829135,4.326579062048307,20.562213378573766,99.0,P48
301,2458382.767037,g,0.18929765121578346,7.819574549885455,19.919617178014015,99.0,P48
302,2458390.8476042002,g,-6.481602770514546,6.818385619172501,20.068371090524543,99.0,P48
303,2458400.7529514,g,4.352950897357808,3.2324359853735465,20.8787501568058,99.0,P48
304,2458426.7050347,g,5.185718890260776,8.702472725515028,19.803468312077783,99.0,P48
305,2458429.6875694,g,3.186637187613039,4.198379523172377,20.594870751227766,99.0,P48
306,2458433.6658796,g,3.586372542372017,8.095494444402975,19.881966541452506,99.0,P48
307,2458436.6599653,g,1.2571467008492445,9.281488624047938,19.733530897383844,99.0,P48
308,2458441.7408102,g,14.87044096746076,16.29074060867809,19.122722917592057,99.0,P48
309,2458469.6421991,g,9.485737972982117,9.471130701887171,19.711570414334744,99.0,P48
310,2458472.6516898,g,1.4714506981087698,16.0425485800474,19.139391581420412,99.0,P48
311,2458482.6088079,g,4.992635367341176,8.744026706070228,19.798296300737327,99.0,P48
312,2458488.6309028,g,7.084853263086586,6.648963781646898,20.09569007100683,99.0,P48
313,2458647.9683796,g,33.10263703017879,40.58850545762504,18.13156733890667,99.0,P48
314,2458668.9478125,g,11.81850070597126,4.143774980636198,20.609084579436548,99.0,P48
315,2458681.9822454,g,-4.844456788869905,13.850473682708364,19.298913423119323,99.0,P48
316,2458684.9001273,g,-13.287104243231832,14.689625846298608,19.235048153693377,99.0,P48
317,2458688.9679167005,g,9.067300819324142,7.552697797126063,19.95731971964736,99.0,P48
318,2458694.9251157003,g,5.505238950262957,3.062162182812979,20.937504517346888,99.0,P48
319,2458695.9007697,g,-4.077139688471921,2.498786167429972,21.1582522562854,99.0,P48
320,2458695.9007697,g,-4.077139688471921,2.498786167429972,21.1582522562854,99.0,P48
321,2458700.874375,g,10.062670929674201,4.149417024754494,20.60760727793209,99.0,P48
322,2458704.8775462997,g,5.221079704030406,4.712682648229274,20.469404500711043,99.0,P48
323,2458707.9324768996,g,6.655926594543681,5.467311737199736,20.308140395758187,99.0,P48
324,2458710.9646759,g,0.7322420560469814,21.447065494990017,18.824155294072185,99.0,P48
325,2458713.9424074,g,16.131698730888203,18.258753997403478,18.99889714577481,99.0,P48
326,2458725.826068667,g,3.4294980593710673,2.121356927663317,21.33604062259134,99.0,P48
327,2458725.826068667,g,3.4294980593710673,2.121356927663317,21.33604062259134,99.0,P48
328,2458725.826068667,g,3.4294980593710673,2.121356927663317,21.33604062259134,99.0,P48
329,2458728.8000116,g,11.932246111569011,5.388251002671711,20.323955443147177,99.0,P48
330,2458733.8160532,g,11.084579979559692,4.88634388837572,20.430114918542436,99.0,P48
331,2458736.8125347,g,0.6920488473602123,9.676975503865531,19.688225884945815,99.0,P48
332,2458741.708588,g,4.123365214211746,19.844413649601897,18.90847931123648,99.0,P48
333,2458747.7961806,g,6.307986540815469,5.467113412171635,20.30817978121474,99.0,P48
334,2458754.7732407004,g,5.369027642805814,4.106704984542447,20.61884122580913,99.0,P48
335,2458766.7399073998,g,3.897557096203971,15.503373288745577,19.17650947900906,99.0,P48
336,2458769.7524074,g,17.71573804455096,20.26876417291031,18.885506814917264,99.0,P48
337,2458772.7706308,g,-1.2726975769256867,10.541452533908869,19.59532384527088,99.0,P48
338,2458772.7706308,g,-1.2726975769256867,10.541452533908869,19.59532384527088,99.0,P48
339,2458775.6836921,g,6.811919859124725,3.838544411850547,20.69215856479286,99.0,P48
340,2458778.6870023003,g,2.2270305574699862,3.4115347507259735,20.820200490489725,99.0,P48
341,2458778.6870023003,g,2.2270305574699862,3.4115347507259735,20.820200490489725,99.0,P48
342,2458781.6838426003,g,4.759470936758278,7.140839991484832,20.018201734856223,99.0,P48
343,2458785.7200463,g,8.802453795420686,4.941263861530885,20.417979875005543,99.0,P48
344,2458786.6938137,g,-2.9443631894240587,4.2468038203534695,20.58241949073659,99.0,P48
345,2458786.6938137,g,-2.9443631894240587,4.2468038203534695,20.58241949073659,99.0,P48
346,2458791.6902778,g,6.265206872250774,7.29991190671536,19.99428094113904,99.0,P48
347,2458794.6700810003,g,2.443280246750559,11.978174817024986,19.45659837125607,99.0,P48
348,2458797.6720717996,g,6.263146037815202,14.015175207380166,19.286078660761362,99.0,P48
349,2458800.6758796,g,6.337076490750519,14.487793089618103,19.250069401948025,99.0,P48
350,2458811.5854051,g,8.086849279264335,5.721679944196517,20.258766087030395,99.0,P48
351,2458814.6251389,g,1.745666241105238,15.832085622225758,19.153729664328637,99.0,P48
352,2458820.6289468,g,21.707472605691912,18.141830569533635,19.005872222518384,99.0,P48
353,2458829.5868403,g,20.460391103297248,18.397512142800313,18.990677243552504,99.0,P48
354,2458833.6087384,g,8.305948421267933,6.646125082695161,20.096153712627366,99.0,P48
355,2458836.6074653,g,0.840471158530665,6.134196979378576,20.183180694668984,99.0,P48
356,2458851.6236806,g,48.73942549381069,42.48184333165302,18.082066606723792,99.0,P48
357,2458863.6104977,g,-0.9540278868320199,8.390429396862066,19.843114520963113,99.0,P48
358,2458873.6111806,g,6.63075857876475,9.873373438185434,19.666411080313676,99.0,P48
359,2458998.9499884,g,4.946725281231441,4.163196227308396,20.604007785850754,99.0,P48
360,2459022.8863889,g,4.381785977998584,5.568057234974146,20.28831576213569,99.0,P48
361,2459028.8833796,g,4.252896817029485,5.6294021376537575,20.276419304920225,99.0,P48
362,2459031.8413772997,g,5.320277684935685,12.735479057423529,19.39003677412004,99.0,P48
363,2459034.9605324,g,6.855348305346405,10.420531269133576,19.607850336335776,99.0,P48
364,2459043.8584491,g,1.0403775691656236,5.892416627516784,20.22684137326729,99.0,P48
365,2459046.9608681,g,5.623662844202434,3.770532245544131,20.711568341107345,99.0,P48
366,2459047.9553008997,g,-0.6237132215504035,3.3551086978514872,20.838308501956746,99.0,P48
367,2459049.9415856004,g,2.653196450622225,4.053248088704905,20.63306702270102,99.0,P48
368,2459053.90403935,g,3.8219303850812527,2.3269478476776304,21.235608364548234,99.0,P48
369,2459053.90403935,g,3.8219303850812527,2.3269478476776304,21.235608364548234,99.0,P48
370,2459055.9131983,g,3.7430052512765983,2.38060687813973,21.21085577905039,99.0,P48
371,2459055.9131983,g,3.7430052512765983,2.38060687813973,21.21085577905039,99.0,P48
372,2459055.9131983,g,3.7430052512765983,2.38060687813973,21.21085577905039,99.0,P48
373,2459056.9306191998,g,7.484803472904857,2.674534190245945,21.08445460384761,99.0,P48
374,2459056.9306191998,g,7.484803472904857,2.674534190245945,21.08445460384761,99.0,P48
375,2459059.911141967,g,3.2538121060115888,2.0678481036532403,21.363778404275443,99.0,P48
376,2459059.911141967,g,3.2538121060115888,2.0678481036532403,21.363778404275443,99.0,P48
377,2459059.911141967,g,3.2538121060115888,2.0678481036532403,21.363778404275443,99.0,P48
378,2459060.8731944,g,7.314567403891362,5.006444641314251,20.403751443351723,99.0,P48
379,2459062.8905323995,g,-3.0220004805607705,10.023424013918165,19.650034733152246,99.0,P48
380,2459066.8771142005,g,-8.751674593511808,8.945772037068073,19.77353042176734,99.0,P48
381,2459066.8771142005,g,-8.751674593511808,8.945772037068073,19.77353042176734,99.0,P48
382,2459066.8771142005,g,-8.751674593511808,8.945772037068073,19.77353042176734,99.0,P48
383,2459067.8725347,g,7.795429053606986,7.886446057450375,19.91037164633203,99.0,P48
384,2459067.8725347,g,7.795429053606986,7.886446057450375,19.91037164633203,99.0,P48
385,2459069.8364236,g,2.915105755825422,7.424504601008308,19.975906287360623,99.0,P48
386,2459071.9696412003,g,-0.5235961181386317,3.9395756282030523,20.663951383996952,99.0,P48
387,2459071.9696412003,g,-0.5235961181386317,3.9395756282030523,20.663951383996952,99.0,P48
388,2459072.8571412005,g,11.135153047702188,6.471129865667323,20.12512470032273,99.0,P48
389,2459073.8524363497,g,-2.8505719347348033,3.2960423494960045,20.85759303132855,99.0,P48
390,2459073.8524363497,g,-2.8505719347348033,3.2960423494960045,20.85759303132855,99.0,P48
391,2459075.875185175,g,4.095770918232083,2.0939242852311875,21.350172554519215,99.0,P48
392,2459075.875185175,g,4.095770918232083,2.0939242852311875,21.350172554519215,99.0,P48
393,2459075.875185175,g,4.095770918232083,2.0939242852311875,21.350172554519215,99.0,P48
394,2459075.875185175,g,4.095770918232083,2.0939242852311875,21.350172554519215,99.0,P48
395,2459077.85978585,g,-1.2370336794735417,2.4611072683770505,21.1747486316106,99.0,P48
396,2459077.85978585,g,-1.2370336794735417,2.4611072683770505,21.1747486316106,99.0,P48
397,2459078.8934375006,g,9.44300047845764,2.7513506894322526,21.46229059305478,0.3162756562590497,P48
398,2459078.8934375006,g,9.44300047845764,2.7513506894322526,21.46229059305478,0.3162756562590497,P48
399,2459078.8934375006,g,9.44300047845764,2.7513506894322526,21.46229059305478,0.3162756562590497,P48
400,2459079.8490046,g,3.007292560866644,2.7638041044689614,21.048806845518833,99.0,P48
401,2459079.8490046,g,3.007292560866644,2.7638041044689614,21.048806845518833,99.0,P48
402,2459080.9314352004,g,2.303463773567884,3.534560244975444,20.781736518128028,99.0,P48
403,2459080.9314352004,g,2.303463773567884,3.534560244975444,20.781736518128028,99.0,P48
404,2459081.846325225,g,0.4217400634999812,2.3508541735756165,21.224510763833415,99.0,P48
405,2459081.846325225,g,0.4217400634999812,2.3508541735756165,21.224510763833415,99.0,P48
406,2459081.846325225,g,0.4217400634999812,2.3508541735756165,21.224510763833415,99.0,P48
407,2459081.846325225,g,0.4217400634999812,2.3508541735756165,21.224510763833415,99.0,P48
408,2459082.8671701495,g,-26.275411522134124,16.586504730792115,19.10318779686274,99.0,P48
409,2459082.8671701495,g,-26.275411522134124,16.586504730792115,19.10318779686274,99.0,P48
410,2459085.8739467496,g,-0.3938495540927088,2.8449924516447123,21.017372193011838,99.0,P48
411,2459085.8739467496,g,-0.3938495540927088,2.8449924516447123,21.017372193011838,99.0,P48
412,2459087.8501447,g,2.1072007195151903,3.2355243128594964,20.877713320132763,99.0,P48
413,2459087.8501447,g,2.1072007195151903,3.2355243128594964,20.877713320132763,99.0,P48
414,2459088.7879398,g,-3.4440547332809253,6.287327943251512,20.156409705458785,99.0,P48
415,2459088.7879398,g,-3.4440547332809253,6.287327943251512,20.156409705458785,99.0,P48
416,2459089.7853202,g,-3.2318225902526505,5.316555324611955,20.338499145287848,99.0,P48
417,2459089.7853202,g,-3.2318225902526505,5.316555324611955,20.338499145287848,99.0,P48
418,2459089.7853202,g,-3.2318225902526505,5.316555324611955,20.338499145287848,99.0,P48
419,2459090.8455323996,g,6.715401723918338,9.836200147373214,19.67050659616706,99.0,P48
420,2459091.8212268995,g,13.443230546219016,11.223459415133275,19.52725813800587,99.0,P48
421,2459092.8557407,g,-0.8162471773212447,13.398086422775243,19.33496805208641,99.0,P48
422,2459095.8138079,g,-13.403249840416441,19.959362179941174,18.90220834194163,99.0,P48
423,2459099.8777662003,g,14.160935126319547,9.915403224594783,19.661799038833955,99.0,P48
424,2459106.8084606663,g,7.914417400942848,4.376423846701187,20.549776549671,99.0,P48
425,2459106.8084606663,g,7.914417400942848,4.376423846701187,20.549776549671,99.0,P48
426,2459106.8084606663,g,7.914417400942848,4.376423846701187,20.549776549671,99.0,P48
427,2459107.8187037003,g,9.042917509042022,5.8094438119001675,20.24223860008821,99.0,P48
428,2459108.8079398,g,4.313104905933949,5.425585315099348,20.31645849672685,99.0,P48
429,2459109.8030845,g,6.229760204163497,4.341714471701512,20.558421841318953,99.0,P48
430,2459109.8030845,g,6.229760204163497,4.341714471701512,20.558421841318953,99.0,P48
431,2459110.8233332997,g,8.028568110441208,6.354121413165646,20.144936216723405,99.0,P48
432,2459111.8298843,g,8.175353165295876,5.249825544180963,20.352212809910966,99.0,P48
433,2459112.79755785,g,5.192728405236909,2.858570328881061,21.012202785287084,99.0,P48
434,2459112.79755785,g,5.192728405236909,2.858570328881061,21.012202785287084,99.0,P48
435,2459113.8687153,g,11.119485353231328,3.44117397419794,21.284853904487285,0.3359323053477791,P48
436,2459113.8687153,g,11.119485353231328,3.44117397419794,21.284853904487285,0.3359323053477791,P48
437,2459114.74649305,g,5.9661395456454045,3.1521074923914054,20.906072440976857,99.0,P48
438,2459114.74649305,g,5.9661395456454045,3.1521074923914054,20.906072440976857,99.0,P48
439,2459115.7496644,g,6.1175700746657,5.065744481657485,20.390966789146226,99.0,P48
440,2459116.7601041505,g,2.6158474747845295,3.6117822959677746,20.758271076992404,99.0,P48
441,2459116.7601041505,g,2.6158474747845295,3.6117822959677746,20.758271076992404,99.0,P48
442,2459117.800933633,g,6.398226531483407,2.5238658342120943,21.147409327676257,99.0,P48
443,2459117.800933633,g,6.398226531483407,2.5238658342120943,21.147409327676257,99.0,P48
444,2459117.800933633,g,6.398226531483407,2.5238658342120943,21.147409327676257,99.0,P48
445,2459119.7210185,g,8.560044047599431,9.544794481150912,19.703158535194042,99.0,P48
446,2459121.8283332996,g,14.577351803810485,15.305812043181577,19.190434049537714,99.0,P48
447,2459122.7973032002,g,24.94836792706385,21.288987912089546,18.832187450717107,99.0,P48
448,2459123.6907639,g,-15.033008447154474,24.292261625642773,18.688905114681802,99.0,P48
449,2459124.6562037,g,8.055342469476836,19.41683201879797,18.932129055635116,99.0,P48
450,2459125.744807067,g,14.137885051142934,7.019266037022649,20.036845731889436,99.0,P48
451,2459125.744807067,g,14.137885051142934,7.019266037022649,20.036845731889436,99.0,P48
452,2459125.744807067,g,14.137885051142934,7.019266037022649,20.036845731889436,99.0,P48
453,2459126.7556366003,g,5.196364791623845,11.845003983832205,19.46873696134709,99.0,P48
454,2459127.7019618005,g,-31.22121536594989,28.09043139599274,18.53117896694272,99.0,P48
455,2459127.7019618005,g,-31.22121536594989,28.09043139599274,18.53117896694272,99.0,P48
456,2459128.7817708,g,9.293669817269329,9.327967515060744,19.72810742672639,99.0,P48
457,2459129.7947395495,g,14.250633745151102,5.193325791449265,20.363961069351223,99.0,P48
458,2459129.7947395495,g,14.250633745151102,5.193325791449265,20.363961069351223,99.0,P48
459,2459130.7406366,g,4.835790103899056,5.0292084089423,20.39882590658098,99.0,P48
460,2459131.7556771,g,9.638988628179666,3.4987070674169285,20.792806033445693,99.0,P48
461,2459131.7556771,g,9.638988628179666,3.4987070674169285,20.792806033445693,99.0,P48
462,2459134.7336168503,g,122.53991698009311,3.893827029887854,18.679371667870566,0.034492835845726176,P48
463,2459134.7336168503,g,122.53991698009311,3.893827029887854,18.679371667870566,0.034492835845726176,P48
464,2459135.7338426,g,104.0278720645128,4.866602928515014,18.85719133504308,0.05078155857717618,P48
465,2459136.72914935,g,92.52565847480473,3.387836982955004,18.984410161007926,0.0397456997941718,P48
466,2459136.72914935,g,92.52565847480473,3.387836982955004,18.984410161007926,0.0397456997941718,P48
467,2459137.7336806,g,79.00089135728034,6.303469239454441,19.155985643759784,0.08661188173792966,P48
468,2459138.7206365503,g,68.67340543338638,4.040501724996749,19.308094162080625,0.06386700346087225,P48
469,2459138.7206365503,g,68.67340543338638,4.040501724996749,19.308094162080625,0.06386700346087225,P48
470,2459139.6940856003,g,53.835087506600466,4.651431769208647,19.57240206399137,0.09378881728123754,P48
471,2459141.7123495,g,42.34921461493125,4.923658747348564,19.83295222089076,0.12620379430513654,P48
472,2459143.7078472,g,35.81018743860307,4.525805725382689,20.015049136749266,0.13718895281757149,P48
473,2459144.6861227,g,41.30683685319631,7.9211062673915,19.860010773899056,0.2081582979546916,P48
474,2459145.7516319,g,35.12301687911794,4.800332858873446,20.036086091264146,0.14835745278490398,P48
475,2459146.81646415,g,6.4906820199522794,41.338594532983045,18.11168572164816,99.0,P48
476,2459146.81646415,g,6.4906820199522794,41.338594532983045,18.11168572164816,99.0,P48
477,2459149.7446411997,g,37.058883468147805,14.293612606906768,19.264719970548573,99.0,P48
478,2459149.7446411997,g,37.058883468147805,14.293612606906768,19.264719970548573,99.0,P48
479,2459151.75345485,g,33.69984727257229,10.776119353603082,20.08099579064019,0.3471077320832998,P48
480,2459151.75345485,g,33.69984727257229,10.776119353603082,20.08099579064019,0.3471077320832998,P48
481,2458280.8818403,i,-6.18091106436245,8.995299329327452,19.767535940186086,99.0,P48
482,2458285.9639582997,i,2.1001089518649536,5.878936220495779,20.22932811757694,99.0,P48
483,2458295.8405787004,i,7.6400347260281976,15.601385182126528,19.169667090990558,99.0,P48
484,2458299.8152778,i,15.790476999050496,20.592870811776187,18.86828275170624,99.0,P48
485,2458303.8807755,i,-22.10052038173422,11.759002598334318,19.476648773332137,99.0,P48
486,2458307.9374884,i,-9.071474393280248,6.87210535962322,20.059850466019256,99.0,P48
487,2458312.8847917,i,-11.077335205031341,6.460009754628613,20.126992054707003,99.0,P48
488,2458316.9827893996,i,3.407291816977186,5.06900674206422,20.39026781701024,99.0,P48
489,2458321.8657755,i,-7.314489328507366,9.913947781117185,19.661958421526812,99.0,P48
490,2458337.9417014,i,-9.784578605220936,6.930825749995902,20.050612538524163,99.0,P48
491,2458342.8773727003,i,5.118378508919682,10.459807305637108,19.603765779473626,99.0,P48
492,2458347.8775810003,i,5.700031357633295,8.020303357160701,19.892098001164836,99.0,P48
493,2458351.8529398004,i,0.4485408531770868,4.301012492557598,20.56864822918198,99.0,P48
494,2458351.8529398004,i,0.4485408531770868,4.301012492557598,20.56864822918198,99.0,P48
495,2458361.86711805,i,-8.821284011081438,6.505966428713238,20.11929544426317,99.0,P48
496,2458361.86711805,i,-8.821284011081438,6.505966428713238,20.11929544426317,99.0,P48
497,2458365.8229687503,i,-11.393182424215409,6.864227472238414,20.061095821470836,99.0,P48
498,2458365.8229687503,i,-11.393182424215409,6.864227472238414,20.061095821470836,99.0,P48
499,2458369.8394792005,i,-0.3629048205159688,7.59886375770727,19.950703344197876,99.0,P48
500,2458373.8391667004,i,-10.019982968519834,7.861478418356768,19.913814422866388,99.0,P48
501,2458377.8183333,i,0.6035265316709445,5.5629274520702205,20.289316498651324,99.0,P48
502,2458397.8313542004,i,-4.368727994620182,6.433593115868882,20.13144101153145,99.0,P48
503,2458426.7838889,i,-12.718581146823318,10.845938744084549,19.56440712093727,99.0,P48
504,2458430.7195369997,i,-1.3412337867418342,9.317163687924348,19.729365675591147,99.0,P48
505,2458434.7196528,i,-8.61005729587396,11.627945740560538,19.488817497768927,99.0,P48
506,2458668.9803241002,i,-1.3798901827735073,7.574823103710004,19.954143751332897,99.0,P48
507,2458670.9062384,i,-4.39674141646592,6.084861554863118,20.19194823555616,99.0,P48
508,2458676.9470718,i,-9.457865046834987,7.4814769312730505,19.967606636281673,99.0,P48
509,2458682.95167245,i,-7.322579120060344,7.34453779457431,19.987663814093416,99.0,P48
510,2458682.95167245,i,-7.322579120060344,7.34453779457431,19.987663814093416,99.0,P48
511,2458686.9443981005,i,-2.4867518052561057,10.933741178811083,19.555653016282754,99.0,P48
512,2458690.8184375,i,-8.448358281393865,7.564961178156318,19.95555823002524,99.0,P48
513,2458697.9552082997,i,-13.363913110432732,5.500499887909011,20.301569588744734,99.0,P48
514,2458701.8984954,i,-14.230795178162053,7.909411721978309,19.907214531174148,99.0,P48
515,2458709.9216087996,i,-13.313570934147684,13.024121370872438,19.365703902350546,99.0,P48
516,2458718.8879051004,i,5.528836308487034,7.3077567065411975,19.993114788724945,99.0,P48
517,2458722.8811227,i,-9.143149433833084,5.355034296878358,20.330669347506692,99.0,P48
518,2458727.8752546003,i,3.4875033506051447,7.992276117543034,19.895898790400103,99.0,P48
519,2458733.925787,i,-25.906892226125034,8.483870968603346,19.831089852411,99.0,P48
520,2458738.9075116003,i,19.105107395046065,19.985909607643286,18.900765192034108,99.0,P48
521,2458743.9747801004,i,44.22758205205065,31.81280002609294,18.39607025034591,99.0,P48
522,2458747.8424768997,i,1.1876888864510715,8.041137994779717,19.889281201281403,99.0,P48
523,2458751.8432639,i,10.261999638298919,11.593313035175386,19.49205608275249,99.0,P48
524,2458757.7605207996,i,-9.569264279844472,5.818991425931089,20.240455695967437,99.0,P48
525,2458761.8015162004,i,-11.533652386786267,7.654643687523475,19.94276253983157,99.0,P48
526,2458765.8016898,i,0.9317089249801922,12.257537365457209,19.431566924638297,99.0,P48
527,2458769.8000231003,i,6.983130867215425,19.88492849212853,18.906264905246438,99.0,P48
