,JD,Filter,Flux,eFlux,Mag,eMag,Telescope
0,2458217.7118171,r,0.0027375414730692453,4.0663138845283875,20.629572740654538,99.0,P48
1,2458223.6865856005,r,0.6347144617925327,3.2634025205050845,20.86839837758886,99.0,P48
2,2458227.6557292,r,1.5397677760373396,4.198725131189444,20.594781377770502,99.0,P48
3,2458231.6654745,r,-5.7803044141237745,5.531712497588338,20.295425988601654,99.0,P48
4,2458245.6571643995,r,-0.8910496004407811,4.504519745841467,20.518453751620925,99.0,P48
5,2458248.6656944,r,1.4290631948641714,3.816882624729334,20.69830297690585,99.0,P48
6,2458258.6938079,r,-2.849842214282453,5.665533685688814,20.269472923947006,99.0,P48
7,2458263.6905324,r,-6.280846779261851,5.474186119469828,20.30677609138307,99.0,P48
8,2458375.0224653,r,-1.0078667671711916,18.386459545986376,18.99132971278449,99.0,P48
9,2458384.0290741003,r,6.027588233196866,14.322254730091107,19.262546505027426,99.0,P48
10,2458387.9873957997,r,-14.375618957127534,12.889176439472367,19.377012067230886,99.0,P48
11,2458391.0079745,r,-0.5290513878960688,7.6251309507754925,19.94695672297819,99.0,P48
12,2458398.0230207997,r,0.3197187665052852,4.29092605445431,20.571197413163375,99.0,P48
13,2458423.0265278,r,-6.917846989665693,7.4380767368202365,19.97392335276966,99.0,P48
14,2458424.01530095,r,-1.8780138362877978,4.092172548065809,20.62269014510012,99.0,P48
15,2458424.01530095,r,-1.8780138362877978,4.092172548065809,20.62269014510012,99.0,P48
16,2458425.0369329,r,2.101456917066258,4.382955811930614,20.548157258641552,99.0,P48
17,2458425.9722337998,r,-10.11340444816874,4.683967500416992,20.47604030648457,99.0,P48
18,2458427.0319531253,r,1.946717516023269,1.9685060050510048,21.417233129232905,99.0,P48
19,2458427.0319531253,r,1.946717516023269,1.9685060050510048,21.417233129232905,99.0,P48
20,2458427.0319531253,r,1.946717516023269,1.9685060050510048,21.417233129232905,99.0,P48
21,2458427.0319531253,r,1.946717516023269,1.9685060050510048,21.417233129232905,99.0,P48
22,2458427.9641782003,r,-5.94232305030831,5.374661416990554,20.326697212743962,99.0,P48
23,2458429.0168287004,r,2.630569386346157,4.527783908027342,20.51286076006915,99.0,P48
24,2458430.01784145,r,-3.5504938528780206,2.7574143783723644,21.05131989950516,99.0,P48
25,2458430.01784145,r,-3.5504938528780206,2.7574143783723644,21.05131989950516,99.0,P48
26,2458430.9653819,r,-1.3688015627440007,3.89652540933183,20.675881207588098,99.0,P48
27,2458432.0161227,r,6.690828169931785,6.025013024297286,20.202680013999398,99.0,P48
28,2458433.01945605,r,-0.9100107862366511,3.1334257787691944,20.912526459020704,99.0,P48
29,2458433.01945605,r,-0.9100107862366511,3.1334257787691944,20.912526459020704,99.0,P48
30,2458434.9920602003,r,-14.536225158172753,7.726500876732628,19.932617843619887,99.0,P48
31,2458436.00972225,r,7.157313272242688,5.305211266406503,20.34081828105117,99.0,P48
32,2458436.00972225,r,7.157313272242688,5.305211266406503,20.34081828105117,99.0,P48
33,2458438.0250116,r,-4.535443518189749,5.04424212165697,20.39558517824165,99.0,P48
34,2458439.0123900496,r,2.3644299954783414,2.5739522946615536,21.126073755463622,99.0,P48
35,2458439.0123900496,r,2.3644299954783414,2.5739522946615536,21.126073755463622,99.0,P48
36,2458439.8685532003,r,-2.871839537629959,2.78956161188923,21.038735094324352,99.0,P48
37,2458441.0091898,r,3.357119648606947,3.9048150376075643,20.673573821314776,99.0,P48
38,2458442.0288484003,r,0.6112745023764286,3.6589996694922062,20.74416906351512,99.0,P48
39,2458442.0288484003,r,0.6112745023764286,3.6589996694922062,20.74416906351512,99.0,P48
40,2458442.9558333503,r,-1.1459017561527014,3.3696149875897334,20.833624286178583,99.0,P48
41,2458442.9558333503,r,-1.1459017561527014,3.3696149875897334,20.833624286178583,99.0,P48
42,2458443.9650578997,r,-0.9825299634116637,6.352255922055962,20.145255022185978,99.0,P48
43,2458447.9896325003,r,-3.1824708953066962,4.431349954189519,20.53623486753836,99.0,P48
44,2458447.9896325003,r,-3.1824708953066962,4.431349954189519,20.53623486753836,99.0,P48
45,2458447.9896325003,r,-3.1824708953066962,4.431349954189519,20.53623486753836,99.0,P48
46,2458447.9896325003,r,-3.1824708953066962,4.431349954189519,20.53623486753836,99.0,P48
47,2458448.9824344,r,1.7097384853756734,3.858971300181804,20.68639611750409,99.0,P48
48,2458448.9824344,r,1.7097384853756734,3.858971300181804,20.68639611750409,99.0,P48
49,2458448.9824344,r,1.7097384853756734,3.858971300181804,20.68639611750409,99.0,P48
50,2458449.9559201,r,-0.3094170494782374,3.499301889030714,20.792621461128903,99.0,P48
51,2458449.9559201,r,-0.3094170494782374,3.499301889030714,20.792621461128903,99.0,P48
52,2458451.0371759497,r,-1.2621389156971226,4.153619434747487,20.60650823203762,99.0,P48
53,2458451.0371759497,r,-1.2621389156971226,4.153619434747487,20.60650823203762,99.0,P48
54,2458456.0074537,r,-1.3372366254919323,2.5890597213880255,21.119719818296673,99.0,P48
55,2458456.0074537,r,-1.3372366254919323,2.5890597213880255,21.119719818296673,99.0,P48
56,2458456.0074537,r,-1.3372366254919323,2.5890597213880255,21.119719818296673,99.0,P48
57,2458456.0074537,r,-1.3372366254919323,2.5890597213880255,21.119719818296673,99.0,P48
58,2458462.0245139003,r,0.2698414463521707,3.460819853445052,20.80462750543702,99.0,P48
59,2458462.0245139003,r,0.2698414463521707,3.460819853445052,20.80462750543702,99.0,P48
60,2458463.0248958,r,-85.86913103760111,190.88814011391187,16.450627622904527,99.0,P48
61,2458465.0304051,r,-1.1790404853624832,2.4937505266200697,21.160442477301526,99.0,P48
62,2458465.0304051,r,-1.1790404853624832,2.4937505266200697,21.160442477301526,99.0,P48
63,2458465.9707639,r,-1.2899348043695482,3.627955293568521,20.753420172376774,99.0,P48
64,2458466.9728125,r,35.050975471654965,131.41614382115998,16.855953190602357,99.0,P48
65,2458468.01326385,r,73.72860221172087,58.254066073128485,17.739259379013816,99.0,P48
66,2458468.01326385,r,73.72860221172087,58.254066073128485,17.739259379013816,99.0,P48
67,2458468.9704514,r,1.4394996376031388,3.6697431364183526,20.74098582194945,99.0,P48
68,2458472.03117475,r,3.6242563419645477,3.7368569409763754,20.721308809249393,99.0,P48
69,2458472.03117475,r,3.6242563419645477,3.7368569409763754,20.721308809249393,99.0,P48
70,2458472.9277854995,r,1.124798578861991,2.569354142967584,21.128015067403602,99.0,P48
71,2458472.9277854995,r,1.124798578861991,2.569354142967584,21.128015067403602,99.0,P48
72,2458472.9277854995,r,1.124798578861991,2.569354142967584,21.128015067403602,99.0,P48
73,2458476.9568634,r,-10.229494111224659,2.559094130239214,21.132359337463072,99.0,P48
74,2458480.9300694,r,6.355747481339601,6.370133210872637,20.142203703399282,99.0,P48
75,2458481.9425058,r,-5.251208392841239,2.5099046602804878,21.1534319267925,99.0,P48
76,2458481.9425058,r,-5.251208392841239,2.5099046602804878,21.1534319267925,99.0,P48
77,2458486.9704861,r,-1.8108389663753834,4.202263972183245,20.593866664521897,99.0,P48
78,2458492.97109375,r,12.691942305281541,7.676291251530154,19.93969637854385,99.0,P48
79,2458492.97109375,r,12.691942305281541,7.676291251530154,19.93969637854385,99.0,P48
80,2458493.9532928,r,-2.230147882035654,1.6398365365554721,21.615573592836647,99.0,P48
81,2458493.9532928,r,-2.230147882035654,1.6398365365554721,21.615573592836647,99.0,P48
82,2458503.0074537,r,-2.8854537535734432,12.120402369630472,19.443782395027856,99.0,P48
83,2458506.0153819,r,22.69019859272544,19.883597015267775,18.90633760759663,99.0,P48
84,2458508.85612845,r,5.531021451687095,3.948363933055107,20.6615320488511,99.0,P48
85,2458508.85612845,r,5.531021451687095,3.948363933055107,20.6615320488511,99.0,P48
86,2458509.9721181,r,-1.8431980376005026,3.925548189434565,20.667824206506157,99.0,P48
87,2458514.8837616,r,-109.90802436260837,318.108269452516,15.896137591533675,99.0,P48
88,2458534.8565567,r,-16.43697229751533,9.066101789980005,19.759023512143028,99.0,P48
89,2458534.8565567,r,-16.43697229751533,9.066101789980005,19.759023512143028,99.0,P48
90,2458538.7102662004,r,-25.887372595273312,202.729035951068,16.385285101267648,99.0,P48
91,2458540.7198264,r,0.33150724183718916,2.0292813061518444,21.384219352550858,99.0,P48
92,2458541.7799421,r,7.102119495918131,18.115059831133358,19.00747555721533,99.0,P48
93,2458546.7994212997,r,-2.48012093859605,3.7144292702516197,20.727844756719193,99.0,P48
94,2458556.7029282004,r,-7.529499497296621,7.592136429990565,19.95166497985722,99.0,P48
95,2458558.6823727,r,-0.33285137545401444,5.089300532719802,20.385929745329022,99.0,P48
96,2458562.6523611,r,-5.801870541834593,16.621495206640667,19.100899767437213,99.0,P48
97,2458567.7191667003,r,-6.31010466555848,3.7093361746697466,20.7293345018293,99.0,P48
98,2458572.7199884,r,0.28053716317745925,8.087613090318516,19.88302407284815,99.0,P48
99,2458574.7336343,r,19.006509805450566,335.76762773288175,15.837477933379509,99.0,P48
100,2458575.7147801,r,6.5163824945319515,8.449411561153802,19.835508827626676,99.0,P48
101,2458580.7139005,r,-5.030729456248488,3.630387214196771,20.75269261663821,99.0,P48
102,2458582.6959953997,r,-1.6176640582714374,2.1059763238726474,21.343941278196375,99.0,P48
103,2458584.6741551002,r,-1.9339719697241373,4.954452784955287,20.415085754113832,99.0,P48
104,2458589.7274073996,r,-3.3548035275761303,10.000690730967289,19.652499996588013,99.0,P48
105,2458592.7390625,r,-1.4727696690033938,4.322512806589149,20.563234267509188,99.0,P48
106,2458592.7390625,r,-1.4727696690033938,4.322512806589149,20.563234267509188,99.0,P48
107,2458593.7666667,r,-6.2929246990487275,4.375096884967081,20.550105802255153,99.0,P48
108,2458599.6584837995,r,-2.0458097499295427,3.389246986921124,20.827316942584027,99.0,P48
109,2458602.7405323996,r,18.352555762592747,20.37482763824746,18.879840130424352,99.0,P48
110,2458617.7280902998,r,-3.0804877860872084,7.829092764193548,19.918296391911788,99.0,P48
111,2458618.7645602003,r,-2.305412681148094,5.663594665117376,20.26984457916911,99.0,P48
112,2458633.6824073996,r,-1.4380459566831838,4.650060793821338,20.483928412177782,99.0,P48
113,2458634.6804398,r,0.1295890051395678,3.2664130130467592,20.867397246404852,99.0,P48
114,2458634.6804398,r,0.1295890051395678,3.2664130130467592,20.867397246404852,99.0,P48
115,2458638.7142245,r,8.223242761057994,8.37118486487478,19.845607657241878,99.0,P48
116,2458642.7165741003,r,-1.1758598191406697,6.18425130996775,20.174357164829548,99.0,P48
117,2458648.7015972002,r,-8.976293801633632,14.911110737326773,19.21880000039253,99.0,P48
118,2458653.679453125,r,-1.8802050738767184,4.534668366883025,20.51121116072431,99.0,P48
119,2458653.679453125,r,-1.8802050738767184,4.534668366883025,20.51121116072431,99.0,P48
120,2458653.679453125,r,-1.8802050738767184,4.534668366883025,20.51121116072431,99.0,P48
121,2458653.679453125,r,-1.8802050738767184,4.534668366883025,20.51121116072431,99.0,P48
122,2458745.9887731,r,-0.4626485281672798,13.842286815896836,19.29955537991956,99.0,P48
123,2458748.9927431,r,-9.556170026115957,11.85345275637904,19.467962806411258,99.0,P48
124,2458757.972662,r,11.917139125807974,3.2926148401138997,21.209635598494458,0.2999153883505001,P48
125,2458757.972662,r,11.917139125807974,3.2926148401138997,21.209635598494458,0.2999153883505001,P48
126,2458761.0117245,r,-4.717423592578508,6.0115454913670225,20.205109644391506,99.0,P48
127,2458764.9888772997,r,-0.7448476638862946,4.394573904006771,20.545283058047062,99.0,P48
128,2458770.9757908997,r,-4.132147022173968,4.107980653492618,20.618504015102197,99.0,P48
129,2458770.9757908997,r,-4.132147022173968,4.107980653492618,20.618504015102197,99.0,P48
130,2458770.9757908997,r,-4.132147022173968,4.107980653492618,20.618504015102197,99.0,P48
131,2458771.97233795,r,8.27872895690331,8.717001139984925,19.801657232206253,99.0,P48
132,2458771.97233795,r,8.27872895690331,8.717001139984925,19.801657232206253,99.0,P48
133,2458774.0199768995,r,12.054307549385406,21.427781938246977,18.825131943943965,99.0,P48
134,2458777.0056712995,r,0.17772354634506873,8.221186682489302,19.86523871402646,99.0,P48
135,2458784.0144964997,r,-0.7338591313911531,2.5876191889842435,21.120324081474806,99.0,P48
136,2458784.0144964997,r,-0.7338591313911531,2.5876191889842435,21.120324081474806,99.0,P48
137,2458785.9958102,r,-1.1950036413333178,5.753247922512744,20.252792265872987,99.0,P48
138,2458789.0376042,r,-4.49219382565529,5.187228722714507,20.365236494285497,99.0,P48
139,2458792.0053935,r,-0.8972442861056974,4.416388881140273,20.539906719625307,99.0,P48
140,2458795.041875,r,1.6093999649295938,4.036175491356773,20.637649886829195,99.0,P48
141,2458799.9960301,r,3.4155674754597944,7.835087378704495,19.917465378699934,99.0,P48
142,2458805.9765972,r,-3.252891001070896,36.954898827928076,18.233394945058464,99.0,P48
143,2458827.9472454,r,3.311476317548182,7.56371140228974,19.95573761481952,99.0,P48
144,2458830.9411747498,r,4.841922034707275,3.5981452522981234,20.762378261036993,99.0,P48
145,2458830.9411747498,r,4.841922034707275,3.5981452522981234,20.762378261036993,99.0,P48
146,2458833.9879861,r,1.6083134287578282,14.673128669335698,19.236268174395462,99.0,P48
147,2458835.9515278,r,-5.239489594170963,7.609545001636491,19.94917826483736,99.0,P48
148,2458836.9705787003,r,2.765832736857351,4.227796979105345,20.587289678907354,99.0,P48
149,2458837.955841067,r,-2.598162502079652,2.591593794867747,21.118657660585008,99.0,P48
150,2458837.955841067,r,-2.598162502079652,2.591593794867747,21.118657660585008,99.0,P48
151,2458837.955841067,r,-2.598162502079652,2.591593794867747,21.118657660585008,99.0,P48
152,2458846.9394415496,r,2.270542155859206,1.299612637148152,21.868040174965614,99.0,P48
153,2458846.9394415496,r,2.270542155859206,1.299612637148152,21.868040174965614,99.0,P48
154,2458846.9394415496,r,2.270542155859206,1.299612637148152,21.868040174965614,99.0,P48
155,2458846.9394415496,r,2.270542155859206,1.299612637148152,21.868040174965614,99.0,P48
156,2458849.93699075,r,2.361599816754081,2.507135267757422,21.154630573833785,99.0,P48
157,2458849.93699075,r,2.361599816754081,2.507135267757422,21.154630573833785,99.0,P48
158,2458850.9996065,r,6.445564205608105,5.076987007447322,20.38855985915994,99.0,P48
159,2458851.96596065,r,-0.4726165771504954,3.4173323808288716,20.818356934803074,99.0,P48
160,2458851.96596065,r,-0.4726165771504954,3.4173323808288716,20.818356934803074,99.0,P48
161,2458852.9225810003,r,-4.1074063944476356,2.172824981808656,21.31001312445837,99.0,P48
162,2458852.9225810003,r,-4.1074063944476356,2.172824981808656,21.31001312445837,99.0,P48
163,2458853.9341319,r,-0.42024276800979926,3.0971071998975876,20.925184394626356,99.0,P48
164,2458854.966088,r,4.3796283186733636,6.386492402214919,20.13941898954212,99.0,P48
165,2458855.8473206004,r,-3.629296919282084,5.443839757412387,20.312811656637646,99.0,P48
166,2458855.8473206004,r,-3.629296919282084,5.443839757412387,20.312811656637646,99.0,P48
167,2458856.8297685003,r,-37.751126708014056,54.64981161001466,17.808603316211986,99.0,P48
168,2458859.9373957994,r,-13.147161315427839,10.636459102049798,19.585582302810174,99.0,P48
169,2458860.85097225,r,-0.67674586375177,8.815056292103947,19.789512264142203,99.0,P48
170,2458860.85097225,r,-0.67674586375177,8.815056292103947,19.789512264142203,99.0,P48
171,2458861.8304745,r,0.8435891554940311,13.390486608107791,19.33558409043573,99.0,P48
172,2458862.8454630002,r,-0.04906060174309471,4.964609430961258,20.41286226929207,99.0,P48
173,2458862.8454630002,r,-0.04906060174309471,4.964609430961258,20.41286226929207,99.0,P48
174,2458864.73614585,r,2.5447550843019444,2.652515819296568,21.093430032502454,99.0,P48
175,2458864.73614585,r,2.5447550843019444,2.652515819296568,21.093430032502454,99.0,P48
176,2458866.8453703998,r,-4.148876146467848,4.239717147802357,20.584232780016684,99.0,P48
177,2458867.85623845,r,-2.5890887325843845,2.730525093720813,21.061959558941858,99.0,P48
178,2458867.85623845,r,-2.5890887325843845,2.730525093720813,21.061959558941858,99.0,P48
179,2458871.800540133,r,-0.43609846459778784,2.3901912352897585,21.206493365337145,99.0,P48
180,2458871.800540133,r,-0.43609846459778784,2.3901912352897585,21.206493365337145,99.0,P48
181,2458871.800540133,r,-0.43609846459778784,2.3901912352897585,21.206493365337145,99.0,P48
182,2458873.7812616,r,0.4403044277294031,2.5947725932620878,21.117326733813446,99.0,P48
183,2458873.7812616,r,0.4403044277294031,2.5947725932620878,21.117326733813446,99.0,P48
184,2458874.776809433,r,1.5697302762901937,2.6708775872933277,21.08594002985278,99.0,P48
185,2458874.776809433,r,1.5697302762901937,2.6708775872933277,21.08594002985278,99.0,P48
186,2458874.776809433,r,1.5697302762901937,2.6708775872933277,21.08594002985278,99.0,P48
187,2458875.7851736,r,0.02671761482631599,2.3444715185864475,21.227462586274314,99.0,P48
188,2458875.7851736,r,0.02671761482631599,2.3444715185864475,21.227462586274314,99.0,P48
189,2458876.7877430506,r,-3.4057223623535013,2.511804799761546,21.15261027418852,99.0,P48
190,2458876.7877430506,r,-3.4057223623535013,2.511804799761546,21.15261027418852,99.0,P48
191,2458877.810451367,r,1.8690910009403063,2.362961832839903,21.218933222024532,99.0,P48
192,2458877.810451367,r,1.8690910009403063,2.362961832839903,21.218933222024532,99.0,P48
193,2458877.810451367,r,1.8690910009403063,2.362961832839903,21.218933222024532,99.0,P48
194,2458878.80471065,r,-2.891980613296201,3.159837044363665,20.90341327356211,99.0,P48
195,2458878.80471065,r,-2.891980613296201,3.159837044363665,20.90341327356211,99.0,P48
196,2458879.8057754496,r,5.205984093527694,4.206398615280551,20.592798924671573,99.0,P48
197,2458879.8057754496,r,5.205984093527694,4.206398615280551,20.592798924671573,99.0,P48
198,2458880.7987654335,r,2.1072904334519174,2.4932947508726238,21.16064093238027,99.0,P48
199,2458880.7987654335,r,2.1072904334519174,2.4932947508726238,21.16064093238027,99.0,P48
200,2458880.7987654335,r,2.1072904334519174,2.4932947508726238,21.16064093238027,99.0,P48
201,2458881.84837965,r,1.7685782115524566,2.5059798086229086,21.1551310705583,99.0,P48
202,2458881.84837965,r,1.7685782115524566,2.5059798086229086,21.1551310705583,99.0,P48
203,2458882.7071296,r,-5.022607276303428,7.858539444097351,19.914220395788732,99.0,P48
204,2458883.7585224,r,-2.697002380459347,4.599061702605609,20.495901898513956,99.0,P48
205,2458883.7585224,r,-2.697002380459347,4.599061702605609,20.495901898513956,99.0,P48
206,2458883.7585224,r,-2.697002380459347,4.599061702605609,20.495901898513956,99.0,P48
207,2458884.7166203666,r,-3.2343353414988107,5.874990709785505,20.230057028690766,99.0,P48
208,2458884.7166203666,r,-3.2343353414988107,5.874990709785505,20.230057028690766,99.0,P48
209,2458884.7166203666,r,-3.2343353414988107,5.874990709785505,20.230057028690766,99.0,P48
210,2458885.7167071505,r,-2.1677448732846862,10.183939675986863,19.6327854438263,99.0,P48
211,2458885.7167071505,r,-2.1677448732846862,10.183939675986863,19.6327854438263,99.0,P48
212,2458886.7609760663,r,-4.0874885973432145,4.5822872711525635,20.49986920829802,99.0,P48
213,2458886.7609760663,r,-4.0874885973432145,4.5822872711525635,20.49986920829802,99.0,P48
214,2458886.7609760663,r,-4.0874885973432145,4.5822872711525635,20.49986920829802,99.0,P48
215,2458890.9084953666,r,-0.46221479630813667,6.164618985137392,20.17780939054749,99.0,P48
216,2458890.9084953666,r,-0.46221479630813667,6.164618985137392,20.17780939054749,99.0,P48
217,2458890.9084953666,r,-0.46221479630813667,6.164618985137392,20.17780939054749,99.0,P48
218,2458891.80320605,r,2.5503400480073406,4.102210460112492,20.620030144958633,99.0,P48
219,2458891.80320605,r,2.5503400480073406,4.102210460112492,20.620030144958633,99.0,P48
220,2458892.7507368666,r,1.9405000376972168,2.310426123382298,21.243344773232142,99.0,P48
221,2458892.7507368666,r,1.9405000376972168,2.310426123382298,21.243344773232142,99.0,P48
222,2458892.7507368666,r,1.9405000376972168,2.310426123382298,21.243344773232142,99.0,P48
223,2458893.7638271665,r,1.467336300379992,1.812136568475097,21.507097678131164,99.0,P48
224,2458893.7638271665,r,1.467336300379992,1.812136568475097,21.507097678131164,99.0,P48
225,2458893.7638271665,r,1.467336300379992,1.812136568475097,21.507097678131164,99.0,P48
226,2458894.75225115,r,-2.055785477919738,2.612589559893678,21.10989702155266,99.0,P48
227,2458894.75225115,r,-2.055785477919738,2.612589559893678,21.10989702155266,99.0,P48
228,2458895.76726275,r,-2.6183396245305555,2.18174971212875,21.30556267082065,99.0,P48
229,2458895.76726275,r,-2.6183396245305555,2.18174971212875,21.30556267082065,99.0,P48
230,2458896.8061226667,r,-0.7447194587150577,1.9588554303952939,21.422569026914832,99.0,P48
231,2458896.8061226667,r,-0.7447194587150577,1.9588554303952939,21.422569026914832,99.0,P48
232,2458896.8061226667,r,-0.7447194587150577,1.9588554303952939,21.422569026914832,99.0,P48
233,2458898.8059143997,r,2.126406846162372,3.53048914626028,20.782987787443396,99.0,P48
234,2458899.77525924,r,-0.7764266829612337,1.05717912552608,22.09220354114532,99.0,P48
235,2458899.77525924,r,-0.7764266829612337,1.05717912552608,22.09220354114532,99.0,P48
236,2458899.77525924,r,-0.7764266829612337,1.05717912552608,22.09220354114532,99.0,P48
237,2458899.77525924,r,-0.7764266829612337,1.05717912552608,22.09220354114532,99.0,P48
238,2458899.77525924,r,-0.7764266829612337,1.05717912552608,22.09220354114532,99.0,P48
239,2458900.727780675,r,0.13413796891239624,1.3137288092864579,21.85631067957431,99.0,P48
240,2458900.727780675,r,0.13413796891239624,1.3137288092864579,21.85631067957431,99.0,P48
241,2458900.727780675,r,0.13413796891239624,1.3137288092864579,21.85631067957431,99.0,P48
242,2458900.727780675,r,0.13413796891239624,1.3137288092864579,21.85631067957431,99.0,P48
243,2458903.7184317,r,-4.407591905869331,2.4743986651699528,21.168900807379266,99.0,P48
244,2458903.7184317,r,-4.407591905869331,2.4743986651699528,21.168900807379266,99.0,P48
245,2458904.7149306,r,-0.6520709726149044,3.4983400592919636,20.7929199312091,99.0,P48
246,2458905.7132986,r,0.5984652707769692,5.789898278576553,20.245897654729518,99.0,P48
247,2458906.72344325,r,-0.14827043622117067,3.45951563955055,20.80503674347532,99.0,P48
248,2458906.72344325,r,-0.14827043622117067,3.45951563955055,20.80503674347532,99.0,P48
249,2458909.83219905,r,-0.6553738892963225,2.532952705149113,21.143507287171268,99.0,P48
250,2458909.83219905,r,-0.6553738892963225,2.532952705149113,21.143507287171268,99.0,P48
251,2458912.7215336,r,-4.438966484899964,3.693526785926854,20.733971856841592,99.0,P48
252,2458912.7215336,r,-4.438966484899964,3.693526785926854,20.733971856841592,99.0,P48
253,2458913.7160301,r,-0.8470588921437563,2.8503298739852108,21.015337177593793,99.0,P48
254,2458913.7160301,r,-0.8470588921437563,2.8503298739852108,21.015337177593793,99.0,P48
255,2458913.7160301,r,-0.8470588921437563,2.8503298739852108,21.015337177593793,99.0,P48
256,2458914.8420139,r,-3.003574080891109,14.987991696996364,19.21321637957834,99.0,P48
257,2458915.65973375,r,0.5221133597749473,8.23568205364343,19.863326059367083,99.0,P48
258,2458915.65973375,r,0.5221133597749473,8.23568205364343,19.863326059367083,99.0,P48
259,2458938.6761169,r,1.3744074326340443,2.7658610298174633,21.047999100973684,99.0,P48
260,2458938.6761169,r,1.3744074326340443,2.7658610298174633,21.047999100973684,99.0,P48
261,2458939.662693875,r,-2.6118033621581818,1.611251749558197,21.634666484322157,99.0,P48
262,2458939.662693875,r,-2.6118033621581818,1.611251749558197,21.634666484322157,99.0,P48
263,2458939.662693875,r,-2.6118033621581818,1.611251749558197,21.634666484322157,99.0,P48
264,2458939.662693875,r,-2.6118033621581818,1.611251749558197,21.634666484322157,99.0,P48
265,2458941.7179514,r,-6.330775937755526,4.3020856337437445,20.56837736205306,99.0,P48
266,2458941.7179514,r,-6.330775937755526,4.3020856337437445,20.56837736205306,99.0,P48
267,2458944.6774942,r,0.9568069719243847,6.536513855769037,20.114209523879914,99.0,P48
268,2458944.6774942,r,0.9568069719243847,6.536513855769037,20.114209523879914,99.0,P48
269,2458954.7215219503,r,-0.27808887849222697,2.527860334214798,21.14569230104729,99.0,P48
270,2458954.7215219503,r,-0.27808887849222697,2.527860334214798,21.14569230104729,99.0,P48
271,2458955.7164698998,r,-2.5250382928339965,3.5283884525338514,20.78363400896213,99.0,P48
272,2458956.6799537004,r,0.9154108409099975,3.7672903875226402,20.712502245502016,99.0,P48
273,2458962.6819849503,r,0.649357504106949,2.608771416255063,21.111484920777116,99.0,P48
274,2458962.6819849503,r,0.649357504106949,2.608771416255063,21.111484920777116,99.0,P48
275,2458964.7466204,r,-1.7576145077958172,3.6937430315944852,20.733908291882862,99.0,P48
276,2458965.6784490496,r,-3.639860089560243,2.362348655164411,21.21921500211397,99.0,P48
277,2458965.6784490496,r,-3.639860089560243,2.362348655164411,21.21921500211397,99.0,P48
278,2458966.6809606003,r,-1.0079977116185135,7.477417241524854,19.96819595153412,99.0,P48
279,2458967.6821181,r,2.2182912559287447,3.3084904421999233,20.853500278257563,99.0,P48
280,2458968.67570025,r,-1.947653358368059,3.035050399982862,20.947160220769568,99.0,P48
281,2458968.67570025,r,-1.947653358368059,3.035050399982862,20.947160220769568,99.0,P48
282,2458969.6743403,r,36.27630952650321,64.92266086219834,17.621584211348083,99.0,P48
283,2458971.67598378,r,-2.305737569707907,2.0605759381076916,21.367603428791455,99.0,P48
284,2458971.67598378,r,-2.305737569707907,2.0605759381076916,21.367603428791455,99.0,P48
285,2458971.67598378,r,-2.305737569707907,2.0605759381076916,21.367603428791455,99.0,P48
286,2458971.67598378,r,-2.305737569707907,2.0605759381076916,21.367603428791455,99.0,P48
287,2458971.67598378,r,-2.305737569707907,2.0605759381076916,21.367603428791455,99.0,P48
288,2458972.6748727,r,-1.5814988589172103,6.514606239072266,20.117854561972482,99.0,P48
289,2458973.6744097,r,6.171454524208515,8.163654717885082,19.872863419336596,99.0,P48
290,2458974.7238831497,r,-3.906848983378783,5.476780830343741,20.306261584928563,99.0,P48
291,2458974.7238831497,r,-3.906848983378783,5.476780830343741,20.306261584928563,99.0,P48
292,2458975.6854977002,r,-10.675426419549797,7.23881779994495,20.003405875076858,99.0,P48
293,2458976.7229398,r,8.705221948218972,7.915874032451111,19.906327802814793,99.0,P48
294,2458978.69771415,r,89.24892448612306,2.3344827638310366,19.02355814414676,0.02839340703240187,P48
295,2458978.69771415,r,89.24892448612306,2.3344827638310366,19.02355814414676,0.02839340703240187,P48
296,2458980.7377894,r,111.25063020217895,2.9300394516846664,18.784309422755346,0.028589121868555587,P48
297,2458980.7377894,r,111.25063020217895,2.9300394516846664,18.784309422755346,0.028589121868555587,P48
298,2458981.718125,r,108.94612867154977,5.483814912038016,18.807036116057272,0.054638757334493075,P48
299,2458986.73879055,r,91.1077701635563,3.6280113261064924,19.00117707844325,0.04322580047144986,P48
300,2458986.73879055,r,91.1077701635563,3.6280113261064924,19.00117707844325,0.04322580047144986,P48
301,2458987.6719676005,r,86.57425096855687,4.034624559085543,19.05659376536492,0.05058761594689384,P48
302,2458992.7257755003,r,57.19957559031281,4.817358647360459,19.50658360622052,0.09142100719704274,P48
303,2458995.7228241,r,58.1887872688029,4.986064253760095,19.48796735723973,0.0930140152681675,P48
304,2458996.7391956,r,52.282171740779944,4.48382379470581,19.604181573851466,0.0930946547761091,P48
305,2458996.7391956,r,52.282171740779944,4.48382379470581,19.604181573851466,0.0930946547761091,P48
306,2458997.737662,r,54.406008354536084,6.719709375297154,19.560948462598816,0.13407056954724936,P48
307,2458998.7430439997,r,63.796860817704,7.7194342769015485,19.388067348797907,0.1313457402162848,P48
308,2458999.6777140996,r,60.269552927482856,5.157122636160549,19.44982069744717,0.09288365932111582,P48
309,2458999.6777140996,r,60.269552927482856,5.157122636160549,19.44982069744717,0.09288365932111582,P48
310,2459005.7480208,r,59.49138156922852,15.213446039157844,19.4639304856092,0.277589715348747,P48
311,2459014.6834028,r,28.68759511285219,3.068096707987452,20.255830265347438,0.11609265131563203,P48
312,2459014.6834028,r,28.68759511285219,3.068096707987452,20.255830265347438,0.11609265131563203,P48
313,2459014.6834028,r,28.68759511285219,3.068096707987452,20.255830265347438,0.11609265131563203,P48
314,2459014.6834028,r,28.68759511285219,3.068096707987452,20.255830265347438,0.11609265131563203,P48
315,2459016.68399595,r,29.451185283859246,3.87178373992331,20.227308677370782,0.1427046554893705,P48
316,2459016.68399595,r,29.451185283859246,3.87178373992331,20.227308677370782,0.1427046554893705,P48
317,2459016.68399595,r,29.451185283859246,3.87178373992331,20.227308677370782,0.1427046554893705,P48
318,2459016.68399595,r,29.451185283859246,3.87178373992331,20.227308677370782,0.1427046554893705,P48
319,2459018.6882697,r,28.472912680951254,3.0190492860297975,20.26398588165739,0.11509809469467516,P48
320,2459018.6882697,r,28.472912680951254,3.0190492860297975,20.26398588165739,0.11509809469467516,P48
321,2459018.6882697,r,28.472912680951254,3.0190492860297975,20.26398588165739,0.11509809469467516,P48
322,2459018.6882697,r,28.472912680951254,3.0190492860297975,20.26398588165739,0.11509809469467516,P48
323,2459020.67881945,r,26.802145089545885,3.7431086116268864,20.329641737651304,0.15159773161237772,P48
324,2459020.67881945,r,26.802145089545885,3.7431086116268864,20.329641737651304,0.15159773161237772,P48
325,2459020.67881945,r,26.802145089545885,3.7431086116268864,20.329641737651304,0.15159773161237772,P48
326,2459020.67881945,r,26.802145089545885,3.7431086116268864,20.329641737651304,0.15159773161237772,P48
327,2459022.68547745,r,21.76008288986425,3.661925663649416,20.555914258854962,0.18267486976085864,P48
328,2459022.68547745,r,21.76008288986425,3.661925663649416,20.555914258854962,0.18267486976085864,P48
329,2459022.68547745,r,21.76008288986425,3.661925663649416,20.555914258854962,0.18267486976085864,P48
330,2459022.68547745,r,21.76008288986425,3.661925663649416,20.555914258854962,0.18267486976085864,P48
331,2459024.6788975745,r,21.971725725312414,3.8276980015200865,20.54540519965019,0.1891051359640516,P48
332,2459024.6788975745,r,21.971725725312414,3.8276980015200865,20.54540519965019,0.1891051359640516,P48
333,2459024.6788975745,r,21.971725725312414,3.8276980015200865,20.54540519965019,0.1891051359640516,P48
334,2459024.6788975745,r,21.971725725312414,3.8276980015200865,20.54540519965019,0.1891051359640516,P48
335,2459026.6784201497,r,26.194467336007023,4.9650384025060275,20.354541693522826,0.20575143280397215,P48
336,2459026.6784201497,r,26.194467336007023,4.9650384025060275,20.354541693522826,0.20575143280397215,P48
337,2459026.6784201497,r,26.194467336007023,4.9650384025060275,20.354541693522826,0.20575143280397215,P48
338,2459026.6784201497,r,26.194467336007023,4.9650384025060275,20.354541693522826,0.20575143280397215,P48
339,2459106.0138125,r,7.076301885352564,43.031744093858606,18.068102617737633,99.0,P48
340,2459106.0138125,r,7.076301885352564,43.031744093858606,18.068102617737633,99.0,P48
341,2459106.0138125,r,7.076301885352564,43.031744093858606,18.068102617737633,99.0,P48
342,2459106.0138125,r,7.076301885352564,43.031744093858606,18.068102617737633,99.0,P48
343,2459106.0138125,r,7.076301885352564,43.031744093858606,18.068102617737633,99.0,P48
344,2459108.0141111193,r,2.812582058670514,4.95556275591711,20.414842538417645,99.0,P48
345,2459108.0141111193,r,2.812582058670514,4.95556275591711,20.414842538417645,99.0,P48
346,2459108.0141111193,r,2.812582058670514,4.95556275591711,20.414842538417645,99.0,P48
347,2459108.0141111193,r,2.812582058670514,4.95556275591711,20.414842538417645,99.0,P48
348,2459108.0141111193,r,2.812582058670514,4.95556275591711,20.414842538417645,99.0,P48
349,2459110.0152037004,r,5.3999294548479755,5.163799099023111,20.370151645628546,99.0,P48
350,2459110.0152037004,r,5.3999294548479755,5.163799099023111,20.370151645628546,99.0,P48
351,2459110.0152037004,r,5.3999294548479755,5.163799099023111,20.370151645628546,99.0,P48
352,2459110.0152037004,r,5.3999294548479755,5.163799099023111,20.370151645628546,99.0,P48
353,2459110.0152037004,r,5.3999294548479755,5.163799099023111,20.370151645628546,99.0,P48
354,2459124.9562962996,r,2.248106703548102,13.773059929138581,19.30499889619584,99.0,P48
355,2459127.0115278,r,14.425411248126347,6.9743832925473805,20.043810460903313,99.0,P48
356,2459129.0283449,r,2.0997736349546168,17.903118494984586,19.02025327383285,99.0,P48
357,2459131.0267824,r,-8.336499231602087,7.034789834634136,20.034447170775003,99.0,P48
358,2459132.01234955,r,2.7578805585837873,6.255502431849,20.16191949600624,99.0,P48
359,2459132.01234955,r,2.7578805585837873,6.255502431849,20.16191949600624,99.0,P48
360,2459136.0091319,r,6.993771628173425,4.253045288103617,20.58082497096602,99.0,P48
361,2459138.0103472,r,7.024688828933343,4.261176849135398,20.578751092047803,99.0,P48
362,2459139.995544,r,0.7941809523275825,4.680816055882406,20.476771052163226,99.0,P48
363,2459142.0094444,r,0.5005129861471168,4.059892475591791,20.63128866006643,99.0,P48
364,2459143.9905439997,r,0.6723681595635509,3.524392994177554,20.784864165968663,99.0,P48
365,2459145.0441087997,r,5.8976003548026075,3.6722477108545255,20.740245067212776,99.0,P48
366,2459146.0151042,r,3.860498330909885,3.3656518888724225,20.834902002514376,99.0,P48
367,2459149.889294,r,10.431450215245402,12.780357371428357,19.38621749422267,99.0,P48
368,2459152.0191435004,r,3.9349952319109294,4.651235724185952,20.483654113978766,99.0,P48
369,2458202.7625926,g,5.7259400382712276,4.79035156056035,20.451656521276618,99.0,P48
370,2458205.7560069,g,6.03497306472266,8.430768999465833,19.83790701434402,99.0,P48
371,2458208.7327778,g,-12.578569523409707,75.93857959653336,17.45141881526075,99.0,P48
372,2458227.6889236,g,0.3049206101670572,2.6067410470158445,21.112330262637165,99.0,P48
373,2458234.7088599503,g,-0.9410287107307688,5.504209639021647,20.300837572831664,99.0,P48
374,2458234.7088599503,g,-0.9410287107307688,5.504209639021647,20.300837572831664,99.0,P48
375,2458237.68368055,g,0.48597855094183684,6.34911826228438,20.145791447746248,99.0,P48
376,2458237.68368055,g,0.48597855094183684,6.34911826228438,20.145791447746248,99.0,P48
377,2458245.7140162,g,-6.382012042464686,16.569601937055076,19.10429480118599,99.0,P48
378,2458255.6870255,g,-1.814778142300144,3.1029375449303433,20.923142403377987,99.0,P48
379,2458258.6644213,g,0.5137435693522101,3.9897706983209527,20.650205148010453,99.0,P48
380,2458270.7422511503,g,4.951356576191586,9.40883928662589,19.718734863244727,99.0,P48
381,2458270.7422511503,g,4.951356576191586,9.40883928662589,19.718734863244727,99.0,P48
382,2458274.7165625,g,-2.920292984927568,3.2999997010895545,20.856290237810057,99.0,P48
383,2458289.6814814997,g,3.2323951761877456,6.9546562679922115,20.04688581423241,99.0,P48
384,2458372.0115162004,g,19.973944469033615,7.676390286687246,19.939682371081332,99.0,P48
385,2458381.0156366,g,6.240070662323231,3.6225118730077397,20.75505044522822,99.0,P48
386,2458390.9896180998,g,-0.35336549068857726,8.405411515063559,19.841177537568832,99.0,P48
387,2458397.9852198996,g,4.953690687531232,2.976676650899134,20.968245837004993,99.0,P48
388,2458422.9965162002,g,-11.678324894121184,5.968945432627346,20.212830967553636,99.0,P48
389,2458423.98316555,g,-5.46291822605575,4.8771233492237736,20.432165640057086,99.0,P48
390,2458423.98316555,g,-5.46291822605575,4.8771233492237736,20.432165640057086,99.0,P48
391,2458425.0137153,g,-0.6119919669421215,3.159838283487703,20.903412847792822,99.0,P48
392,2458426.0422801003,g,-2.28796465658365,2.7430286704674223,21.056999121843198,99.0,P48
393,2458426.0422801003,g,-2.28796465658365,2.7430286704674223,21.056999121843198,99.0,P48
394,2458426.9712384,g,1.6479556251096528,1.7779851818770134,21.52775464630318,99.0,P48
395,2458426.9712384,g,1.6479556251096528,1.7779851818770134,21.52775464630318,99.0,P48
396,2458428.0320544,g,1.8522923336697228,2.0771847519417475,21.35888717442253,99.0,P48
397,2458428.0320544,g,1.8522923336697228,2.0771847519417475,21.35888717442253,99.0,P48
398,2458429.0368403,g,-2.680053264952602,2.5725270598436216,21.12667510989452,99.0,P48
399,2458429.9637847,g,5.737021367386582,2.437918376673203,21.185027086604002,99.0,P48
400,2458430.9491204,g,3.8110131337711994,1.7802546937963215,21.526369640413662,99.0,P48
401,2458430.9491204,g,3.8110131337711994,1.7802546937963215,21.526369640413662,99.0,P48
402,2458431.9962962996,g,-4.758509318163309,3.9820885946323163,20.65229769389687,99.0,P48
403,2458432.9942766,g,2.410646594798053,1.9994997194466404,21.40027162032767,99.0,P48
404,2458432.9942766,g,2.410646594798053,1.9994997194466404,21.40027162032767,99.0,P48
405,2458435.0274884496,g,-1.7458990713649363,2.959028116416628,20.97470225964247,99.0,P48
406,2458435.0274884496,g,-1.7458990713649363,2.959028116416628,20.97470225964247,99.0,P48
407,2458437.9959491002,g,3.349717518084764,3.2746915676600783,20.864648985417734,99.0,P48
408,2458438.97185185,g,1.2558742090557786,1.5082725722110126,21.70637540536847,99.0,P48
409,2458438.97185185,g,1.2558742090557786,1.5082725722110126,21.70637540536847,99.0,P48
410,2458440.963912,g,2.248843208162221,2.295559350063766,21.250353675100136,99.0,P48
411,2458441.9957870496,g,2.554701759141619,2.006108848612577,21.396688755348613,99.0,P48
412,2458441.9957870496,g,2.554701759141619,2.006108848612577,21.396688755348613,99.0,P48
413,2458442.9884258998,g,-7.880572624651597,12.120802751106476,19.443746529759437,99.0,P48
414,2458444.0329514,g,4.114937132854401,2.2414648639578636,21.276245150460372,99.0,P48
415,2458450.9979050998,g,-1.5670963166273617,3.3192084145119183,20.84998868215868,99.0,P48
416,2458450.9979050998,g,-1.5670963166273617,3.3192084145119183,20.84998868215868,99.0,P48
417,2458461.9557523,g,5.493021582189244,4.510281801011698,20.517065795883557,99.0,P48
418,2458462.9750463,g,10.047354624339645,15.576166053040295,19.17142356809594,99.0,P48
419,2458464.97201965,g,1.5822186970439864,1.5493235087995065,21.677219712326504,99.0,P48
420,2458464.97201965,g,1.5822186970439864,1.5493235087995065,21.677219712326504,99.0,P48
421,2458466.0313889,g,-0.2735741596021584,2.5140139288280796,21.15165579027554,99.0,P48
422,2458467.9470081003,g,-14.00564590680501,17.52885609435701,19.043191050054695,99.0,P48
423,2458467.9470081003,g,-14.00564590680501,17.52885609435701,19.043191050054695,99.0,P48
424,2458468.9557523,g,1.3649698106672832,2.3472782270949124,21.226163563277545,99.0,P48
425,2458469.9929514,g,-1.4230399554191464,2.069181070587937,21.36307874737196,99.0,P48
426,2458473.0053588,g,8.359247515142783,3.7706017675281247,20.71154832222559,99.0,P48
427,2458476.010625,g,5.040153633916262,8.249060655911304,19.8615637466278,99.0,P48
428,2458480.9883218,g,-1.3983053733475657,5.623618471707809,20.277535367226456,99.0,P48
429,2458482.9907986,g,-0.4676425678269309,3.8488945342513077,20.689234961891273,99.0,P48
430,2458486.9256713,g,-0.43060972362985134,4.655737608566975,20.48260374903872,99.0,P48
431,2458487.9696412003,g,0.09646261433758155,2.310090987246588,21.243502274839855,99.0,P48
432,2458491.9433333,g,-5.377266049601681,3.202984988227915,20.888687731124392,99.0,P48
433,2458494.9711574,g,1.159188943443064,2.662143577857187,21.08949630253273,99.0,P48
434,2458505.923912,g,1.153603274524882,24.02037187063998,18.701125672571337,99.0,P48
435,2458508.0182755003,g,10.4870775033009,9.282356998457711,19.733429320851066,99.0,P48
436,2458508.6942245,g,6.315374602069082,4.529315998389272,20.51249343586869,99.0,P48
437,2458511.9248727,g,-1.492223689359975,3.3221664931078694,20.849021504944567,99.0,P48
438,2458514.9543287004,g,-34.71147677541822,61.664579204040706,17.677485558553364,99.0,P48
439,2458522.9009837997,g,1.5609612215319453,2.9247193335502013,20.987364499216,99.0,P48
440,2458526.9130093,g,4.747983425776484,6.694760340041566,20.088237402429336,99.0,P48
441,2458534.7691204,g,1.54570840069878,13.600305699093726,19.3187033134665,99.0,P48
442,2458538.7695023,g,7.682855182753614,9.153830720454767,19.748567796999307,99.0,P48
443,2458541.7386806,g,3.7631499118648835,3.1682079033326707,20.900540806623617,99.0,P48
444,2458562.7360301004,g,9.040461673353077,14.163504488480791,19.27464817786224,99.0,P48
445,2458567.7010417003,g,4.936579584961019,3.7734087638652913,20.710740354718695,99.0,P48
446,2458572.6951619997,g,-5.2498096872661755,5.806320607203923,20.242822457744573,99.0,P48
447,2458575.7575694,g,1.2819492353503845,3.429986140408905,20.814344076193038,99.0,P48
448,2458584.7339931,g,-0.6541377362862583,4.077486543740218,20.6265936479503,99.0,P48
449,2458587.6976968,g,2.735544400516431,5.59255904288134,20.28354854462666,99.0,P48
450,2458592.6530903,g,5.931509233509863,7.412598498262002,19.977648795921418,99.0,P48
451,2458596.6873148,g,1.0026040093639716,3.363110566444411,20.83572212535794,99.0,P48
452,2458602.6931018997,g,1.2787379405240715,2.3460391882613685,21.2267368334116,99.0,P48
453,2458605.7271875,g,3.798129790903952,2.253042234132714,21.270651657121938,99.0,P48
454,2458608.6872685,g,3.235682608261407,2.698036299616525,21.074955518132043,99.0,P48
455,2458633.7193981004,g,4.536060929914916,4.1549448744657,20.606161823717734,99.0,P48
456,2458634.70537615,g,-1.7942553347968437,2.6623674341390036,21.089405008188727,99.0,P48
457,2458634.70537615,g,-1.7942553347968437,2.6623674341390036,21.089405008188727,99.0,P48
458,2458638.6832522997,g,2.369636602574206,3.38575160264286,20.828437257384685,99.0,P48
459,2458642.6706133997,g,-5.855353539917752,8.299482251908813,19.854947487783765,99.0,P48
460,2458645.7035995,g,-2.1621408567151095,9.04823370877999,19.76116546528967,99.0,P48
461,2458738.0060532,g,5.363124375218279,5.9050058207997225,20.22452416403212,99.0,P48
462,2458746.0251852,g,-8.210048623059498,13.993878680973667,19.287729727898665,99.0,P48
463,2458749.025787,g,0.6700415439842834,11.013577709805688,19.547753938045275,99.0,P48
464,2458751.9888772997,g,-1.2175854143791358,6.5809234552876,20.10685789061291,99.0,P48
465,2458756.975081,g,1.444252979071439,4.991637676267009,20.40696735401884,99.0,P48
466,2458760.9884837996,g,5.43960002823234,4.188536734716193,20.597419167441867,99.0,P48
467,2458765.0114236,g,1.954122620058402,3.0197096998823176,20.95266200411738,99.0,P48
468,2458767.9941667,g,5.225439182851653,4.050133175586263,20.633901729597774,99.0,P48
469,2458771.0304861,g,3.5734799721758916,8.82404629550637,19.78840554423153,99.0,P48
470,2458777.0376389,g,4.298663351841325,8.819124678822757,19.789011283139317,99.0,P48
471,2458780.0060880003,g,-1.5374434861636233,4.421174829973027,20.538730766930723,99.0,P48
472,2458786.0269792005,g,3.0941628415083477,3.071078201077548,20.93434780081681,99.0,P48
473,2458789.0078125,g,-0.8522856140452589,2.5869331807738054,21.12061196104466,99.0,P48
474,2458803.0468866,g,-13.8118841741442,6.193960933654208,20.172653834505965,99.0,P48
475,2458804.9887153,g,0.8295406446498749,8.144628585418136,19.875396778592602,99.0,P48
476,2458806.01829865,g,1.0962084704712178,4.8264851940661515,20.443497543490672,99.0,P48
477,2458806.01829865,g,1.0962084704712178,4.8264851940661515,20.443497543490672,99.0,P48
478,2458812.9261689996,g,0.934192802860015,2.881677296814166,21.003461626781665,99.0,P48
479,2458823.9360764,g,7.109659368196487,11.615903068354147,19.489942540914228,99.0,P48
480,2458834.0379109,g,1.9343953333615596,7.855360303745945,19.914659714847915,99.0,P48
481,2458834.0379109,g,1.9343953333615596,7.855360303745945,19.914659714847915,99.0,P48
482,2458839.9962616,g,88.53194767814121,66.78076760613614,17.59094647238529,99.0,P48
483,2458846.99643515,g,0.9702664955492533,1.795419059004628,21.517160411508627,99.0,P48
484,2458846.99643515,g,0.9702664955492533,1.795419059004628,21.517160411508627,99.0,P48
485,2458849.9717997503,g,4.1635116149128635,2.074212877427631,21.36044167369976,99.0,P48
486,2458849.9717997503,g,4.1635116149128635,2.074212877427631,21.36044167369976,99.0,P48
487,2458850.9370255,g,2.5812419378228912,2.9457626790474496,20.979580600079224,99.0,P48
488,2458852.0189468,g,0.6878450030736171,3.7875588237058886,20.706676522933563,99.0,P48
489,2458852.9924016,g,0.15793490738468097,1.5013899035041254,21.711341261631475,99.0,P48
490,2458852.9924016,g,0.15793490738468097,1.5013899035041254,21.711341261631475,99.0,P48
491,2458853.9732755,g,-1.4717851767278087,2.183213243005434,21.304834596591625,99.0,P48
492,2458854.9974305998,g,5.105096798808244,5.300619800726788,20.341758352753473,99.0,P48
493,2458855.96636575,g,2.8800492578343695,3.1510158110919493,20.906448533230066,99.0,P48
494,2458855.96636575,g,2.8800492578343695,3.1510158110919493,20.906448533230066,99.0,P48
495,2458860.0094907,g,6.64836431793089,11.417401347985734,19.508656819721505,99.0,P48
496,2458861.8538542003,g,15.89466479845863,11.628758788687737,19.488741583678248,99.0,P48
497,2458862.9315278,g,11.855090504815644,9.886652050748657,19.66495186432359,99.0,P48
498,2458864.9109490504,g,2.541566489120627,2.4738722933344546,21.169131797543677,99.0,P48
499,2458864.9109490504,g,2.541566489120627,2.4738722933344546,21.169131797543677,99.0,P48
500,2458866.8901157,g,-1.4010216597598921,2.571377486388814,21.127160396326047,99.0,P48
501,2458871.92310185,g,1.0691321529290965,2.19309855818816,21.299929615716877,99.0,P48
502,2458871.92310185,g,1.0691321529290965,2.19309855818816,21.299929615716877,99.0,P48
503,2458872.73636575,g,2.753433760832335,2.228473549087428,21.28255628019617,99.0,P48
504,2458872.73636575,g,2.753433760832335,2.228473549087428,21.28255628019617,99.0,P48
505,2458873.8503935,g,5.108684862541688,1.5797853514387237,22.12929283889835,0.3356748449215467,P48
506,2458873.8503935,g,5.108684862541688,1.5797853514387237,22.12929283889835,0.3356748449215467,P48
507,2458874.8668981665,g,2.789344725735411,1.2403734697461,21.918693817727572,99.0,P48
508,2458874.8668981665,g,2.789344725735411,1.2403734697461,21.918693817727572,99.0,P48
509,2458874.8668981665,g,2.789344725735411,1.2403734697461,21.918693817727572,99.0,P48
510,2458875.8259490496,g,0.16657912084853277,1.8542789197359135,21.48213733644116,99.0,P48
511,2458875.8259490496,g,0.16657912084853277,1.8542789197359135,21.48213733644116,99.0,P48
512,2458876.74145835,g,0.27507700974304944,1.853210963748753,21.482762837008316,99.0,P48
513,2458876.74145835,g,0.27507700974304944,1.853210963748753,21.482762837008316,99.0,P48
514,2458877.7393595665,g,0.9231981820336396,2.168020651853403,21.31241645207796,99.0,P48
515,2458877.7393595665,g,0.9231981820336396,2.168020651853403,21.31241645207796,99.0,P48
516,2458877.7393595665,g,0.9231981820336396,2.168020651853403,21.31241645207796,99.0,P48
517,2458878.7392708,g,3.3496579839096463,3.8482110732156065,20.68942777680919,99.0,P48
518,2458878.7392708,g,3.3496579839096463,3.8482110732156065,20.68942777680919,99.0,P48
519,2458879.7338040336,g,0.6101843261577374,2.7407372758227275,21.0579064728477,99.0,P48
520,2458879.7338040336,g,0.6101843261577374,2.7407372758227275,21.0579064728477,99.0,P48
521,2458879.7338040336,g,0.6101843261577374,2.7407372758227275,21.0579064728477,99.0,P48
522,2458880.9330092333,g,2.3439905349881793,1.6374238380176995,21.617172217497178,99.0,P48
523,2458880.9330092333,g,2.3439905349881793,1.6374238380176995,21.617172217497178,99.0,P48
524,2458880.9330092333,g,2.3439905349881793,1.6374238380176995,21.617172217497178,99.0,P48
525,2458881.7244849997,g,3.1776246381562925,3.394476428126158,20.825642996161314,99.0,P48
526,2458881.7244849997,g,3.1776246381562925,3.394476428126158,20.825642996161314,99.0,P48
527,2458883.923541667,g,3.4826647067907346,2.952974647458729,20.976925693213595,99.0,P48
528,2458883.923541667,g,3.4826647067907346,2.952974647458729,20.976925693213595,99.0,P48
529,2458883.923541667,g,3.4826647067907346,2.952974647458729,20.976925693213595,99.0,P48
530,2458884.79013315,g,-3.375924510247689,5.2826640765612005,20.34544250197235,99.0,P48
531,2458884.79013315,g,-3.375924510247689,5.2826640765612005,20.34544250197235,99.0,P48
532,2458885.7775,g,-1.634513581113055,7.990561590417559,19.896131730784695,99.0,P48
533,2458885.7775,g,-1.634513581113055,7.990561590417559,19.896131730784695,99.0,P48
534,2458886.72875,g,-0.7178947978708494,5.7802959660390325,20.247699799195644,99.0,P48
535,2458886.72875,g,-0.7178947978708494,5.7802959660390325,20.247699799195644,99.0,P48
536,2458887.75769095,g,6.730206686235748,6.951519239280157,20.04737566648604,99.0,P48
537,2458887.75769095,g,6.730206686235748,6.951519239280157,20.04737566648604,99.0,P48
538,2458888.7631770996,g,8.944177242568774,10.375719785668672,19.612529403265654,99.0,P48
539,2458888.7631770996,g,8.944177242568774,10.375719785668672,19.612529403265654,99.0,P48
540,2458890.779452167,g,9.22371258183629,5.080135141610005,20.387886825342456,99.0,P48
541,2458890.779452167,g,9.22371258183629,5.080135141610005,20.387886825342456,99.0,P48
542,2458890.779452167,g,9.22371258183629,5.080135141610005,20.387886825342456,99.0,P48
543,2458891.70024305,g,0.19025386244493625,3.3836424990153655,20.829113811359143,99.0,P48
544,2458891.70024305,g,0.19025386244493625,3.3836424990153655,20.829113811359143,99.0,P48
545,2458893.7372299,g,2.7304525279086573,1.4653855007287604,21.737695263926888,99.0,P48
546,2458893.7372299,g,2.7304525279086573,1.4653855007287604,21.737695263926888,99.0,P48
547,2458893.7372299,g,2.7304525279086573,1.4653855007287604,21.737695263926888,99.0,P48
548,2458894.8056076495,g,1.5807294928375384,1.6626705046503873,21.60055950770804,99.0,P48
549,2458894.8056076495,g,1.5807294928375384,1.6626705046503873,21.60055950770804,99.0,P48
550,2458895.72323495,g,0.501346166786881,1.8406786979826144,21.490130023428478,99.0,P48
551,2458895.72323495,g,0.501346166786881,1.8406786979826144,21.490130023428478,99.0,P48
552,2458896.7440007664,g,2.990703235368488,1.491850702748463,21.718261581145377,99.0,P48
553,2458896.7440007664,g,2.990703235368488,1.491850702748463,21.718261581145377,99.0,P48
554,2458896.7440007664,g,2.990703235368488,1.491850702748463,21.718261581145377,99.0,P48
555,2458898.7607176,g,4.237130560015038,2.1844250138067194,21.30423213668665,99.0,P48
556,2458899.7171528004,g,2.4889761225318066,1.670498341581479,21.595459867109,99.0,P48
557,2458899.7171528004,g,2.4889761225318066,1.670498341581479,21.595459867109,99.0,P48
558,2458900.79873265,g,0.5745614452560744,1.7561202399672347,21.54118936831202,99.0,P48
559,2458900.79873265,g,0.5745614452560744,1.7561202399672347,21.54118936831202,99.0,P48
560,2458903.76114005,g,3.055744674581413,1.652683352837047,21.607100857785305,99.0,P48
561,2458903.76114005,g,3.055744674581413,1.652683352837047,21.607100857785305,99.0,P48
562,2458904.7620718,g,-1.3713335614141404,2.2496082636382297,21.272307742495048,99.0,P48
563,2458905.7696991,g,3.5391356733361947,3.3152709689887305,20.851277412566475,99.0,P48
564,2458909.75921875,g,4.57392199627596,3.2206335863065965,20.882721695037645,99.0,P48
565,2458909.75921875,g,4.57392199627596,3.2206335863065965,20.882721695037645,99.0,P48
566,2458912.73890045,g,3.603121203458224,3.162910014360578,20.902357898417886,99.0,P48
567,2458912.73890045,g,3.603121203458224,3.162910014360578,20.902357898417886,99.0,P48
568,2458913.7605093,g,0.7086085763031791,5.233709439778013,20.35555096862184,99.0,P48
569,2458914.7101273,g,3.7777657270509257,8.183028158077509,19.870289875158168,99.0,P48
570,2458914.7101273,g,3.7777657270509257,8.183028158077509,19.870289875158168,99.0,P48
571,2458915.71539935,g,-2.0696776551704494,6.287107127673276,20.156447837981883,99.0,P48
572,2458915.71539935,g,-2.0696776551704494,6.287107127673276,20.156447837981883,99.0,P48
573,2458939.7870949,g,13.025805378337804,7.512289832662125,19.963144151272523,99.0,P48
574,2458940.6784491,g,-1.1425060423456166,3.8500802808921057,20.688900525658227,99.0,P48
575,2458941.6666204,g,0.01905403896148387,5.409633496065732,20.319655382783573,99.0,P48
576,2458954.67453125,g,1.8058345046271655,1.9171119259261056,21.4459563170416,99.0,P48
577,2458954.67453125,g,1.8058345046271655,1.9171119259261056,21.4459563170416,99.0,P48
578,2458956.7253356003,g,1.551971381334478,2.3361839689371773,21.231307390545844,99.0,P48
579,2458962.71923035,g,3.7286834371627884,1.8279797711574497,21.497646525604296,99.0,P48
580,2458962.71923035,g,3.7286834371627884,1.8279797711574497,21.497646525604296,99.0,P48
581,2458963.7144444496,g,0.63660261057764,1.8147680942996958,21.505522150992437,99.0,P48
582,2458963.7144444496,g,0.63660261057764,1.8147680942996958,21.505522150992437,99.0,P48
583,2458964.6970369997,g,2.0259153790683566,2.4099746975225624,21.197543781876327,99.0,P48
584,2458965.7023206498,g,0.7878793560585685,1.6430958660724577,21.613417731680517,99.0,P48
585,2458965.7023206498,g,0.7878793560585685,1.6430958660724577,21.613417731680517,99.0,P48
586,2458966.7353009,g,5.964654472435413,9.439933251468386,19.71515268048614,99.0,P48
587,2458967.6939005,g,-1.0075749332846264,3.075396424336262,20.932822226438223,99.0,P48
588,2458968.7439178503,g,2.3192335605934513,2.656594472869067,21.09176182729374,99.0,P48
589,2458968.7439178503,g,2.3192335605934513,2.656594472869067,21.09176182729374,99.0,P48
590,2458969.6942708,g,16.9683028203389,22.163609842179422,18.788473748064355,99.0,P48
591,2458970.7274653,g,-2.1738944094070827,5.624695467117198,20.2773274546596,99.0,P48
592,2458971.74163775,g,5.499418628932536,4.541893511126758,20.50948262023676,99.0,P48
593,2458971.74163775,g,5.499418628932536,4.541893511126758,20.50948262023676,99.0,P48
594,2458972.7146759,g,-1.8781148171671642,7.3463434878036455,19.987396912947602,99.0,P48
595,2458973.7215625,g,3.1425568519436036,7.864432844597735,19.913406468437778,99.0,P48
596,2458974.6839178503,g,0.7746989470729719,4.187594324666906,20.59766348279637,99.0,P48
597,2458974.6839178503,g,0.7746989470729719,4.187594324666906,20.59766348279637,99.0,P48
598,2458975.7179051004,g,5.837349364854859,7.978525504769869,19.897768394965677,99.0,P48
599,2458976.6839698995,g,-5.0436312281796045,7.342231125003158,19.988004860473342,99.0,P48
600,2458977.65625575,g,61.1951807804438,5.8452788091535846,19.433272567035573,0.10368545474358512,P48
601,2458977.65625575,g,61.1951807804438,5.8452788091535846,19.433272567035573,0.10368545474358512,P48
602,2458978.6779861,g,125.1124382514208,3.4042318338386317,18.65681440249652,0.029535781631926352,P48
603,2458979.7132407003,g,143.10134977432682,3.674605302343831,18.510956296848946,0.027873839498960745,P48
604,2458980.6870139,g,141.39544937162134,2.4021577033919597,18.523977041073387,0.018441485907928497,P48
605,2458980.6870139,g,141.39544937162134,2.4021577033919597,18.523977041073387,0.018441485907928497,P48
606,2458981.6744560003,g,143.87139883164417,3.440585976874678,18.505129456832158,0.025958989126586653,P48
607,2458985.6770255,g,100.58799908062541,3.084728332616281,18.893700199407945,0.033288987112379424,P48
608,2458986.6793403,g,93.67761243885384,2.21390522904017,18.970976088925603,0.025653878910414596,P48
609,2458986.6793403,g,93.67761243885384,2.21390522904017,18.970976088925603,0.025653878910414596,P48
610,2458987.7042245,g,78.7362157175742,2.997921735589906,19.159629278407,0.04133096840284749,P48
611,2458991.6624884,g,49.74279517933578,4.716408744664607,19.658240157841796,0.10292267802554544,P48
612,2458992.6871875,g,51.86289991713124,3.370733068011008,19.612923630497146,0.07055006085607139,P48
613,2458993.73373265,g,53.54642265568095,3.3242874887943694,19.57823946810642,0.06739038557795134,P48
614,2458993.73373265,g,53.54642265568095,3.3242874887943694,19.57823946810642,0.06739038557795134,P48
615,2458995.6738657,g,40.24664071405083,3.416606515757823,19.888241530412905,0.09214996101675471,P48
616,2458996.67738425,g,41.96998280568548,2.5146201414301377,19.84271864405917,0.06503743821292786,P48
617,2458996.67738425,g,41.96998280568548,2.5146201414301377,19.84271864405917,0.06503743821292786,P48
618,2458997.6697685,g,41.298677918209634,4.653752244094683,19.86022524992189,0.12231984934165116,P48
619,2458998.6861457997,g,40.59136667062015,4.708408574316281,19.878981437724118,0.12591292007715585,P48
620,2458999.7038078997,g,37.27121872320854,6.921008800198662,19.971631637572916,0.20156987911794533,P48
621,2459005.676331,g,34.42155416062456,9.736092419445722,20.057989434341042,0.3070322819240353,P48
622,2459013.7200694,g,17.52240088558453,6.999435662151474,20.039917424372014,99.0,P48
623,2459125.0116319,g,-2.6742964980015156,10.739994290450566,19.575064862945354,99.0,P48
624,2459126.9906829,g,1.3705476848408895,8.384986833174851,19.84381902671942,99.0,P48
625,2459128.9550231,g,19.824395457042378,11.169659826972836,19.532475122064355,99.0,P48
626,2459130.9964814996,g,7.3209276517621,8.331615187866575,19.850751981687644,99.0,P48
627,2459135.9695255,g,2.0380454971846254,3.400426151076146,20.823741620478376,99.0,P48
628,2459137.9543171003,g,2.233137169299824,3.8643712543574114,20.68487788193019,99.0,P48
629,2459139.9512731005,g,4.199478866615744,5.102854513129081,20.383042023182373,99.0,P48
630,2459141.9707522998,g,8.878574662032936,2.7232710847228505,21.52920749446263,0.3329487980889255,P48
631,2459144.0160069,g,4.726670218169098,2.167808142848668,21.312522880966828,99.0,P48
632,2459145.9753125,g,2.2524200992468173,2.6099542512605876,21.11099275203955,99.0,P48
633,2459150.0103125,g,3.741922744486097,3.5719053107022503,20.770325145522783,99.0,P48
634,2459151.9952199,g,2.0193276794561346,5.3865433603870745,20.324299588753348,99.0,P48
635,2458261.6900520995,i,-16.629536599495484,6.143066965219322,20.181611865248676,99.0,P48
636,2458261.6900520995,i,-16.629536599495484,6.143066965219322,20.181611865248676,99.0,P48
637,2458915.7700463,i,12.664343080868713,13.909887161516172,19.294265971751663,99.0,P48
638,2458980.7442,r,110.64343674072285,8.152781559600099,18.790185857229897,0.08,P60+SEDM
