,JD,Filter,Flux,eFlux,Mag,eMag,Telescope
0,2458214.7087383997,r,-9.867847806160569,19.057311055249837,18.952420932592254,99.0,P48
1,2458217.7266667006,r,-1.6757398857006587,5.314171465653566,20.338986081331377,99.0,P48
2,2458221.6966782003,r,-32.96272426236139,17.313298586981404,19.056625441706075,99.0,P48
3,2458224.6593866004,r,11.610213227790956,13.207964072677738,19.35048529185803,99.0,P48
4,2458224.6593866004,r,11.610213227790956,13.207964072677738,19.35048529185803,99.0,P48
5,2458227.6528009,r,-7.151282314147961,4.475692281526827,20.525424439865958,99.0,P48
6,2458231.6753125,r,0.5391719305208545,4.684717989678319,20.475866358204442,99.0,P48
7,2458243.6620833,r,-5.438524915023324,5.172393941187135,20.368346003372032,99.0,P48
8,2458249.6604167004,r,1.9789797779146743,12.053961794222213,19.449750462632853,99.0,P48
9,2458258.6971643995,r,-0.01327469144390797,5.266534572413468,20.348762640467687,99.0,P48
10,2458361.0125926,r,-5.716291129006136,5.223559831497791,20.357658555286847,99.0,P48
11,2458367.0059606005,r,-3.3433690656548225,3.7229810112055883,20.725347936318556,99.0,P48
12,2458370.008206,r,0.24562736630738013,3.254984970256411,20.871202520224905,99.0,P48
13,2458373.0132639,r,2.0272419788605496,3.6327864800834613,20.751975307637373,99.0,P48
14,2458376.0108681,r,-1.1357031905807815,3.4813161524133838,20.79821632637163,99.0,P48
15,2458379.0113310004,r,-2.8847921407555805,3.505800929551074,20.79060685954591,99.0,P48
16,2458383.025706,r,-1.4813538906503423,6.01351178191397,20.204754573674354,99.0,P48
17,2458387.9672222002,r,-4.815219027018658,11.59709450236384,19.49170199877502,99.0,P48
18,2458389.0143692,r,-3.003919875579412,3.9600803959846096,20.65831498193578,99.0,P48
19,2458389.0143692,r,-3.003919875579412,3.9600803959846096,20.65831498193578,99.0,P48
20,2458390.0124884,r,-0.9533301117971468,4.6639821148062435,20.480682798298773,99.0,P48
21,2458391.0122222,r,-1.8867175546358885,5.159601049087097,20.3710346831919,99.0,P48
22,2458398.0105556,r,0.673716003481043,4.565493652792941,20.50385563081886,99.0,P48
23,2458423.8865741002,r,-3.183463870386069,4.561988963121145,20.50468941354083,99.0,P48
24,2458425.96890625,r,-1.3310816333162847,2.6163627667407696,21.10833008892942,99.0,P48
25,2458425.96890625,r,-1.3310816333162847,2.6163627667407696,21.10833008892942,99.0,P48
26,2458426.9069444,r,6.069876707188103,3.461898041881962,20.804289306409217,99.0,P48
27,2458427.9707522998,r,6.901764666002126,4.085018481600341,20.624589924847566,99.0,P48
28,2458429.00987845,r,1.6541506098408072,2.745818967289103,21.055895237479035,99.0,P48
29,2458429.00987845,r,1.6541506098408072,2.745818967289103,21.055895237479035,99.0,P48
30,2458429.9125,r,-3.1339950981640587,3.1873645513730224,20.89399564346955,99.0,P48
31,2458430.9705439997,r,-3.513089925044632,3.2867255643274835,20.860666382191347,99.0,P48
32,2458432.0110243,r,-6.286213063981283,4.6106492150877845,20.49316978486216,99.0,P48
33,2458432.0110243,r,-6.286213063981283,4.6106492150877845,20.49316978486216,99.0,P48
34,2458432.9091667,r,-7.594717538559132,4.268858235574606,20.576795657742714,99.0,P48
35,2458434.9487036997,r,-2.2994395440406823,5.985740654338994,20.209780248840666,99.0,P48
36,2458434.9487036997,r,-2.2994395440406823,5.985740654338994,20.209780248840666,99.0,P48
37,2458435.8856134,r,-6.00253197127502,7.785842227021774,19.92431099193375,99.0,P48
38,2458436.8673264,r,-33.93386935531656,134.39870843446337,16.831587251191344,99.0,P48
39,2458437.8889293997,r,2.9762180324781857,3.0171440030021697,20.953584892197178,99.0,P48
40,2458437.8889293997,r,2.9762180324781857,3.0171440030021697,20.953584892197178,99.0,P48
41,2458439.0096064997,r,0.09767093559733503,3.5575497006469456,20.774697548916414,99.0,P48
42,2458439.8346528,r,-3.636393552580969,4.338535338206621,20.559217141123703,99.0,P48
43,2458441.0142882,r,-2.0371219794683633,2.4595215726189967,21.175448398819015,99.0,P48
44,2458441.0142882,r,-2.0371219794683633,2.4595215726189967,21.175448398819015,99.0,P48
45,2458441.9136169,r,2.480694643494848,3.9346165335906362,20.66531895775303,99.0,P48
46,2458441.9136169,r,2.480694643494848,3.9346165335906362,20.66531895775303,99.0,P48
47,2458443.0329167005,r,-3.1513496881937026,5.192735130237409,20.364084562226527,99.0,P48
48,2458443.90921875,r,-7.754389842368998,3.688667915800598,20.735401093588997,99.0,P48
49,2458443.90921875,r,-7.754389842368998,3.688667915800598,20.735401093588997,99.0,P48
50,2458447.9271295997,r,-4.215974308354205,5.7113475499470185,20.260728516942926,99.0,P48
51,2458447.9271295997,r,-4.215974308354205,5.7113475499470185,20.260728516942926,99.0,P48
52,2458448.968009267,r,-2.1896449086632805,3.885511647689504,20.678954451177688,99.0,P48
53,2458448.968009267,r,-2.1896449086632805,3.885511647689504,20.678954451177688,99.0,P48
54,2458448.968009267,r,-2.1896449086632805,3.885511647689504,20.678954451177688,99.0,P48
55,2458449.8952160664,r,2.654181681609503,3.2762963663682596,20.86411703875222,99.0,P48
56,2458449.8952160664,r,2.654181681609503,3.2762963663682596,20.86411703875222,99.0,P48
57,2458449.8952160664,r,2.654181681609503,3.2762963663682596,20.86411703875222,99.0,P48
58,2458450.8811863502,r,-8.529136571129948,3.9604512129018246,20.65821331973114,99.0,P48
59,2458450.8811863502,r,-8.529136571129948,3.9604512129018246,20.65821331973114,99.0,P48
60,2458456.00375,r,-2.751024223094525,7.719451373747987,19.93360889953192,99.0,P48
61,2458456.7557098665,r,-2.3767759384474707,3.309402472699204,20.853201021514693,99.0,P48
62,2458456.7557098665,r,-2.3767759384474707,3.309402472699204,20.853201021514693,99.0,P48
63,2458456.7557098665,r,-2.3767759384474707,3.309402472699204,20.853201021514693,99.0,P48
64,2458457.7592593,r,-2.0874391643258043,8.98825077043909,19.76838703754182,99.0,P48
65,2458462.02019675,r,-7.529958908297747,4.26246927848773,20.578421834514188,99.0,P48
66,2458462.02019675,r,-7.529958908297747,4.26246927848773,20.578421834514188,99.0,P48
67,2458463.0272106,r,-193.51926488869063,289.96637093205845,15.996705906184236,99.0,P48
68,2458464.79980905,r,1.44612231404646,3.394108913832969,20.825760553370706,99.0,P48
69,2458464.79980905,r,1.44612231404646,3.394108913832969,20.825760553370706,99.0,P48
70,2458465.9907639,r,2.5719935224795174,4.204177737253575,20.593372318844626,99.0,P48
71,2458468.0132697,r,76.3712057416969,60.501602837016584,17.698157788311804,99.0,P48
72,2458468.0132697,r,76.3712057416969,60.501602837016584,17.698157788311804,99.0,P48
73,2458468.9873148,r,-6.329616995708429,3.806915063226585,20.70114202091147,99.0,P48
74,2458471.7831539,r,-5.0341385487559815,5.110961877140888,20.38131838528932,99.0,P48
75,2458471.7831539,r,-5.0341385487559815,5.110961877140888,20.38131838528932,99.0,P48
76,2458472.9236921,r,-1.5669369384446363,5.747570446292011,20.253864231673603,99.0,P48
77,2458474.82596645,r,10.47757441935518,5.813447552046359,20.24149059244244,99.0,P48
78,2458474.82596645,r,10.47757441935518,5.813447552046359,20.24149059244244,99.0,P48
79,2458476.9339582995,r,-0.4687583905221303,6.8097452418947935,20.069747826892254,99.0,P48
80,2458480.9438194,r,6.382568133253328,5.437062586780198,20.314164158523973,99.0,P48
81,2458481.9537384,r,-5.194726234396644,5.139842741111355,20.37520041040346,99.0,P48
82,2458486.9678241,r,0.2798281468504174,3.115149628744285,20.918877709683777,99.0,P48
83,2458486.9678241,r,0.2798281468504174,3.115149628744285,20.918877709683777,99.0,P48
84,2458487.928669,r,2.0305942591714152,6.305046234443455,20.153354300233733,99.0,P48
85,2458490.71893515,r,2.2880080735939727,3.2166273235306253,20.884073122349406,99.0,P48
86,2458490.71893515,r,2.2880080735939727,3.2166273235306253,20.884073122349406,99.0,P48
87,2458491.7560764,r,-3.924025105511625,5.717902169251895,20.259483187906852,99.0,P48
88,2458492.7835764,r,-0.25393605143792,14.23669287969267,19.269052198300137,99.0,P48
89,2458504.76498265,r,5.436299485991137,4.638543707106793,20.486620856328287,99.0,P48
90,2458504.76498265,r,5.436299485991137,4.638543707106793,20.486620856328287,99.0,P48
91,2458505.6330323997,r,2.692233577352132,10.454688501199383,19.604297245444926,99.0,P48
92,2458506.92831595,r,7.388572224726947,8.150811978937488,19.874572801541117,99.0,P48
93,2458506.92831595,r,7.388572224726947,8.150811978937488,19.874572801541117,99.0,P48
94,2458507.7529398,r,0.16370922289294323,5.505214621308186,20.300639352537694,99.0,P48
95,2458508.7375694,r,12.499815964044794,4.976665497431233,20.41022886173323,99.0,P48
96,2458509.7800174,r,-4.198128715855057,4.556551525018725,20.505984275172768,99.0,P48
97,2458509.7800174,r,-4.198128715855057,4.556551525018725,20.505984275172768,99.0,P48
98,2458510.7794212997,r,-5.7695125742123015,11.025463532878915,19.546582846295593,99.0,P48
99,2458513.9188079,r,0.16253125172750157,2.50324613458838,21.15631610361514,99.0,P48
100,2458514.9099884,r,-1.5358250623715342,4.548233259288228,20.50796816496065,99.0,P48
101,2458522.7143171,r,-4.330286831895938,3.426847415141296,20.81533807083218,99.0,P48
102,2458523.71810765,r,-0.1748860425306115,2.211822018346715,21.290699546456892,99.0,P48
103,2458523.71810765,r,-0.1748860425306115,2.211822018346715,21.290699546456892,99.0,P48
104,2458526.6902141,r,0.4275501916177977,5.246736143908834,20.352851928495312,99.0,P48
105,2458526.6902141,r,0.4275501916177977,5.246736143908834,20.352851928495312,99.0,P48
106,2458534.837677466,r,0.38867874128907093,6.868620886724754,20.060401123734668,99.0,P48
107,2458534.837677466,r,0.38867874128907093,6.868620886724754,20.060401123734668,99.0,P48
108,2458534.837677466,r,0.38867874128907093,6.868620886724754,20.060401123734668,99.0,P48
109,2458538.7285069497,r,-49.398513529175496,26.927102033501914,18.57710094916829,99.0,P48
110,2458538.7285069497,r,-49.398513529175496,26.927102033501914,18.57710094916829,99.0,P48
111,2458539.8103819,r,-12.0779589405048,74.28837767995869,17.475272803489283,99.0,P48
112,2458540.7255787,r,-0.9225535918294772,2.331455720287566,21.233507060118356,99.0,P48
113,2458540.7255787,r,-0.9225535918294772,2.331455720287566,21.233507060118356,99.0,P48
114,2458541.7809433,r,-10.369670254269918,7.164117887969355,20.014668179916054,99.0,P48
115,2458541.7809433,r,-10.369670254269918,7.164117887969355,20.014668179916054,99.0,P48
116,2458543.7464468,r,-4.880044182761785,5.150135290824737,20.37302839457305,99.0,P48
117,2458546.8003819,r,1.7299273618264142,4.861490555916081,20.435651373123356,99.0,P48
118,2458547.6965278,r,-2.0616035093806753,3.449595140053659,20.8081546708668,99.0,P48
119,2458556.6822627503,r,-0.861481146361797,5.127715543813107,20.37776517661688,99.0,P48
120,2458556.6822627503,r,-0.861481146361797,5.127715543813107,20.37776517661688,99.0,P48
121,2458557.740162,r,23.54278185886658,8.563413841682825,19.8209576577706,99.0,P48
122,2458558.7362673497,r,0.7578744316789021,5.08065522655172,20.387775677482733,99.0,P48
123,2458558.7362673497,r,0.7578744316789021,5.08065522655172,20.387775677482733,99.0,P48
124,2458559.7215972003,r,-2.799767336695645,4.139683961355199,20.610157022274734,99.0,P48
125,2458559.7215972003,r,-2.799767336695645,4.139683961355199,20.610157022274734,99.0,P48
126,2458560.8281134,r,-12.425080357187069,7.84862099778125,19.91559159432351,99.0,P48
127,2458562.65762155,r,-1.169148133713217,7.629575818404033,19.946324006280417,99.0,P48
128,2458562.65762155,r,-1.169148133713217,7.629575818404033,19.946324006280417,99.0,P48
129,2458567.7177546,r,-1.0445537089920076,2.5971330764533516,21.11633948080806,99.0,P48
130,2458567.7177546,r,-1.0445537089920076,2.5971330764533516,21.11633948080806,99.0,P48
131,2458573.74322915,r,-1.1022550049142672,3.58653454246717,20.76588744428816,99.0,P48
132,2458573.74322915,r,-1.1022550049142672,3.58653454246717,20.76588744428816,99.0,P48
133,2458574.7168634003,r,13.257460569144211,11.240954714379946,19.525566993644297,99.0,P48
134,2458574.7168634003,r,13.257460569144211,11.240954714379946,19.525566993644297,99.0,P48
135,2458575.7157176,r,-12.872115607383066,13.05440121469125,19.363182598670505,99.0,P48
136,2458581.73739585,r,-1.3719624801054702,2.400841669734399,21.201666188588366,99.0,P48
137,2458581.73739585,r,-1.3719624801054702,2.400841669734399,21.201666188588366,99.0,P48
138,2458582.7453125,r,-1.6428205067512425,3.977939227570401,20.653429629250525,99.0,P48
139,2458584.666169,r,-7.509662751151607,5.6252131044718405,20.277227539604525,99.0,P48
140,2458585.6640972,r,5.301965144710565,5.661553761632407,20.27023589992616,99.0,P48
141,2458586.6990509,r,-5.792046219288139,5.719635138890726,20.259154175140846,99.0,P48
142,2458587.66434605,r,4.925069835998502,5.8950605766264434,20.22635430868675,99.0,P48
143,2458587.66434605,r,4.925069835998502,5.8950605766264434,20.22635430868675,99.0,P48
144,2458588.6580093,r,0.2689339487553684,14.503838972348214,19.248867565669265,99.0,P48
145,2458589.69822915,r,-7.27560570316163,16.19988431134272,19.128795206372033,99.0,P48
146,2458589.69822915,r,-7.27560570316163,16.19988431134272,19.128795206372033,99.0,P48
147,2458591.6457292004,r,-4.009137451693839,6.5698048648745795,20.10869381311695,99.0,P48
148,2458592.7359837997,r,3.356884042413172,7.591974935428737,19.951688075116262,99.0,P48
149,2458593.8285185,r,-8.693538381700193,9.310676530332048,19.730121892314735,99.0,P48
150,2458594.6666262,r,-0.5024954858092302,2.9165512756500127,20.99040094883744,99.0,P48
151,2458594.6666262,r,-0.5024954858092302,2.9165512756500127,20.99040094883744,99.0,P48
152,2458599.6594328997,r,-0.20385295293881495,3.871201254244737,20.682960614636812,99.0,P48
153,2458601.768669,r,0.040485374848738376,3.035955147001111,20.946836611577144,99.0,P48
154,2458601.768669,r,0.040485374848738376,3.035955147001111,20.946836611577144,99.0,P48
155,2458602.7465741,r,-29.877245417663282,19.081159085336143,18.95106310817213,99.0,P48
156,2458606.6775752497,r,0.9218054314831655,2.752821592909952,21.053129823667383,99.0,P48
157,2458606.6775752497,r,0.9218054314831655,2.752821592909952,21.053129823667383,99.0,P48
158,2458608.7238194,r,-5.289774675249763,4.655538931832673,20.482650082218186,99.0,P48
159,2458617.721059,r,6.654895004339627,4.486866686872307,20.52271707408358,99.0,P48
160,2458617.721059,r,6.654895004339627,4.486866686872307,20.52271707408358,99.0,P48
161,2458618.7713194,r,-8.14473609120115,7.288761307698146,19.99594066868758,99.0,P48
162,2458650.679418425,r,-3.6219930494081316,4.863906984296905,20.435111836549677,99.0,P48
163,2458650.679418425,r,-3.6219930494081316,4.863906984296905,20.435111836549677,99.0,P48
164,2458650.679418425,r,-3.6219930494081316,4.863906984296905,20.435111836549677,99.0,P48
165,2458650.679418425,r,-3.6219930494081316,4.863906984296905,20.435111836549677,99.0,P48
166,2458653.6769560333,r,3.239496502042438,4.950592831100488,20.41593196765458,99.0,P48
167,2458653.6769560333,r,3.239496502042438,4.950592831100488,20.41593196765458,99.0,P48
168,2458653.6769560333,r,3.239496502042438,4.950592831100488,20.41593196765458,99.0,P48
169,2458731.0142477,r,10.272584794962512,6.252629074136817,20.1624183248762,99.0,P48
170,2458734.0118866,r,-2.0431593856166175,4.207331212240924,20.59255823372731,99.0,P48
171,2458737.0078819,r,-2.4450283762916856,4.246924699206463,20.58238858733609,99.0,P48
172,2458739.9693403,r,-8.897898264411975,7.981512000795993,19.897362061722706,99.0,P48
173,2458741.0122742997,r,-4.016146333620687,4.9430173068602095,20.417594661540925,99.0,P48
174,2458741.0122742997,r,-4.016146333620687,4.9430173068602095,20.417594661540925,99.0,P48
175,2458745.9920023,r,9.673471443799873,7.698686492585706,19.936533402749085,99.0,P48
176,2458748.9890856002,r,3.692825243099447,5.539801316998545,20.293839516182963,99.0,P48
177,2458757.0132522997,r,-1.288893827673462,4.429380060366223,20.536717623490798,99.0,P48
178,2458757.9475578996,r,5.406589229683157,4.994937424917436,20.406249859448288,99.0,P48
179,2458762.0154456,r,0.5587603333928001,2.7164935849093506,21.067553279735016,99.0,P48
180,2458762.0154456,r,0.5587603333928001,2.7164935849093506,21.067553279735016,99.0,P48
181,2458767.034375,r,-8.465533331856504,5.7336121460749085,20.25650421048195,99.0,P48
182,2458769.9714236,r,-9.277722439222403,7.692953687569199,19.93734219429777,99.0,P48
183,2458770.8880729,r,-0.7922173912962498,7.8099866701515435,19.920949257566757,99.0,P48
184,2458770.8880729,r,-0.7922173912962498,7.8099866701515435,19.920949257566757,99.0,P48
185,2458771.9313947,r,6.841535936368572,7.801099990468145,19.92218537791178,99.0,P48
186,2458771.9313947,r,6.841535936368572,7.801099990468145,19.92218537791178,99.0,P48
187,2458776.9869271,r,-1.8361315743832478,4.797030452338161,20.450143800541362,99.0,P48
188,2458776.9869271,r,-1.8361315743832478,4.797030452338161,20.450143800541362,99.0,P48
189,2458778.9943981003,r,-4.619639283447207,6.472355171993705,20.124919135988147,99.0,P48
190,2458782.008287,r,0.08694992281387881,7.32210744590966,19.990984745392698,99.0,P48
191,2458784.0181307998,r,3.6312872521362913,4.408204752769514,20.541920592987125,99.0,P48
192,2458784.0181307998,r,3.6312872521362913,4.408204752769514,20.541920592987125,99.0,P48
193,2458785.0329514,r,-3.4020552027645268,10.61133253355318,19.588150177938346,99.0,P48
194,2458789.0403819,r,1.7450337472387203,4.264530982237726,20.577896804285498,99.0,P48
195,2458792.0081829,r,-6.045469012722636,4.362090343716005,20.55333834902263,99.0,P48
196,2458794.9306829,r,-4.696365891042615,3.557472982835681,20.774720962841837,99.0,P48
197,2458798.9306018995,r,7.763144678602288,8.078448465625282,19.88425509202546,99.0,P48
198,2458799.838140433,r,-2.7528229382908806,5.068138568095884,20.390453788086496,99.0,P48
199,2458799.838140433,r,-2.7528229382908806,5.068138568095884,20.390453788086496,99.0,P48
200,2458799.838140433,r,-2.7528229382908806,5.068138568095884,20.390453788086496,99.0,P48
201,2458805.0358565,r,-3.2877950264023963,8.974768116915712,19.77001689808,99.0,P48
202,2458813.0609491,r,8.29447637220013,5.4744826273900165,20.306717284346078,99.0,P48
203,2458819.9965856,r,-94.55275055373993,66.74258575557006,17.591567418723297,99.0,P48
204,2458824.0476619997,r,8.240362579217912,26.453769346479632,18.596356082755193,99.0,P48
205,2458827.8195717335,r,-2.53172007041987,4.9697178268361295,20.411745662058486,99.0,P48
206,2458827.8195717335,r,-2.53172007041987,4.9697178268361295,20.411745662058486,99.0,P48
207,2458827.8195717335,r,-2.53172007041987,4.9697178268361295,20.411745662058486,99.0,P48
208,2458828.769560166,r,2.417123959262415,37.543590342043686,18.21623548312577,99.0,P48
209,2458828.769560166,r,2.417123959262415,37.543590342043686,18.21623548312577,99.0,P48
210,2458828.769560166,r,2.417123959262415,37.543590342043686,18.21623548312577,99.0,P48
211,2458830.8512529,r,3.5988206842935084,3.460110325923622,20.80485012283122,99.0,P48
212,2458830.8512529,r,3.5988206842935084,3.460110325923622,20.80485012283122,99.0,P48
213,2458830.8512529,r,3.5988206842935084,3.460110325923622,20.80485012283122,99.0,P48
214,2458830.8512529,r,3.5988206842935084,3.460110325923622,20.80485012283122,99.0,P48
215,2458831.9266666663,r,-4.258944565841958,4.793277081017908,20.450993652608396,99.0,P48
216,2458831.9266666663,r,-4.258944565841958,4.793277081017908,20.450993652608396,99.0,P48
217,2458831.9266666663,r,-4.258944565841958,4.793277081017908,20.450993652608396,99.0,P48
218,2458833.8624583604,r,-1.113720826546503,3.7641001329888444,20.713422069018662,99.0,P48
219,2458833.8624583604,r,-1.113720826546503,3.7641001329888444,20.713422069018662,99.0,P48
220,2458833.8624583604,r,-1.113720826546503,3.7641001329888444,20.713422069018662,99.0,P48
221,2458833.8624583604,r,-1.113720826546503,3.7641001329888444,20.713422069018662,99.0,P48
222,2458833.8624583604,r,-1.113720826546503,3.7641001329888444,20.713422069018662,99.0,P48
223,2458836.9939699,r,-1.41818767267485,3.2304513574276092,20.879416974086467,99.0,P48
224,2458836.9939699,r,-1.41818767267485,3.2304513574276092,20.879416974086467,99.0,P48
225,2458837.9241435,r,-5.201606745615717,7.75161337241851,19.929094731018015,99.0,P48
226,2458838.9270023,r,-12.579585439983607,29.24938464441213,18.48728315485355,99.0,P48
227,2458846.7897685003,r,0.8455863736863979,3.692070119956289,20.734400137730233,99.0,P48
228,2458850.9732639,r,-2.337467736751322,6.558862298286265,20.110503706432304,99.0,P48
229,2458851.9676042004,r,-8.367760896631907,4.5597817212277825,20.50521485592828,99.0,P48
230,2458852.9258565,r,-1.2487722753917112,3.072237339070685,20.933938081312036,99.0,P48
231,2458853.9327662,r,3.271174353356793,3.129620256080217,20.913845879075076,99.0,P48
232,2458854.8335474497,r,-2.304107807714926,6.680012629617135,20.090631780213663,99.0,P48
233,2458854.8335474497,r,-2.304107807714926,6.680012629617135,20.090631780213663,99.0,P48
234,2458855.8233217997,r,-2.2905468232102097,5.219912882829008,20.35841685177995,99.0,P48
235,2458856.702430567,r,-0.29183400320805775,4.001524262194283,20.647011352987953,99.0,P48
236,2458856.702430567,r,-0.29183400320805775,4.001524262194283,20.647011352987953,99.0,P48
237,2458856.702430567,r,-0.29183400320805775,4.001524262194283,20.647011352987953,99.0,P48
238,2458859.7684259,r,-3.1689196495124645,4.656015472314033,20.482538952060615,99.0,P48
239,2458859.7684259,r,-3.1689196495124645,4.656015472314033,20.482538952060615,99.0,P48
240,2458859.7684259,r,-3.1689196495124645,4.656015472314033,20.482538952060615,99.0,P48
241,2458859.7684259,r,-3.1689196495124645,4.656015472314033,20.482538952060615,99.0,P48
242,2458860.768153925,r,0.47765513195049686,5.323830128710128,20.337014514969287,99.0,P48
243,2458860.768153925,r,0.47765513195049686,5.323830128710128,20.337014514969287,99.0,P48
244,2458860.768153925,r,0.47765513195049686,5.323830128710128,20.337014514969287,99.0,P48
245,2458860.768153925,r,0.47765513195049686,5.323830128710128,20.337014514969287,99.0,P48
246,2458861.6343056,r,-0.364024879570013,11.319372040962145,19.51801915319311,99.0,P48
247,2458862.8159837998,r,-1.5601757663631894,2.584664351403433,21.121564606849965,99.0,P48
248,2458862.8159837998,r,-1.5601757663631894,2.584664351403433,21.121564606849965,99.0,P48
249,2458862.8159837998,r,-1.5601757663631894,2.584664351403433,21.121564606849965,99.0,P48
250,2458862.8159837998,r,-1.5601757663631894,2.584664351403433,21.121564606849965,99.0,P48
251,2458863.7222222,r,16.099428361229577,36.393561704002096,18.2500135879863,99.0,P48
252,2458864.7229977003,r,0.8794579828548426,3.7131639579863025,20.728214673408985,99.0,P48
253,2458866.8503703997,r,5.16888376295681,3.4777307267431947,20.799335107972517,99.0,P48
254,2458867.7600694,r,0.4498099558067976,4.169407456909423,20.602389142181018,99.0,P48
255,2458873.74824655,r,2.0058630278152147,2.167077448049417,21.312888907607693,99.0,P48
256,2458873.74824655,r,2.0058630278152147,2.167077448049417,21.312888907607693,99.0,P48
257,2458874.7375462996,r,-5.474670551310314,6.517119151911127,20.117435836070804,99.0,P48
258,2458875.739375,r,4.0707028706300905,4.16080986883048,20.604630312032995,99.0,P48
259,2458876.7671181,r,-2.914277862186783,3.443428667493622,20.810097262242387,99.0,P48
260,2458877.783206,r,3.4276972739218996,5.068949569374937,20.39028006296135,99.0,P48
261,2458878.7766898,r,1.1217302429292946,5.903974039373618,20.224713891250865,99.0,P48
262,2458879.7995718,r,2.2209384015938043,7.521639357258371,19.961793723379472,99.0,P48
263,2458880.7191898,r,0.9221688146232037,4.125112072621863,20.613985608848086,99.0,P48
264,2458881.7795139,r,3.3580644200244105,4.008410131710437,20.645144611187337,99.0,P48
265,2458882.673240733,r,1.6054789792178032,3.8891830565405736,20.677929026525007,99.0,P48
266,2458882.673240733,r,1.6054789792178032,3.8891830565405736,20.677929026525007,99.0,P48
267,2458882.673240733,r,1.6054789792178032,3.8891830565405736,20.677929026525007,99.0,P48
268,2458883.7060841336,r,0.7570917759606569,8.54621499828088,19.82314045360161,99.0,P48
269,2458883.7060841336,r,0.7570917759606569,8.54621499828088,19.82314045360161,99.0,P48
270,2458883.7060841336,r,0.7570917759606569,8.54621499828088,19.82314045360161,99.0,P48
271,2458884.6846006997,r,-7.689337645061432,8.15304382551673,19.874275547115076,99.0,P48
272,2458884.6846006997,r,-7.689337645061432,8.15304382551673,19.874275547115076,99.0,P48
273,2458885.69170715,r,10.736511562190062,9.42684201258363,19.716659417499166,99.0,P48
274,2458885.69170715,r,10.736511562190062,9.42684201258363,19.716659417499166,99.0,P48
275,2458886.7591204,r,-1.4721862187515462,7.080952557354903,20.027345777641724,99.0,P48
276,2458887.6579977,r,1.8434687831084922,8.543131152059411,19.823532305168012,99.0,P48
277,2458890.6852893997,r,-12.66521496403316,11.545633203281888,19.496530598787857,99.0,P48
278,2458891.6420023,r,-3.929606732101743,3.7091398856965028,20.72939195784673,99.0,P48
279,2458893.7606713,r,2.5430385341135877,3.3977161634120825,20.8246072486871,99.0,P48
280,2458894.7367361,r,0.7120575027753718,4.806425337967917,20.448019488013756,99.0,P48
281,2458895.7630093,r,-2.027647610240611,3.280713310856873,20.862654287435035,99.0,P48
282,2458896.7624537004,r,1.6549051360799893,3.3830023968689016,20.82931922544187,99.0,P48
283,2458898.653941,r,-0.19217858775243155,2.2856494656805166,21.255050923130014,99.0,P48
284,2458898.653941,r,-0.19217858775243155,2.2856494656805166,21.255050923130014,99.0,P48
285,2458899.7571181,r,-0.37353488880550595,3.4975289644027616,20.793171689807686,99.0,P48
286,2458900.6760532,r,8.577660979836928,6.2755533474737994,20.15844492467001,99.0,P48
287,2458903.7007523,r,0.9380249729263446,2.573423563865933,21.126296805882,99.0,P48
288,2458903.7007523,r,0.9380249729263446,2.573423563865933,21.126296805882,99.0,P48
289,2458904.701088,r,-4.477567421140242,3.4580043606156536,20.80551114767832,99.0,P48
290,2458905.6937384,r,7.906047162832266,6.323898864006062,20.15011269968572,99.0,P48
291,2458906.697037,r,-4.057537465373648,3.416043323180775,20.81876656443147,99.0,P48
292,2458906.697037,r,-4.057537465373648,3.416043323180775,20.81876656443147,99.0,P48
293,2458909.65443285,r,2.068291013403272,6.997589603329575,20.040203818498284,99.0,P48
294,2458909.65443285,r,2.068291013403272,6.997589603329575,20.040203818498284,99.0,P48
295,2458911.686331,r,-0.24853072606925763,8.693883509580099,19.804540447339072,99.0,P48
296,2458912.7006829,r,-6.657596396188531,3.615699434677624,20.757094185817508,99.0,P48
297,2458912.7006829,r,-6.657596396188531,3.615699434677624,20.757094185817508,99.0,P48
298,2458913.6956249997,r,-4.869330752811236,4.590379088168011,20.49795360805032,99.0,P48
299,2458913.6956249997,r,-4.869330752811236,4.590379088168011,20.49795360805032,99.0,P48
300,2458914.6552315,r,41.864754125257676,24.769537117992986,18.667780262257306,99.0,P48
301,2458915.6403703997,r,5.702998678146069,4.399025300784273,20.54418383963982,99.0,P48
302,2458915.6403703997,r,5.702998678146069,4.399025300784273,20.54418383963982,99.0,P48
303,2458917.6490509,r,-7.190144181627708,36.604237894384966,18.243746566138434,99.0,P48
304,2458939.7142014,r,2.6491728173365416,5.921853643967333,20.221430814692415,99.0,P48
305,2458940.7282581003,r,-2.020439308270568,7.720918399603539,19.933402582829295,99.0,P48
306,2458940.7282581003,r,-2.020439308270568,7.720918399603539,19.933402582829295,99.0,P48
307,2458941.7160417004,r,-11.61916369652816,5.393571810856684,20.32288382573074,99.0,P48
308,2458944.67989585,r,-0.8818729767048379,4.60439473293325,20.494643618041525,99.0,P48
309,2458944.67989585,r,-0.8818729767048379,4.60439473293325,20.494643618041525,99.0,P48
310,2458954.7180787004,r,-0.24588494762854676,4.0911309449401125,20.62296653866945,99.0,P48
311,2458955.7207465,r,1.5965157329845885,2.963089999872442,20.97321288218243,99.0,P48
312,2458955.7207465,r,1.5965157329845885,2.963089999872442,20.97321288218243,99.0,P48
313,2458956.6780787003,r,-2.8287354649399403,4.284994555117607,20.57269930314078,99.0,P48
314,2458962.6819328996,r,-3.4715947798558773,3.8924563278572615,20.677015617611907,99.0,P48
315,2458964.7553704,r,-1.7692879307119407,3.985819788961202,20.651280841576046,99.0,P48
316,2458966.67848955,r,-0.00860199364618049,3.543288381805626,20.779058738633182,99.0,P48
317,2458966.67848955,r,-0.00860199364618049,3.543288381805626,20.779058738633182,99.0,P48
318,2458967.6777894,r,-1.026515621497058,4.178745376270952,20.599960216511143,99.0,P48
319,2458968.6773957997,r,-1.9375027642163318,4.160559256928362,20.60469570954426,99.0,P48
320,2458969.67907405,r,4.2202178936758,16.828466898798865,19.087463607081276,99.0,P48
321,2458969.67907405,r,4.2202178936758,16.828466898798865,19.087463607081276,99.0,P48
322,2458971.6523032,r,-2.675734426227902,5.003111823787436,20.404474464556316,99.0,P48
323,2458972.6803646,r,2.8198821001745396,3.3889652832923143,20.82740718933842,99.0,P48
324,2458972.6803646,r,2.8198821001745396,3.3889652832923143,20.82740718933842,99.0,P48
325,2458973.6522801,r,-5.04193470605337,6.600762722453131,20.10358968552724,99.0,P48
326,2458975.6583160004,r,10.14838433170481,4.3777094986394935,20.549457642290655,99.0,P48
327,2458975.6583160004,r,10.14838433170481,4.3777094986394935,20.549457642290655,99.0,P48
328,2458976.7441551,r,-11.498149725492642,12.93050025511757,19.37353667119052,99.0,P48
329,2458978.7389698997,r,5.549652978510281,7.077139840280611,20.027930546401507,99.0,P48
330,2458981.73883685,r,0.3821179561262189,4.523240045716138,20.513950898877837,99.0,P48
331,2458981.73883685,r,0.3821179561262189,4.523240045716138,20.513950898877837,99.0,P48
332,2458986.7420832994,r,-5.215969845241302,4.721102936164876,20.467466315067078,99.0,P48
333,2458987.6822974505,r,-0.6577189085670702,2.707856251148364,21.071010974827033,99.0,P48
334,2458987.6822974505,r,-0.6577189085670702,2.707856251148364,21.071010974827033,99.0,P48
335,2458991.7081944,r,5.979135611731309,4.18163987970688,20.599208416874035,99.0,P48
336,2458992.7448264,r,-2.0279579813831936,4.869928158782133,20.433768602794117,99.0,P48
337,2458995.7200116003,r,-1.236000574850898,5.187207692875851,20.365240896039246,99.0,P48
338,2458996.7250289503,r,-2.0003592814371465,3.8746951486621444,20.681981141707006,99.0,P48
339,2458996.7250289503,r,-2.0003592814371465,3.8746951486621444,20.681981141707006,99.0,P48
340,2458999.6805266496,r,1.6312007872886907,6.575424603112619,20.1077654833905,99.0,P48
341,2458999.6805266496,r,1.6312007872886907,6.575424603112619,20.1077654833905,99.0,P48
342,2459011.6787760253,r,2.573302960064647,3.336351754531968,20.844395408077496,99.0,P48
343,2459011.6787760253,r,2.573302960064647,3.336351754531968,20.844395408077496,99.0,P48
344,2459011.6787760253,r,2.573302960064647,3.336351754531968,20.844395408077496,99.0,P48
345,2459011.6787760253,r,2.573302960064647,3.336351754531968,20.844395408077496,99.0,P48
346,2459012.6816493003,r,-1.3864006564691944,2.5062227063531823,21.155025838234096,99.0,P48
347,2459012.6816493003,r,-1.3864006564691944,2.5062227063531823,21.155025838234096,99.0,P48
348,2459012.6816493003,r,-1.3864006564691944,2.5062227063531823,21.155025838234096,99.0,P48
349,2459012.6816493003,r,-1.3864006564691944,2.5062227063531823,21.155025838234096,99.0,P48
350,2459014.6819733754,r,-5.950219172295547,2.821430081560627,21.026401758163715,99.0,P48
351,2459014.6819733754,r,-5.950219172295547,2.821430081560627,21.026401758163715,99.0,P48
352,2459014.6819733754,r,-5.950219172295547,2.821430081560627,21.026401758163715,99.0,P48
353,2459014.6819733754,r,-5.950219172295547,2.821430081560627,21.026401758163715,99.0,P48
354,2459103.003206,r,-30.305093724345276,46.58263692537309,17.98201481614051,99.0,P48
355,2459121.9716898,r,2.1358584249690065,4.47385847672532,20.525869384723435,99.0,P48
356,2459123.0253588,r,-4.742722207449999,4.289876841344777,20.571462928798457,99.0,P48
357,2459124.9366667,r,4.375707905503444,4.301445256991971,20.56853898876986,99.0,P48
358,2459124.9366667,r,4.375707905503444,4.301445256991971,20.56853898876986,99.0,P48
359,2459124.9366667,r,4.375707905503444,4.301445256991971,20.56853898876986,99.0,P48
360,2459125.9947337997,r,-1.4679571152858861,6.232212438151921,20.165969367251307,99.0,P48
361,2459126.922993833,r,0.7738550060331444,3.768318280535869,20.71220604629233,99.0,P48
362,2459126.922993833,r,0.7738550060331444,3.768318280535869,20.71220604629233,99.0,P48
363,2459126.922993833,r,0.7738550060331444,3.768318280535869,20.71220604629233,99.0,P48
364,2459128.9931713,r,0.3665139113456825,4.483899257147249,20.52343537306166,99.0,P48
365,2459128.9931713,r,0.3665139113456825,4.483899257147249,20.52343537306166,99.0,P48
366,2459129.9820832997,r,-8.392445930591531,4.3615689906386805,20.553468122983418,99.0,P48
367,2459130.9487846997,r,-4.316511035833532,3.6548132920718768,20.74541199987467,99.0,P48
368,2459130.9487846997,r,-4.316511035833532,3.6548132920718768,20.74541199987467,99.0,P48
369,2459135.0025810003,r,0.8770650274999101,4.593246204159352,20.497275677138052,99.0,P48
370,2459135.8983970005,r,-1.8552299376369787,2.480037746121175,21.166429262086965,99.0,P48
371,2459135.8983970005,r,-1.8552299376369787,2.480037746121175,21.166429262086965,99.0,P48
372,2459137.0030207997,r,-1.323428714742828,3.114966670695301,20.918941478694897,99.0,P48
373,2459137.88668405,r,-2.6074690094837782,2.942770880833465,20.98068386420593,99.0,P48
374,2459137.88668405,r,-2.6074690094837782,2.942770880833465,20.98068386420593,99.0,P48
375,2459141.039838,r,2.873502737338404,5.358345962893735,20.329998112897577,99.0,P48
376,2459141.8682118,r,41.011078898220084,3.919414039839423,19.867812635702137,0.10374084404861496,P48
377,2459141.8682118,r,41.011078898220084,3.919414039839423,19.867812635702137,0.10374084404861496,P48
378,2459143.0059837997,r,49.89329513661742,3.202004644845209,19.654960154056205,0.06966419099925415,P48
379,2459143.9937152998,r,51.860529029507596,3.5289999767989833,19.612973265542127,0.0738659930105165,P48
380,2459144.9403472,r,43.7859359580413,3.0389266267275676,19.796729028478907,0.0753382286146371,P48
381,2459145.9972337997,r,39.229176780385856,2.150388889859794,19.9160426357646,0.05950283262405606,P48
382,2459145.9972337997,r,39.229176780385856,2.150388889859794,19.9160426357646,0.05950283262405606,P48
383,2459147.0107523,r,69.97140460213794,24.418364369680617,18.68328356423816,99.0,P48
384,2459149.8708969997,r,25.451972410046142,5.31679446142195,20.385762012809842,0.22675572230290122,P48
385,2459149.8708969997,r,25.451972410046142,5.31679446142195,20.385762012809842,0.22675572230290122,P48
386,2459150.99412615,r,22.02944432327945,2.4862329805444054,20.542556765966488,0.12250903203804414,P48
387,2459150.99412615,r,22.02944432327945,2.4862329805444054,20.542556765966488,0.12250903203804414,P48
388,2459152.96904515,r,15.149451280200184,4.8592928149940615,20.949073365317922,0.34818174289718257,P48
389,2459152.96904515,r,15.149451280200184,4.8592928149940615,20.949073365317922,0.34818174289718257,P48
390,2458202.7590393997,g,4.477794362714187,4.812555734984991,20.44663555870946,99.0,P48
391,2458205.6485995,g,10.614911104358468,9.59178537397849,19.697826358120746,99.0,P48
392,2458234.6977604004,g,-5.979242720102076,4.439440102775498,20.534254487076073,99.0,P48
393,2458234.6977604004,g,-5.979242720102076,4.439440102775498,20.534254487076073,99.0,P48
394,2458237.6821354004,g,-1.192069430693775,6.223830607427406,20.167430579037436,99.0,P48
395,2458237.6821354004,g,-1.192069430693775,6.223830607427406,20.167430579037436,99.0,P48
396,2458243.7042823997,g,2.4376325986755076,4.328031123815593,20.561849051119793,99.0,P48
397,2458249.6809606003,g,-2.612244802205224,3.0127540519079394,20.955165791124095,99.0,P48
398,2458255.6831712998,g,-8.37208150672302,3.947203911394239,20.66185108290904,99.0,P48
399,2458259.6621180503,g,-14.923979955598677,19.10218953292611,18.949867114552614,99.0,P48
400,2458259.6621180503,g,-14.923979955598677,19.10218953292611,18.949867114552614,99.0,P48
401,2458364.0064699,g,-1.031992558132313,5.997749921677744,20.207604104815747,99.0,P48
402,2458369.9944328996,g,3.9412639265774074,2.416934835941404,21.194412635764508,99.0,P48
403,2458372.9719676003,g,-7.2069092046194365,2.288273896707306,21.253804973047504,99.0,P48
404,2458375.9713079,g,-0.5656567554763187,2.7384582523456804,21.058809677864023,99.0,P48
405,2458378.9669792005,g,-0.02582632124804694,3.1958207720251908,20.891118951090007,99.0,P48
406,2458382.972581,g,1.570319454877989,2.592451791041236,21.11829826655493,99.0,P48
407,2458384.9539814997,g,6.972328227919261,10.339198708241305,19.616357783965768,99.0,P48
408,2458385.9468171,g,4.047810221772458,9.48826669133539,19.709607781364024,99.0,P48
409,2458388.0104977,g,3.1958911937597496,8.265111273963646,19.85945322692514,99.0,P48
410,2458388.9527140995,g,2.6078869338172566,4.465321151252541,20.527943240840344,99.0,P48
411,2458388.9527140995,g,2.6078869338172566,4.465321151252541,20.527943240840344,99.0,P48
412,2458389.9486111,g,1.614547913874046,6.014877909481136,20.20450794811525,99.0,P48
413,2458390.9872801,g,-0.6279561668249469,5.68836373469502,20.265106591708573,99.0,P48
414,2458397.9903009,g,-0.30175695219872933,2.0899654917771864,21.352227200741737,99.0,P48
415,2458423.9740278,g,3.952917118188708,4.125580610031659,20.613862296042914,99.0,P48
416,2458425.9034201,g,3.9919895644408405,2.252532924387413,21.27089712013734,99.0,P48
417,2458425.9034201,g,3.9919895644408405,2.252532924387413,21.27089712013734,99.0,P48
418,2458426.9522106005,g,-2.880706441238129,2.2984471729662945,21.248988672993384,99.0,P48
419,2458427.8995910333,g,-6.391428647155546,3.7824840547271648,20.708132224393868,99.0,P48
420,2458427.8995910333,g,-6.391428647155546,3.7824840547271648,20.708132224393868,99.0,P48
421,2458427.8995910333,g,-6.391428647155546,3.7824840547271648,20.708132224393868,99.0,P48
422,2458428.8237095,g,3.7705459460943307,2.0953285051932555,21.349444686049285,99.0,P48
423,2458428.8237095,g,3.7705459460943307,2.0953285051932555,21.349444686049285,99.0,P48
424,2458429.9472338,g,0.0864341557523253,1.9633319324701757,21.42009066367814,99.0,P48
425,2458430.8946489333,g,-1.3357283655607026,1.3306667214304926,21.842401749737107,99.0,P48
426,2458430.8946489333,g,-1.3357283655607026,1.3306667214304926,21.842401749737107,99.0,P48
427,2458430.8946489333,g,-1.3357283655607026,1.3306667214304926,21.842401749737107,99.0,P48
428,2458431.9627604,g,-0.5751796277688999,3.122115140236229,20.916452700826365,99.0,P48
429,2458431.9627604,g,-0.5751796277688999,3.122115140236229,20.916452700826365,99.0,P48
430,2458432.953588,g,-0.5011395329491397,2.514529418533679,21.151433186710317,99.0,P48
431,2458434.92425925,g,2.2614608249097987,2.997468093311646,20.960688566840695,99.0,P48
432,2458434.92425925,g,2.2614608249097987,2.997468093311646,20.960688566840695,99.0,P48
433,2458436.9483217997,g,-68.78708341939847,86.82481121471429,17.30596536994286,99.0,P48
434,2458437.9990046,g,-1.7546007720992376,2.5339338458907856,21.143086808035697,99.0,P48
435,2458437.9990046,g,-1.7546007720992376,2.5339338458907856,21.143086808035697,99.0,P48
436,2458438.9464698997,g,1.6027051217999357,2.3940923165320958,21.204722757037985,99.0,P48
437,2458439.9463657,g,-5.204976501512885,3.7163132361423084,20.72729420877109,99.0,P48
438,2458441.9933912004,g,-2.4558148147856116,3.807683913526276,20.700922766132116,99.0,P48
439,2458443.9364891998,g,1.3410990680508732,2.3600810092276405,21.220257713454245,99.0,P48
440,2458443.9364891998,g,1.3410990680508732,2.3600810092276405,21.220257713454245,99.0,P48
441,2458443.9364891998,g,1.3410990680508732,2.3600810092276405,21.220257713454245,99.0,P48
442,2458450.97338545,g,-7.493503301540314,3.0316526233167767,20.94837639684201,99.0,P48
443,2458450.97338545,g,-7.493503301540314,3.0316526233167767,20.94837639684201,99.0,P48
444,2458457.7839352,g,-0.38579287564804365,4.190587833239065,20.596887619795755,99.0,P48
445,2458462.9665508997,g,-40.64444108246522,58.40130767310261,17.736518560212243,99.0,P48
446,2458464.8224942,g,-0.5066504323976617,2.2634644997445843,21.265640770672384,99.0,P48
447,2458464.8224942,g,-0.5066504323976617,2.2634644997445843,21.265640770672384,99.0,P48
448,2458466.0332639,g,1.3161710495301118,2.6663370493520167,21.087787370818766,99.0,P48
449,2458467.9350463,g,2.5755204908178437,7.170695701107123,20.013671756721756,99.0,P48
450,2458467.9350463,g,2.5755204908178437,7.170695701107123,20.013671756721756,99.0,P48
451,2458468.9304282,g,-2.549831245703194,2.3015308906558913,21.2475329684678,99.0,P48
452,2458469.9915509,g,-14.259290492676941,5.971874352343754,20.212298335071445,99.0,P48
453,2458473.0086573996,g,2.9832467046217213,4.471473319747479,20.52644837975798,99.0,P48
454,2458476.0310417004,g,5.689982245631421,9.387903882381602,19.721153403046422,99.0,P48
455,2458480.9906597002,g,2.0209824708018416,5.414773816399089,20.318624188714757,99.0,P48
456,2458483.0515162004,g,-2.9643265533528154,3.0453274774291628,20.943489986480493,99.0,P48
457,2458483.0515162004,g,-2.9643265533528154,3.0453274774291628,20.943489986480493,99.0,P48
458,2458487.9560417,g,1.0503313518561386,3.2253855293597815,20.8811209062538,99.0,P48
459,2458491.9244097,g,-4.448417962066168,4.64083147209355,20.486085494997063,99.0,P48
460,2458492.7543518995,g,-56.79840855582022,36.48341235208863,18.247336359620505,99.0,P48
461,2458493.7408854,g,-3.963835924703109,2.6324496648625857,21.101674799707425,99.0,P48
462,2458493.7408854,g,-3.963835924703109,2.6324496648625857,21.101674799707425,99.0,P48
463,2458495.7597454,g,2.0027568856908577,4.004855206367569,20.646107941675055,99.0,P48
464,2458504.05012155,g,-14.293602492236587,12.116813013466297,19.444103974376482,99.0,P48
465,2458504.05012155,g,-14.293602492236587,12.116813013466297,19.444103974376482,99.0,P48
466,2458505.9276968,g,-13.624183349356688,21.002759799754312,18.846884075294895,99.0,P48
467,2458506.96971645,g,18.404049562512622,9.52690120073213,19.705195835746323,99.0,P48
468,2458506.96971645,g,18.404049562512622,9.52690120073213,19.705195835746323,99.0,P48
469,2458507.8613889003,g,-0.7663798626467477,4.911252757860101,20.42459427492687,99.0,P48
470,2458507.8613889003,g,-0.7663798626467477,4.911252757860101,20.42459427492687,99.0,P48
471,2458508.7007176,g,2.3489253445245213,3.655045020655612,20.745343162394555,99.0,P48
472,2458509.7399479,g,-4.15701038572641,3.7047476205260965,20.730678419738773,99.0,P48
473,2458509.7399479,g,-4.15701038572641,3.7047476205260965,20.730678419738773,99.0,P48
474,2458510.6995948995,g,8.20733140441976,13.240978755746694,19.34777476724114,99.0,P48
475,2458511.6776852002,g,3.230734504245189,4.154327196933733,20.60632324215603,99.0,P48
476,2458526.93318285,g,-3.530697392267028,4.568452024870951,20.503152317727697,99.0,P48
477,2458526.93318285,g,-3.530697392267028,4.568452024870951,20.503152317727697,99.0,P48
478,2458534.77277195,g,-2.1119155133304828,10.057493743176547,19.646350561494096,99.0,P48
479,2458534.77277195,g,-2.1119155133304828,10.057493743176547,19.646350561494096,99.0,P48
480,2458538.7639757,g,-9.535014720764016,5.965495547640658,20.21345867439685,99.0,P48
481,2458538.7639757,g,-9.535014720764016,5.965495547640658,20.21345867439685,99.0,P48
482,2458539.7337384,g,3.633316789204607,4.284645588330392,20.572787728294927,99.0,P48
483,2458540.6737153,g,5.425911311673857,2.396102575568433,21.203811474222153,99.0,P48
484,2458541.74550345,g,-0.5158230950841751,2.492636548371972,21.160927592683546,99.0,P48
485,2458541.74550345,g,-0.5158230950841751,2.492636548371972,21.160927592683546,99.0,P48
486,2458558.8840162004,g,0.44095906292496156,7.2171989830801255,20.00665329101792,99.0,P48
487,2458559.7993286997,g,0.4753582365815737,5.114890058874833,20.380484230958928,99.0,P48
488,2458559.7993286997,g,0.4753582365815737,5.114890058874833,20.380484230958928,99.0,P48
489,2458560.6973147998,g,-2.4896160929172138,6.663766549750763,20.093275553851505,99.0,P48
490,2458561.7275521,g,3.5749151109893837,7.511877414982008,19.963203758810103,99.0,P48
491,2458561.7275521,g,3.5749151109893837,7.511877414982008,19.963203758810103,99.0,P48
492,2458562.7027044664,g,-4.558655661104009,6.981325576177066,20.04273025933518,99.0,P48
493,2458562.7027044664,g,-4.558655661104009,6.981325576177066,20.04273025933518,99.0,P48
494,2458562.7027044664,g,-4.558655661104009,6.981325576177066,20.04273025933518,99.0,P48
495,2458567.69783565,g,1.4249940629225741,3.255163156870049,20.871143085737735,99.0,P48
496,2458567.69783565,g,1.4249940629225741,3.255163156870049,20.871143085737735,99.0,P48
497,2458568.7000579,g,-0.29384348294254925,2.6261938220137626,21.10425805080378,99.0,P48
498,2458574.6729282,g,-1.4674364150469743,9.846788186987286,19.66933849924397,99.0,P48
499,2458575.7584953997,g,-2.6924167241731767,3.8759372974697914,20.681633132443743,99.0,P48
500,2458581.7021065,g,-1.445095121427876,2.217781390647274,21.287778151663442,99.0,P48
501,2458581.7021065,g,-1.445095121427876,2.217781390647274,21.287778151663442,99.0,P48
502,2458582.6611574,g,6.691150630987415,3.087947977663919,20.92840005113073,99.0,P48
503,2458584.7192824,g,0.08841355538666625,3.2108438644697372,20.886027020671822,99.0,P48
504,2458584.7192824,g,0.08841355538666625,3.2108438644697372,20.886027020671822,99.0,P48
505,2458585.7108218,g,-4.383600906628067,4.257396730005975,20.57971468352902,99.0,P48
506,2458586.6875116,g,-7.5157951300581,5.422230608198219,20.31713002855976,99.0,P48
507,2458587.7015683,g,-3.1724178986060108,3.7465642168038227,20.718492036945747,99.0,P48
508,2458587.7015683,g,-3.1724178986060108,3.7465642168038227,20.718492036945747,99.0,P48
509,2458588.7265162,g,-12.659938805456356,11.79384839979182,19.473436136710525,99.0,P48
510,2458588.7265162,g,-12.659938805456356,11.79384839979182,19.473436136710525,99.0,P48
511,2458591.6704340503,g,4.59581187361589,5.605808085586897,20.280979425059368,99.0,P48
512,2458591.6704340503,g,4.59581187361589,5.605808085586897,20.280979425059368,99.0,P48
513,2458592.6554861,g,1.9954419065719553,8.015053981956658,19.892808859899624,99.0,P48
514,2458594.701956,g,-2.326891980310742,5.111049723640934,20.381299723967206,99.0,P48
515,2458594.701956,g,-2.326891980310742,5.111049723640934,20.381299723967206,99.0,P48
516,2458596.6828241,g,0.9968274693441906,3.397812295997314,20.824576530067095,99.0,P48
517,2458598.72238425,g,-2.178703244389736,1.965976643525393,21.41862910426032,99.0,P48
518,2458598.72238425,g,-2.178703244389736,1.965976643525393,21.41862910426032,99.0,P48
519,2458600.7053472,g,4.481431879419978,2.7209154270474456,21.0657873816211,99.0,P48
520,2458602.6945948997,g,-0.1851443498868819,2.827119440171885,21.024214596772552,99.0,P48
521,2458605.7244329,g,5.5203413739605285,3.204739509898787,20.88809315258149,99.0,P48
522,2458606.661713,g,0.32411605348054057,2.112448168957353,21.340609834409726,99.0,P48
523,2458606.661713,g,0.32411605348054057,2.112448168957353,21.340609834409726,99.0,P48
524,2458608.7002546,g,-3.91650536922625,2.83741919411568,21.02026623352429,99.0,P48
525,2458609.69729745,g,-0.0902848915147455,3.177650093153534,20.89730980620982,99.0,P48
526,2458609.69729745,g,-0.0902848915147455,3.177650093153534,20.89730980620982,99.0,P48
527,2458617.6819097,g,0.036135197966033726,4.274570561544488,20.575343762914443,99.0,P48
528,2458617.6819097,g,0.036135197966033726,4.274570561544488,20.575343762914443,99.0,P48
529,2458619.7178935003,g,3.8196350454013115,15.439518774419131,19.180990589327642,99.0,P48
530,2458733.9937962997,g,2.832282230276452,4.116890833331211,20.616151611507412,99.0,P48
531,2458736.9862616,g,0.22616046940610693,2.6157504338437576,21.10858422410318,99.0,P48
532,2458740.0085301003,g,5.068902628634419,6.80427193146362,20.07062083469583,99.0,P48
533,2458743.0107986,g,2.0910834260522426,12.139556073953383,19.442067975392064,99.0,P48
534,2458746.0139814997,g,6.835546563581879,6.413755721259947,20.134793951492085,99.0,P48
535,2458749.0091667003,g,4.889472474696578,4.950208908900032,20.416016170579553,99.0,P48
536,2458749.9989988003,g,4.649251401781546,3.5391363297454146,20.7803317585228,99.0,P48
537,2458749.9989988003,g,4.649251401781546,3.5391363297454146,20.7803317585228,99.0,P48
538,2458751.9856713,g,0.2186349765199605,3.740315426684559,20.720304417955425,99.0,P48
539,2458756.9527315,g,-2.1947592832767633,3.7590878763615647,20.71486879327604,99.0,P48
540,2458757.9025462996,g,3.4886977214172155,4.934096739864194,20.419555838690876,99.0,P48
541,2458763.9673264,g,2.4502973391592753,2.8413616706632094,21.018758695088245,99.0,P48
542,2458766.0137789003,g,-0.26611829122233016,2.390172681148342,21.206501793525227,99.0,P48
543,2458766.0137789003,g,-0.26611829122233016,2.390172681148342,21.206501793525227,99.0,P48
544,2458766.9347337997,g,-7.413533374108298,6.020484805317875,20.20349632754495,99.0,P48
545,2458767.9473264,g,-3.064107531610735,8.94593859175138,19.77351020743977,99.0,P48
546,2458770.0163194,g,-11.046624231823031,6.7914543983161355,20.072668016814582,99.0,P48
547,2458775.9266319,g,-12.32341347586379,5.7754723192521,20.248606222400127,99.0,P48
548,2458779.0119676003,g,1.2252058214960573,4.748623713488381,20.461155596806403,99.0,P48
549,2458784.9885301003,g,7.3903221201069575,6.068735590097354,20.194829449051845,99.0,P48
550,2458787.0396354,g,3.456811688339959,6.693195765124104,20.08849117016316,99.0,P48
551,2458787.0396354,g,3.456811688339959,6.693195765124104,20.08849117016316,99.0,P48
552,2458789.0116088,g,0.36597426304803155,3.106620448056031,20.921854497947173,99.0,P48
553,2458799.0492014,g,-5.928007758000342,5.651356800023848,20.27219317048617,99.0,P48
554,2458803.0404398,g,5.537335661924581,6.04223106691178,20.199581665314856,99.0,P48
555,2458806.0031018998,g,-0.6920488091840522,5.530102566622968,20.295742023599246,99.0,P48
556,2458830.7210764,g,0.942893081909987,14.869988825248704,19.22179838378221,99.0,P48
557,2458834.0313368496,g,-5.481836615623555,6.828773877077451,20.066718159027218,99.0,P48
558,2458834.0313368496,g,-5.481836615623555,6.828773877077451,20.066718159027218,99.0,P48
559,2458836.0179861,g,1.7135706294509363,6.500899516449423,20.12014135601357,99.0,P48
560,2458837.9921412,g,-8.370802651316177,5.780560654733578,20.247650082793452,99.0,P48
561,2458838.9636111,g,-25.894337426392507,18.03967002421313,19.012003515897646,99.0,P48
562,2458839.9907234,g,-144.7638450032164,148.9317842977617,16.720106507505164,99.0,P48
563,2458839.9907234,g,-144.7638450032164,148.9317842977617,16.720106507505164,99.0,P48
564,2458846.987662,g,3.041739476947658,3.006523970470227,20.957413312293845,99.0,P48
565,2458849.9872569,g,3.9727979603569654,3.229316728188889,20.879798383462102,99.0,P48
566,2458850.9319444,g,-1.3216907817951449,3.7516711125093436,20.717013090987066,99.0,P48
567,2458852.0180093,g,-1.2783851622953268,5.965868643004432,20.213390772162377,99.0,P48
568,2458852.995,g,1.5437565064560281,2.3002745575610097,21.248125799423214,99.0,P48
569,2458853.9713889,g,1.2391730356873036,2.266731647624481,21.264074718678557,99.0,P48
570,2458854.9945833,g,-3.276046204914197,5.372727693543798,20.327087914812566,99.0,P48
571,2458855.9429861,g,-3.5547795316351403,5.750000537853717,20.25340527587636,99.0,P48
572,2458859.6421527998,g,16.611263691988444,13.979197535484152,19.28886938465472,99.0,P48
573,2458861.8514698995,g,-5.444886881808327,8.460749253190965,19.83405292845424,99.0,P48
574,2458862.9352431,g,4.163328280475898,7.880748094017813,19.911156375105207,99.0,P48
575,2458863.6605093,g,-15.802210541906687,16.74329117613732,19.092972914284204,99.0,P48
576,2458864.6749883997,g,-0.7370601947232283,3.1954024433240105,20.891261081822016,99.0,P48
577,2458867.8933564997,g,2.257019275781137,2.7661677526798814,21.047878703871646,99.0,P48
578,2458872.7443518997,g,-1.7053388789115793,2.531631614907387,21.144073712941708,99.0,P48
579,2458873.8423842997,g,-1.6274373694161495,2.167493574420029,21.312680442472217,99.0,P48
580,2458874.8615162005,g,-1.6517169991608267,1.8576347938379347,21.480174146946446,99.0,P48
581,2458875.6823957996,g,-3.360708517236349,3.496955016866235,20.793349874681113,99.0,P48
582,2458876.71823495,g,1.3601226286126977,2.0276044144302747,21.385116918951617,99.0,P48
583,2458876.71823495,g,1.3601226286126977,2.0276044144302747,21.385116918951617,99.0,P48
584,2458877.7399653,g,3.667573301013994,3.897171274796543,20.675701257161883,99.0,P48
585,2458878.7446065,g,2.2867997623739726,6.161788266097129,20.17830806208071,99.0,P48
586,2458879.7146991002,g,2.25210248010169,4.227178703411803,20.587448469264988,99.0,P48
587,2458880.7602315,g,-9.04435880105341,3.681818682188991,20.737418996463852,99.0,P48
588,2458881.7121817,g,-1.2967784139149523,3.5467324370760602,20.778003922042956,99.0,P48
589,2458881.7121817,g,-1.2967784139149523,3.5467324370760602,20.778003922042956,99.0,P48
590,2458884.7830556,g,-16.498266394962176,8.402459020477346,19.84155898152305,99.0,P48
591,2458885.7811573995,g,-2.806842735437276,11.307150919664114,19.519192017019286,99.0,P48
592,2458886.7180093,g,-2.4637789485099084,8.414884014772957,19.839954653351,99.0,P48
593,2458887.7208217997,g,6.016657636158378,8.594873039213962,19.816976324640677,99.0,P48
594,2458888.7685301,g,-9.683458004805681,10.69842740196125,19.5792751292563,99.0,P48
595,2458890.7587384,g,1.369398074507101,8.124613913706574,19.878068158611356,99.0,P48
596,2458891.6757292002,g,-4.28184563403508,3.0137895423146603,20.95479268524085,99.0,P48
597,2458892.6802431,g,1.28295918452509,2.8801285652251463,21.004045302816024,99.0,P48
598,2458893.7001389,g,-1.8371876836532801,2.369245683693899,21.216049743916805,99.0,P48
599,2458894.6976042003,g,3.3429080858149454,2.4281657450444474,21.189379168961807,99.0,P48
600,2458895.6953009,g,-0.19866561412516137,2.806107615264684,21.032314183245724,99.0,P48
601,2458896.7396991,g,7.403605355863782,2.2610452710016675,21.726457469965858,0.33150938275341907,P48
602,2458898.7358332993,g,0.9999074842053165,1.6448520026513873,21.612257919346693,99.0,P48
603,2458898.7358332993,g,0.9999074842053165,1.6448520026513873,21.612257919346693,99.0,P48
604,2458899.698287,g,2.4840885212814907,2.6263287612502806,21.104202264879113,99.0,P48
605,2458900.785787,g,6.077952537934386,4.1200958144722195,20.615306699554836,99.0,P48
606,2458903.7327836,g,3.058083312020468,1.8607952993818,21.478328488410654,99.0,P48
607,2458903.7327836,g,3.058083312020468,1.8607952993818,21.478328488410654,99.0,P48
608,2458904.7666782,g,-3.458902345848792,2.647419322735895,21.09551815335324,99.0,P48
609,2458905.6595602003,g,2.2534908796628814,4.885673044895378,20.43026398890538,99.0,P48
610,2458906.7818866,g,-1.2488071816610828,2.7616642509435474,21.04964779380127,99.0,P48
611,2458906.7818866,g,-1.2488071816610828,2.7616642509435474,21.04964779380127,99.0,P48
612,2458909.7247801004,g,3.4707267408371982,4.864353016678799,20.435012276401036,99.0,P48
613,2458909.7247801004,g,3.4707267408371982,4.864353016678799,20.435012276401036,99.0,P48
614,2458912.6583333006,g,6.641630969255203,3.4389292039627954,20.811516901047767,99.0,P48
615,2458912.6583333006,g,6.641630969255203,3.4389292039627954,20.811516901047767,99.0,P48
616,2458913.7628935003,g,-4.026280796079803,5.389547222912197,20.323694285307376,99.0,P48
617,2458914.70282405,g,-11.547802029085638,6.971064428974965,20.044327247524897,99.0,P48
618,2458914.70282405,g,-11.547802029085638,6.971064428974965,20.044327247524897,99.0,P48
619,2458914.70282405,g,-11.547802029085638,6.971064428974965,20.044327247524897,99.0,P48
620,2458914.70282405,g,-11.547802029085638,6.971064428974965,20.044327247524897,99.0,P48
621,2458915.7011285,g,2.4217781494376602,4.984856832794985,20.408443264897834,99.0,P48
622,2458915.7011285,g,2.4217781494376602,4.984856832794985,20.408443264897834,99.0,P48
623,2458939.8053356004,g,-11.92847721518686,17.78228201840828,19.027606254997522,99.0,P48
624,2458940.6640972,g,3.3848774342853947,3.2360653136772197,20.87753179311703,99.0,P48
625,2458940.6640972,g,3.3848774342853947,3.2360653136772197,20.87753179311703,99.0,P48
626,2458941.7380093,g,-5.002926023538928,6.222348933107917,20.16768908526494,99.0,P48
627,2458954.6735417005,g,2.6465580285943577,3.0363778683113525,20.946685446010093,99.0,P48
628,2458956.7037731004,g,0.9192823266988636,2.7488172265893374,21.054710329550012,99.0,P48
629,2458962.6989468,g,-2.5196496686664043,2.8504792482727446,21.015280280031156,99.0,P48
630,2458963.706820025,g,-0.45212001620610376,1.4196231020308303,21.772142343756506,99.0,P48
631,2458963.706820025,g,-0.45212001620610376,1.4196231020308303,21.772142343756506,99.0,P48
632,2458963.706820025,g,-0.45212001620610376,1.4196231020308303,21.772142343756506,99.0,P48
633,2458963.706820025,g,-0.45212001620610376,1.4196231020308303,21.772142343756506,99.0,P48
634,2458964.6782176,g,3.225707731874072,2.947420188700937,20.978969854297745,99.0,P48
635,2458965.6980903,g,-3.7336070034513185,3.0257924757191326,20.9504771427152,99.0,P48
636,2458966.73880785,g,-1.487012246998835,5.265812950793941,20.348911418452452,99.0,P48
637,2458966.73880785,g,-1.487012246998835,5.265812950793941,20.348911418452452,99.0,P48
638,2458967.7153241,g,-0.759688421744674,3.082978037982118,20.93014891170725,99.0,P48
639,2458968.7214468,g,2.799452369668533,3.1497251658396705,20.906893338151463,99.0,P48
640,2458969.6987847,g,1.7498401031519064,37.01683309158513,18.231576837347973,99.0,P48
641,2458969.6987847,g,1.7498401031519064,37.01683309158513,18.231576837347973,99.0,P48
642,2458970.7196875,g,3.680880313475328,5.532677261181467,20.295236646254253,99.0,P48
643,2458971.7380787004,g,-9.656867013925245,6.320313779183561,20.150728389504152,99.0,P48
644,2458972.7419502498,g,-1.1178654612053123,4.600171286211822,20.49563998209097,99.0,P48
645,2458972.7419502498,g,-1.1178654612053123,4.600171286211822,20.49563998209097,99.0,P48
646,2458973.7062731003,g,-6.356468173090982,7.029769519471397,20.03522227336098,99.0,P48
647,2458975.72353585,g,-4.033381762520641,6.366783324737483,20.142774813798326,99.0,P48
648,2458975.72353585,g,-4.033381762520641,6.366783324737483,20.142774813798326,99.0,P48
649,2458976.6867939997,g,0.7503349588210583,7.850743728478655,19.915297986827234,99.0,P48
650,2458978.6808332996,g,-0.9631143323056041,2.9868518121014342,20.964540798387073,99.0,P48
651,2458979.7171296002,g,0.2525807210971908,3.7928410622840136,20.705163378856476,99.0,P48
652,2458981.6857696497,g,0.0036012167240038677,2.053226350099814,21.371482916292862,99.0,P48
653,2458981.6857696497,g,0.0036012167240038677,2.053226350099814,21.371482916292862,99.0,P48
654,2458985.6793633997,g,-1.3588643592548737,2.973089453918859,20.969555048170065,99.0,P48
655,2458986.6755556,g,3.3065092559037113,3.497514072221079,20.7931763127902,99.0,P48
656,2458987.7254919,g,0.17921260851874574,2.537441122487051,21.141585054443617,99.0,P48
657,2458987.7254919,g,0.17921260851874574,2.537441122487051,21.141585054443617,99.0,P48
658,2458992.7080093,g,1.9661961616695185,3.7255090487665767,20.72461093271373,99.0,P48
659,2458993.7372685503,g,8.046805463450283,3.2241990044684945,20.88152039029501,99.0,P48
660,2458993.7372685503,g,8.046805463450283,3.2241990044684945,20.88152039029501,99.0,P48
661,2458994.7277546003,g,-0.10618762639404722,4.35954621723818,20.55397177378999,99.0,P48
662,2458995.6766667003,g,5.630216915745784,4.237743202712806,20.58473839929417,99.0,P48
663,2458996.6773842997,g,-5.467884229718682,2.5817423799467876,21.122792729490314,99.0,P48
664,2458996.6773842997,g,-5.467884229718682,2.5817423799467876,21.122792729490314,99.0,P48
665,2458999.71605905,g,-2.1128870609510932,17.920681944998183,19.019188658976027,99.0,P48
666,2458999.71605905,g,-2.1128870609510932,17.920681944998183,19.019188658976027,99.0,P48
667,2459093.0092554,g,-1.9452958447204596,2.6767533246685518,21.08355411224919,99.0,P48
668,2459093.0092554,g,-1.9452958447204596,2.6767533246685518,21.08355411224919,99.0,P48
669,2459093.0092554,g,-1.9452958447204596,2.6767533246685518,21.08355411224919,99.0,P48
670,2459102.981875,g,38.33381041440924,28.053565567448754,18.532604820914152,99.0,P48
671,2459105.9924768996,g,-14.534943515963809,26.758653228234063,18.58391436050355,99.0,P48
672,2459121.96133685,g,0.8022069317694173,2.208472275637704,21.29234511002806,99.0,P48
673,2459121.96133685,g,0.8022069317694173,2.208472275637704,21.29234511002806,99.0,P48
674,2459125.01753475,g,3.479682978834955,4.713694861434262,20.4691713259784,99.0,P48
675,2459125.01753475,g,3.479682978834955,4.713694861434262,20.4691713259784,99.0,P48
676,2459125.9517014,g,0.8726766990632863,6.852026756497174,20.063027363723855,99.0,P48
677,2459126.97305555,g,3.3543664673730973,4.213578166161397,20.590947351818876,99.0,P48
678,2459126.97305555,g,3.3543664673730973,4.213578166161397,20.590947351818876,99.0,P48
679,2459127.9576967997,g,2.641851206192841,186.94495816286687,16.47329059694776,99.0,P48
680,2459128.9578472,g,-9.375884918392092,8.2832460957835,19.85707357798976,99.0,P48
681,2459129.9181944,g,-0.08002066224522834,6.726869547233197,20.08304247520273,99.0,P48
682,2459130.99026045,g,-0.8706240786948769,3.4110187983832336,20.820364707050423,99.0,P48
683,2459130.99026045,g,-0.8706240786948769,3.4110187983832336,20.820364707050423,99.0,P48
684,2459135.032449866,g,-1.1816028849624003,2.849192982440824,21.01577032414241,99.0,P48
685,2459135.032449866,g,-1.1816028849624003,2.849192982440824,21.01577032414241,99.0,P48
686,2459135.032449866,g,-1.1816028849624003,2.849192982440824,21.01577032414241,99.0,P48
687,2459135.950272,g,-2.9622709555008826,1.9389229925913412,21.43367358734609,99.0,P48
688,2459135.950272,g,-2.9622709555008826,1.9389229925913412,21.43367358734609,99.0,P48
689,2459136.95,g,-3.3794580988414995,2.6986630081338534,21.074703349133422,99.0,P48
690,2459137.92938075,g,-2.315312345377484,1.9892133406431074,21.405871581254033,99.0,P48
691,2459137.92938075,g,-2.315312345377484,1.9892133406431074,21.405871581254033,99.0,P48
692,2459139.9127546,g,4.253171593696926,4.125135643256642,20.61397940503641,99.0,P48
693,2459141.0151273,g,6.484586572197741,3.257605701864105,20.870328697966983,99.0,P48
694,2459141.94975115,g,52.839530923668654,1.8088158272384312,19.592668238370678,0.0371591031590292,P48
695,2459141.94975115,g,52.839530923668654,1.8088158272384312,19.592668238370678,0.0371591031590292,P48
696,2459142.9722801,g,52.23091319164693,1.7027592335111605,19.605246574795522,0.03538795389608396,P48
697,2459142.9722801,g,52.23091319164693,1.7027592335111605,19.605246574795522,0.03538795389608396,P48
698,2459142.9722801,g,52.23091319164693,1.7027592335111605,19.605246574795522,0.03538795389608396,P48
699,2459143.9276273,g,49.09541779151425,2.547002029044967,19.67246322195061,0.056314231080974324,P48
700,2459144.9891011,g,34.08605583620641,1.610825514311783,20.06862374458919,0.051298135055218644,P48
701,2459144.9891011,g,34.08605583620641,1.610825514311783,20.06862374458919,0.051298135055218644,P48
702,2459144.9891011,g,34.08605583620641,1.610825514311783,20.06862374458919,0.051298135055218644,P48
703,2459145.9524594503,g,23.78903605156937,1.7003906075981825,20.459123511090485,0.07758927266101061,P48
704,2459145.9524594503,g,23.78903605156937,1.7003906075981825,20.459123511090485,0.07758927266101061,P48
705,2459146.9863079,g,4.222599428553049,39.55997149517051,18.159435064171078,99.0,P48
706,2459149.9779513497,g,8.518113407589574,2.2353257457733458,21.574207077677727,0.28485721907330114,P48
707,2459149.9779513497,g,8.518113407589574,2.2353257457733458,21.574207077677727,0.28485721907330114,P48
708,2459150.94548035,g,9.102074434306981,3.5029057484316963,20.791503859030655,99.0,P48
709,2459150.94548035,g,9.102074434306981,3.5029057484316963,20.791503859030655,99.0,P48
710,2459152.8674999997,g,15.376665736215633,6.227840448773472,20.166731294571022,99.0,P48
711,2459152.8674999997,g,15.376665736215633,6.227840448773472,20.166731294571022,99.0,P48
712,2459141.999,r,44.36452490989895,1.63450400331211,19.782410412214514,0.04,P60+SEDM
713,2459149.6575,r,22.031082415048008,1.4204437404931016,20.54241041221451,0.07,LT+SPRAT
714,2459149.6602,g,12.38858846527725,0.6846415288907018,21.16744543395151,0.06,LT+SPRAT
715,2459149.6629,i,28.37693017160295,2.3523291106606474,20.267586471248883,0.09,LT+SPRAT
716,2459150.7032,r,23.715693838411156,1.0921844818279063,20.462410412214513,0.05,LT+IOO
717,2459150.7059,g,11.194941446809972,1.0311265954508584,21.27744543395151,0.1,LT+IOO
718,2459150.7086,i,29.441871406721635,1.6270721971108943,20.22758647124888,0.06,LT+IOO
719,2459150.7113,z,24.5784752510858,3.3957550775194525,20.423612656205187,0.15,LT+IOO
720,2459170.8966,i,8.973573234581806,1.4050911392455623,21.517586471248883,0.17,LCOGT1m+Sinistro
