,JD,Filter,Flux,eFlux,Mag,eMag,Telescope
0,2458214.7087383997,r,24.40790800864852,23.004160012417934,18.74805903965172,99.0,P48
1,2458217.7266667006,r,2.8151581137630703,5.067740241155364,20.39053912414645,99.0,P48
2,2458221.6966782003,r,-18.13101691459602,12.367462584692538,19.421873476244187,99.0,P48
3,2458224.658726867,r,11.653184003248553,10.477458792373676,19.60193508556464,99.0,P48
4,2458224.658726867,r,11.653184003248553,10.477458792373676,19.60193508556464,99.0,P48
5,2458224.658726867,r,11.653184003248553,10.477458792373676,19.60193508556464,99.0,P48
6,2458227.6528009,r,6.1261082757526815,4.7574235725560845,20.459145438845212,99.0,P48
7,2458231.6753125,r,12.815375069311983,5.187756313891029,20.365126070060278,99.0,P48
8,2458243.6620833,r,6.72977156754875,6.0844021661216185,20.19203020846765,99.0,P48
9,2458249.6604167004,r,4.646509757124307,13.325158638231878,19.34089401896622,99.0,P48
10,2458258.6971643995,r,-2.9872153392966845,4.941130498400735,20.41800917907367,99.0,P48
11,2458367.0059606005,r,6.837746663394239,7.113816427041959,20.022318354238017,99.0,P48
12,2458370.008206,r,7.152013643733326,4.498895286832407,20.519810276795106,99.0,P48
13,2458373.0132639,r,1.9787908843122577,5.279672509808335,20.346057527330203,99.0,P48
14,2458376.0108681,r,4.578698337659798,4.099886682047292,20.620645355922605,99.0,P48
15,2458379.0113310004,r,4.597089833487193,4.096235070864717,20.621612810250024,99.0,P48
16,2458383.025706,r,9.756807554766471,7.441884727522597,19.973367642531684,99.0,P48
17,2458387.9672222002,r,2.3545863990240528,13.383402928961956,19.33615860592257,99.0,P48
18,2458389.0143692,r,-0.7457373446235798,4.409457996533408,20.541611964232388,99.0,P48
19,2458389.0143692,r,-0.7457373446235798,4.409457996533408,20.541611964232388,99.0,P48
20,2458390.0124884,r,1.1042697462181954,5.626174447550176,20.277042004268004,99.0,P48
21,2458391.0122222,r,2.8560434995562116,6.127085068860787,20.184440213791,99.0,P48
22,2458398.0105556,r,5.042728348798959,5.1275783807334845,20.3777942197477,99.0,P48
23,2458423.025613433,r,-1.4895253922520773,3.216723072935711,20.884040803700707,99.0,P48
24,2458423.025613433,r,-1.4895253922520773,3.216723072935711,20.884040803700707,99.0,P48
25,2458423.025613433,r,-1.4895253922520773,3.216723072935711,20.884040803700707,99.0,P48
26,2458423.8865741002,r,7.488469424661169,5.4247769186186146,20.316620280326262,99.0,P48
27,2458424.8406944,r,34.26105497217949,23.379406152348064,18.73049129994332,99.0,P48
28,2458425.96890625,r,3.773170318614502,3.037902489325313,20.94614041477324,99.0,P48
29,2458425.96890625,r,3.773170318614502,3.037902489325313,20.94614041477324,99.0,P48
30,2458426.9069444,r,-2.714890639745957,4.028726703118333,20.63965547131781,99.0,P48
31,2458427.9707522998,r,-1.9821620656948953,6.076332456089299,20.19347117036711,99.0,P48
32,2458429.00987845,r,4.8680979567976115,3.676012519706277,20.73913253458499,99.0,P48
33,2458429.00987845,r,4.8680979567976115,3.676012519706277,20.73913253458499,99.0,P48
34,2458430.9705439997,r,24.801471247357174,3.7175865827352337,20.41387201138033,0.16270971166636372,P48
35,2458432.0110243,r,33.557155684548086,5.118492713031818,20.08560276534521,0.16557195407817124,P48
36,2458432.0110243,r,33.557155684548086,5.118492713031818,20.08560276534521,0.16557195407817124,P48
37,2458432.8869444504,r,37.529478219992335,3.545829574322473,19.964134306356996,0.1025593263078367,P48
38,2458432.8869444504,r,37.529478219992335,3.545829574322473,19.964134306356996,0.1025593263078367,P48
39,2458434.9487036997,r,39.91542626882648,6.665784933749589,19.89721369329959,0.18127601837077686,P48
40,2458434.9487036997,r,39.91542626882648,6.665784933749589,19.89721369329959,0.18127601837077686,P48
41,2458435.8856134,r,35.47478362029148,9.85916094499811,20.025266234424976,0.30168243787888427,P48
42,2458437.8889293997,r,34.341875096056654,3.9448866977738573,20.060505611466482,0.12469250728028032,P48
43,2458437.8889293997,r,34.341875096056654,3.9448866977738573,20.060505611466482,0.12469250728028032,P48
44,2458439.0096064997,r,36.89172784315366,4.139088678110413,19.982743132007684,0.12178829842806231,P48
45,2458439.8402372506,r,36.60949058157063,3.667119661515849,19.99108140791452,0.108732963210893,P48
46,2458439.8402372506,r,36.60949058157063,3.667119661515849,19.99108140791452,0.108732963210893,P48
47,2458441.0142882,r,30.16202397255728,2.7414331539554566,20.201414420317356,0.09866133954824065,P48
48,2458441.0142882,r,30.16202397255728,2.7414331539554566,20.201414420317356,0.09866133954824065,P48
49,2458441.9133854,r,28.395695724588226,3.6582080851891132,20.26693433772191,0.13984460585109915,P48
50,2458441.9133854,r,28.395695724588226,3.6582080851891132,20.26693433772191,0.13984460585109915,P48
51,2458442.9393461,r,26.550942697608225,5.53596029737261,20.339865758728983,0.22633037821814514,P48
52,2458442.9393461,r,26.550942697608225,5.53596029737261,20.339865758728983,0.22633037821814514,P48
53,2458443.8963271664,r,20.255722471055112,3.5849881074082295,20.633696277292533,0.19211877513391534,P48
54,2458443.8963271664,r,20.255722471055112,3.5849881074082295,20.633696277292533,0.19211877513391534,P48
55,2458443.8963271664,r,20.255722471055112,3.5849881074082295,20.633696277292533,0.19211877513391534,P48
56,2458447.9271295997,r,15.04161288239828,6.591678283439268,20.105084982097736,99.0,P48
57,2458447.9271295997,r,15.04161288239828,6.591678283439268,20.105084982097736,99.0,P48
58,2458448.95958335,r,20.961731839227046,3.862243490193292,20.5964977202591,0.20000567418571719,P48
59,2458448.95958335,r,20.961731839227046,3.862243490193292,20.5964977202591,0.20000567418571719,P48
60,2458448.95958335,r,20.961731839227046,3.862243490193292,20.5964977202591,0.20000567418571719,P48
61,2458448.95958335,r,20.961731839227046,3.862243490193292,20.5964977202591,0.20000567418571719,P48
62,2458449.902283,r,13.427691108426293,3.195362971205878,21.0800622669089,0.25831443970790685,P48
63,2458449.902283,r,13.427691108426293,3.195362971205878,21.0800622669089,0.25831443970790685,P48
64,2458449.902283,r,13.427691108426293,3.195362971205878,21.0800622669089,0.25831443970790685,P48
65,2458449.902283,r,13.427691108426293,3.195362971205878,21.0800622669089,0.25831443970790685,P48
66,2458450.8811863502,r,9.916560107387266,4.697861525508559,20.47282446081984,99.0,P48
67,2458450.8811863502,r,9.916560107387266,4.697861525508559,20.47282446081984,99.0,P48
68,2458456.01805555,r,14.638361446318541,5.822335644311435,20.239831894393937,99.0,P48
69,2458456.01805555,r,14.638361446318541,5.822335644311435,20.239831894393937,99.0,P48
70,2458456.7557098665,r,7.750023174847889,4.295249971495755,20.57010388010257,99.0,P48
71,2458456.7557098665,r,7.750023174847889,4.295249971495755,20.57010388010257,99.0,P48
72,2458456.7557098665,r,7.750023174847889,4.295249971495755,20.57010388010257,99.0,P48
73,2458457.7592593,r,13.382659006035468,11.801572376053828,19.472725303786497,99.0,P48
74,2458462.02019675,r,9.492708706036105,4.717731948392658,20.46824183528127,99.0,P48
75,2458462.02019675,r,9.492708706036105,4.717731948392658,20.46824183528127,99.0,P48
76,2458463.0272106,r,242.56392747287506,324.0930132325202,15.875900817528745,99.0,P48
77,2458464.79980905,r,7.663093998800368,4.578586594057549,20.500746408307943,99.0,P48
78,2458464.79980905,r,7.663093998800368,4.578586594057549,20.500746408307943,99.0,P48
79,2458465.9907639,r,6.2196928619802465,4.810553671889958,20.44708732795076,99.0,P48
80,2458468.0132697,r,9.910281375055614,58.97126979085505,17.725973790996413,99.0,P48
81,2458468.0132697,r,9.910281375055614,58.97126979085505,17.725973790996413,99.0,P48
82,2458468.9873148,r,3.922466864938393,4.054905805715275,20.632623063835926,99.0,P48
83,2458471.7831539,r,14.293457771289127,8.166076467213951,19.872541383301257,99.0,P48
84,2458471.7831539,r,14.293457771289127,8.166076467213951,19.872541383301257,99.0,P48
85,2458472.9236921,r,6.062768657605831,6.081983191326349,20.192461950266235,99.0,P48
86,2458474.82596645,r,-2.8073859682895677,7.9181556431010005,19.906014903653222,99.0,P48
87,2458474.82596645,r,-2.8073859682895677,7.9181556431010005,19.906014903653222,99.0,P48
88,2458476.92862265,r,4.641865333869004,4.982702045105665,20.408912693987332,99.0,P48
89,2458476.92862265,r,4.641865333869004,4.982702045105665,20.408912693987332,99.0,P48
90,2458480.9438194,r,12.550781912935241,6.161130717583271,20.17842393141808,99.0,P48
91,2458481.95206015,r,2.2838181588959863,3.287247130172288,20.860494101913233,99.0,P48
92,2458481.95206015,r,2.2838181588959863,3.287247130172288,20.860494101913233,99.0,P48
93,2458486.9678241,r,3.805952248334164,3.375637172545194,20.831685587425756,99.0,P48
94,2458486.9678241,r,3.805952248334164,3.375637172545194,20.831685587425756,99.0,P48
95,2458487.928669,r,10.364260303721585,6.2993886933922445,20.15432897265608,99.0,P48
96,2458490.71893515,r,7.434223946337389,4.362811092589073,20.55315896747809,99.0,P48
97,2458490.71893515,r,7.434223946337389,4.362811092589073,20.55315896747809,99.0,P48
98,2458491.7560764,r,0.008167302750517049,7.301084684452996,19.99410652465388,99.0,P48
99,2458492.7835764,r,7.459838522939263,16.46493554170716,19.1111749020618,99.0,P48
100,2458493.96688655,r,4.925303121946041,2.623073705510336,21.10554875425222,99.0,P48
101,2458493.96688655,r,4.925303121946041,2.623073705510336,21.10554875425222,99.0,P48
102,2458504.7684953664,r,10.891472467201892,5.435800109674793,20.314416293981843,99.0,P48
103,2458504.7684953664,r,10.891472467201892,5.435800109674793,20.314416293981843,99.0,P48
104,2458504.7684953664,r,10.891472467201892,5.435800109674793,20.314416293981843,99.0,P48
105,2458505.6330323997,r,-6.350218387344035,15.638328982423959,19.167099126379114,99.0,P48
106,2458506.92831595,r,-1.1915905739190262,8.394719931188801,19.84255946024048,99.0,P48
107,2458506.92831595,r,-1.1915905739190262,8.394719931188801,19.84255946024048,99.0,P48
108,2458507.7529398,r,9.127285090932165,5.944302514737122,20.217322731080014,99.0,P48
109,2458508.8029456,r,3.1978925670555975,3.4513857509750925,20.807591234688562,99.0,P48
110,2458508.8029456,r,3.1978925670555975,3.4513857509750925,20.807591234688562,99.0,P48
111,2458509.844822567,r,4.553611424948246,4.134344098319424,20.61155843967132,99.0,P48
112,2458509.844822567,r,4.553611424948246,4.134344098319424,20.61155843967132,99.0,P48
113,2458509.844822567,r,4.553611424948246,4.134344098319424,20.61155843967132,99.0,P48
114,2458510.7794212997,r,0.8939987251308593,11.350920946228287,19.514997241583934,99.0,P48
115,2458513.9188079,r,1.8326148700974614,3.349326464758259,20.840181286529337,99.0,P48
116,2458514.9099884,r,9.23827769422912,4.312500244703114,20.565752157348967,99.0,P48
117,2458522.7143171,r,9.739699103221877,3.920838514746346,20.669127600062584,99.0,P48
118,2458523.71810765,r,3.2607642421221494,2.678531058654351,21.08283327276297,99.0,P48
119,2458523.71810765,r,3.2607642421221494,2.678531058654351,21.08283327276297,99.0,P48
120,2458526.6902141,r,12.080675817196948,7.935809394829048,19.903596918590537,99.0,P48
121,2458526.6902141,r,12.080675817196948,7.935809394829048,19.903596918590537,99.0,P48
122,2458534.850925933,r,6.195248028677216,7.141571902122582,20.018090456469256,99.0,P48
123,2458534.850925933,r,6.195248028677216,7.141571902122582,20.018090456469256,99.0,P48
124,2458534.850925933,r,6.195248028677216,7.141571902122582,20.018090456469256,99.0,P48
125,2458538.7285069497,r,25.64131292863711,19.909922712987246,18.904901053730846,99.0,P48
126,2458538.7285069497,r,25.64131292863711,19.909922712987246,18.904901053730846,99.0,P48
127,2458539.8103819,r,6.9523762488843195,29.550831316664258,18.476150732025257,99.0,P48
128,2458540.7211748,r,1.8261451495717749,2.3641440620024046,21.218390145960925,99.0,P48
129,2458540.7211748,r,1.8261451495717749,2.3641440620024046,21.218390145960925,99.0,P48
130,2458541.7809433,r,8.2955212065319,10.672917375178573,19.581867120832456,99.0,P48
131,2458541.7809433,r,8.2955212065319,10.672917375178573,19.581867120832456,99.0,P48
132,2458543.7464468,r,4.419298319765681,6.380320393594645,20.140468769756545,99.0,P48
133,2458546.8012325997,r,5.218839108230355,3.512838919349847,20.788429399793323,99.0,P48
134,2458546.8012325997,r,5.218839108230355,3.512838919349847,20.788429399793323,99.0,P48
135,2458556.6822627503,r,1.9711824387620742,5.985785113740467,20.209772184508218,99.0,P48
136,2458556.6822627503,r,1.9711824387620742,5.985785113740467,20.209772184508218,99.0,P48
137,2458558.721134233,r,2.8545524973938377,4.652249933359148,20.483417393320845,99.0,P48
138,2458558.721134233,r,2.8545524973938377,4.652249933359148,20.483417393320845,99.0,P48
139,2458558.721134233,r,2.8545524973938377,4.652249933359148,20.483417393320845,99.0,P48
140,2458562.65762155,r,24.218010284481327,12.295319748249659,19.42822542078894,99.0,P48
141,2458562.65762155,r,24.218010284481327,12.295319748249659,19.42822542078894,99.0,P48
142,2458567.7177546,r,6.382880844495697,2.9231717725982826,20.987939148423138,99.0,P48
143,2458567.7177546,r,6.382880844495697,2.9231717725982826,20.987939148423138,99.0,P48
144,2458573.74322915,r,1.6735105958360397,3.567822056371946,20.771567024187064,99.0,P48
145,2458573.74322915,r,1.6735105958360397,3.567822056371946,20.771567024187064,99.0,P48
146,2458574.721678267,r,5.884807365442139,11.37012800841648,19.51316160381793,99.0,P48
147,2458574.721678267,r,5.884807365442139,11.37012800841648,19.51316160381793,99.0,P48
148,2458574.721678267,r,5.884807365442139,11.37012800841648,19.51316160381793,99.0,P48
149,2458575.7157176,r,-4.296465158711551,8.669517787136753,19.80758763422655,99.0,P48
150,2458581.73739585,r,5.345692215419272,2.6415636328637055,21.097922296890545,99.0,P48
151,2458581.73739585,r,5.345692215419272,2.6415636328637055,21.097922296890545,99.0,P48
152,2458582.7181674335,r,5.866036267434292,2.042161829530429,21.377349603049996,99.0,P48
153,2458582.7181674335,r,5.866036267434292,2.042161829530429,21.377349603049996,99.0,P48
154,2458582.7181674335,r,5.866036267434292,2.042161829530429,21.377349603049996,99.0,P48
155,2458584.666169,r,16.780869500599,5.626332177998072,20.277011565955267,99.0,P48
156,2458585.6509375,r,-1.070910616256828,2.9652485346973183,20.972422239239727,99.0,P48
157,2458585.6509375,r,-1.070910616256828,2.9652485346973183,20.972422239239727,99.0,P48
158,2458585.6509375,r,-1.070910616256828,2.9652485346973183,20.972422239239727,99.0,P48
159,2458586.6990509,r,11.92852927120073,4.699088981796152,20.47254081694245,99.0,P48
160,2458587.66434605,r,7.461628178144644,6.356323388951708,20.14456002770814,99.0,P48
161,2458587.66434605,r,7.461628178144644,6.356323388951708,20.14456002770814,99.0,P48
162,2458588.6580093,r,12.206245618424711,8.88691889758029,19.78069694717128,99.0,P48
163,2458589.7014892,r,-5.111081530586791,18.416376861704297,18.98956450536302,99.0,P48
164,2458589.7014892,r,-5.111081530586791,18.416376861704297,18.98956450536302,99.0,P48
165,2458589.7014892,r,-5.111081530586791,18.416376861704297,18.98956450536302,99.0,P48
166,2458591.6457292004,r,21.30075448179323,7.567177197351886,19.95524022972303,99.0,P48
167,2458592.76112845,r,2.949392921645792,6.548217583481247,20.11226723498303,99.0,P48
168,2458592.76112845,r,2.949392921645792,6.548217583481247,20.11226723498303,99.0,P48
169,2458593.8266204,r,15.265523507417702,9.162345273088862,19.74755835499227,99.0,P48
170,2458594.6666262,r,3.0624286155902154,2.828981880238198,21.02349957468659,99.0,P48
171,2458594.6666262,r,3.0624286155902154,2.828981880238198,21.02349957468659,99.0,P48
172,2458599.6594328997,r,3.7768443996206518,4.005095223137547,20.646042873882365,99.0,P48
173,2458601.768669,r,3.521184404452056,2.7888996361005027,21.038992775090396,99.0,P48
174,2458601.768669,r,3.521184404452056,2.7888996361005027,21.038992775090396,99.0,P48
175,2458606.6775752497,r,0.9772723341489322,3.203459884733412,20.888526764366475,99.0,P48
176,2458606.6775752497,r,0.9772723341489322,3.203459884733412,20.888526764366475,99.0,P48
177,2458608.7238194,r,-2.591380057989508,5.304789049579723,20.34090469313066,99.0,P48
178,2458617.721059,r,-0.7730256260273267,4.5537191054809405,20.50665939464244,99.0,P48
179,2458617.721059,r,-0.7730256260273267,4.5537191054809405,20.50665939464244,99.0,P48
180,2458618.7631829,r,11.200736473936493,10.20715972271882,19.630312712384296,99.0,P48
181,2458650.679418425,r,-1.7542919002486932,6.121963203109416,20.185348201951847,99.0,P48
182,2458650.679418425,r,-1.7542919002486932,6.121963203109416,20.185348201951847,99.0,P48
183,2458650.679418425,r,-1.7542919002486932,6.121963203109416,20.185348201951847,99.0,P48
184,2458650.679418425,r,-1.7542919002486932,6.121963203109416,20.185348201951847,99.0,P48
185,2458653.6769560333,r,8.020971015171282,5.437160044663232,20.314144697169233,99.0,P48
186,2458653.6769560333,r,8.020971015171282,5.437160044663232,20.314144697169233,99.0,P48
187,2458653.6769560333,r,8.020971015171282,5.437160044663232,20.314144697169233,99.0,P48
188,2458731.0142477,r,-2.0239652525987295,8.240920184245608,19.8626357194354,99.0,P48
189,2458734.0118866,r,3.546423473788925,5.659969766864922,20.270539710711716,99.0,P48
190,2458737.0078819,r,-1.1174535402279173,5.481757935316827,20.30527535427295,99.0,P48
191,2458739.9693403,r,-0.17170007085671835,12.246963829028404,19.432503901231655,99.0,P48
192,2458745.9920023,r,-1.7830891601008527,10.721612746017883,19.576924696939713,99.0,P48
193,2458748.9890856002,r,3.422570480974452,7.069926605401351,20.029037725896362,99.0,P48
194,2458757.0132522997,r,5.719674367308369,5.085694334170919,20.386699353676,99.0,P48
195,2458757.9739081995,r,5.447607043807053,2.6978933390925053,21.0750130494296,99.0,P48
196,2458757.9739081995,r,5.447607043807053,2.6978933390925053,21.0750130494296,99.0,P48
197,2458757.9739081995,r,5.447607043807053,2.6978933390925053,21.0750130494296,99.0,P48
198,2458760.0136921,r,-1.9049123218690733,4.857801247130857,20.436475634065864,99.0,P48
199,2458761.98385995,r,4.66000904277681,3.016189850391442,20.95392830367353,99.0,P48
200,2458761.98385995,r,4.66000904277681,3.016189850391442,20.95392830367353,99.0,P48
201,2458767.034375,r,13.624626640275615,7.759237347818784,19.928027397325984,99.0,P48
202,2458769.9714236,r,2.6370803342142968,9.655368028025798,19.69065290870968,99.0,P48
203,2458770.91775175,r,-1.9343857556100237,5.407290297805542,20.320125774416958,99.0,P48
204,2458770.91775175,r,-1.9343857556100237,5.407290297805542,20.320125774416958,99.0,P48
205,2458770.91775175,r,-1.9343857556100237,5.407290297805542,20.320125774416958,99.0,P48
206,2458770.91775175,r,-1.9343857556100237,5.407290297805542,20.320125774416958,99.0,P48
207,2458771.9345543752,r,13.539244971991947,6.790968510706452,20.07274569747186,99.0,P48
208,2458771.9345543752,r,13.539244971991947,6.790968510706452,20.07274569747186,99.0,P48
209,2458771.9345543752,r,13.539244971991947,6.790968510706452,20.07274569747186,99.0,P48
210,2458771.9345543752,r,13.539244971991947,6.790968510706452,20.07274569747186,99.0,P48
211,2458773.0146007,r,1.8359207006934912,4.922704789129439,20.422065508552098,99.0,P48
212,2458773.0146007,r,1.8359207006934912,4.922704789129439,20.422065508552098,99.0,P48
213,2458776.98739585,r,7.05511944455705,3.276152422547923,20.864164741533955,99.0,P48
214,2458776.98739585,r,7.05511944455705,3.276152422547923,20.864164741533955,99.0,P48
215,2458776.98739585,r,7.05511944455705,3.276152422547923,20.864164741533955,99.0,P48
216,2458776.98739585,r,7.05511944455705,3.276152422547923,20.864164741533955,99.0,P48
217,2458778.9943981003,r,14.34846940860061,7.80272438035704,19.921959323211667,99.0,P48
218,2458782.008287,r,-0.7898319118946348,9.476791632866215,19.710921659522384,99.0,P48
219,2458783.9964207252,r,11.77113485736965,3.5759338460452286,21.223019784091623,0.3297622732995759,P48
220,2458783.9964207252,r,11.77113485736965,3.5759338460452286,21.223019784091623,0.3297622732995759,P48
221,2458783.9964207252,r,11.77113485736965,3.5759338460452286,21.223019784091623,0.3297622732995759,P48
222,2458783.9964207252,r,11.77113485736965,3.5759338460452286,21.223019784091623,0.3297622732995759,P48
223,2458785.0329514,r,-6.579169754315781,11.988537027713129,19.455659516724886,99.0,P48
224,2458789.0403819,r,2.3116980164802867,4.982076815536135,20.409048940740085,99.0,P48
225,2458792.0081829,r,8.832506439479587,3.607186926332193,20.759653368482475,99.0,P48
226,2458794.9306829,r,2.7982336316918044,4.268544082785993,20.576875561920552,99.0,P48
227,2458798.9306018995,r,9.812308251172615,10.481055806048337,19.60156240571697,99.0,P48
228,2458799.8499999666,r,1.978166448385429,6.2407497973996735,20.164483060903095,99.0,P48
229,2458799.8499999666,r,1.978166448385429,6.2407497973996735,20.164483060903095,99.0,P48
230,2458799.8499999666,r,1.978166448385429,6.2407497973996735,20.164483060903095,99.0,P48
231,2458805.0360463,r,5.318060886412348,4.13572833645045,20.61119498034717,99.0,P48
232,2458805.0360463,r,5.318060886412348,4.13572833645045,20.61119498034717,99.0,P48
233,2458805.0360463,r,5.318060886412348,4.13572833645045,20.61119498034717,99.0,P48
234,2458805.0360463,r,5.318060886412348,4.13572833645045,20.61119498034717,99.0,P48
235,2458805.0360463,r,5.318060886412348,4.13572833645045,20.61119498034717,99.0,P48
236,2458807.0238338998,r,6.678128167960287,2.6154129446311645,21.108724316939448,99.0,P48
237,2458807.0238338998,r,6.678128167960287,2.6154129446311645,21.108724316939448,99.0,P48
238,2458807.0238338998,r,6.678128167960287,2.6154129446311645,21.108724316939448,99.0,P48
239,2458807.0238338998,r,6.678128167960287,2.6154129446311645,21.108724316939448,99.0,P48
240,2458813.0609491,r,8.879658649357943,6.3940301506313455,20.138138289590586,99.0,P48
241,2458819.9965856,r,64.81308757718065,54.89834017560691,17.80367695424019,99.0,P48
242,2458824.0476619997,r,39.36703392504756,47.903794011338896,17.951650211211394,99.0,P48
243,2458827.82114352,r,6.303153106334917,4.324975834610291,20.562615776088343,99.0,P48
244,2458827.82114352,r,6.303153106334917,4.324975834610291,20.562615776088343,99.0,P48
245,2458827.82114352,r,6.303153106334917,4.324975834610291,20.562615776088343,99.0,P48
246,2458827.82114352,r,6.303153106334917,4.324975834610291,20.562615776088343,99.0,P48
247,2458827.82114352,r,6.303153106334917,4.324975834610291,20.562615776088343,99.0,P48
248,2458828.8009837996,r,9.746985844481308,5.210083685589129,20.360463241420888,99.0,P48
249,2458828.8009837996,r,9.746985844481308,5.210083685589129,20.360463241420888,99.0,P48
250,2458828.8009837996,r,9.746985844481308,5.210083685589129,20.360463241420888,99.0,P48
251,2458828.8009837996,r,9.746985844481308,5.210083685589129,20.360463241420888,99.0,P48
252,2458830.8453395166,r,1.1069653704818188,3.259297489207417,20.869764983958415,99.0,P48
253,2458830.8453395166,r,1.1069653704818188,3.259297489207417,20.869764983958415,99.0,P48
254,2458830.8453395166,r,1.1069653704818188,3.259297489207417,20.869764983958415,99.0,P48
255,2458830.8453395166,r,1.1069653704818188,3.259297489207417,20.869764983958415,99.0,P48
256,2458830.8453395166,r,1.1069653704818188,3.259297489207417,20.869764983958415,99.0,P48
257,2458830.8453395166,r,1.1069653704818188,3.259297489207417,20.869764983958415,99.0,P48
258,2458831.92690974,r,1.9616499309436937,3.8318733799236275,20.694047114519606,99.0,P48
259,2458831.92690974,r,1.9616499309436937,3.8318733799236275,20.694047114519606,99.0,P48
260,2458831.92690974,r,1.9616499309436937,3.8318733799236275,20.694047114519606,99.0,P48
261,2458831.92690974,r,1.9616499309436937,3.8318733799236275,20.694047114519606,99.0,P48
262,2458831.92690974,r,1.9616499309436937,3.8318733799236275,20.694047114519606,99.0,P48
263,2458833.8720800285,r,4.663700662430292,3.6308334226835766,20.752559177721025,99.0,P48
264,2458833.8720800285,r,4.663700662430292,3.6308334226835766,20.752559177721025,99.0,P48
265,2458833.8720800285,r,4.663700662430292,3.6308334226835766,20.752559177721025,99.0,P48
266,2458833.8720800285,r,4.663700662430292,3.6308334226835766,20.752559177721025,99.0,P48
267,2458833.8720800285,r,4.663700662430292,3.6308334226835766,20.752559177721025,99.0,P48
268,2458833.8720800285,r,4.663700662430292,3.6308334226835766,20.752559177721025,99.0,P48
269,2458833.8720800285,r,4.663700662430292,3.6308334226835766,20.752559177721025,99.0,P48
270,2458835.0202893997,r,3.870350070379348,12.194520603990052,19.437163159604893,99.0,P48
271,2458835.9576389,r,,,,99.0,P48
272,2458835.9576389,r,,,,99.0,P48
273,2458836.9939699,r,6.2036703945542975,2.9389570063660924,20.982091906961188,99.0,P48
274,2458836.9939699,r,6.2036703945542975,2.9389570063660924,20.982091906961188,99.0,P48
275,2458837.9241435,r,-0.12283800861902114,8.440518276411606,19.836652202668375,99.0,P48
276,2458838.9270023,r,6.51488778864255,30.182972434633868,18.45316997143641,99.0,P48
277,2458846.7897685003,r,0.976968366630769,3.9338754284886237,20.66552348096969,99.0,P48
278,2458850.9732639,r,2.9329311726132534,6.613626423643529,20.10147583972372,99.0,P48
279,2458851.9585011504,r,5.337373242118595,3.751331315725154,20.717111432864105,99.0,P48
280,2458851.9585011504,r,5.337373242118595,3.751331315725154,20.717111432864105,99.0,P48
281,2458852.9258565,r,5.247753103832659,2.848960679338296,21.015858851024625,99.0,P48
282,2458853.9327662,r,1.9259338805828912,2.7016780145609904,21.073491017555884,99.0,P48
283,2458854.9794676,r,-4.465917744593228,8.69064886320146,19.80494448152856,99.0,P48
284,2458855.8233217997,r,-0.40254340974683694,5.425131404072059,20.316549334530308,99.0,P48
285,2458856.7405694197,r,6.806476557908344,3.3815030145241596,20.829800541849835,99.0,P48
286,2458856.7405694197,r,6.806476557908344,3.3815030145241596,20.829800541849835,99.0,P48
287,2458856.7405694197,r,6.806476557908344,3.3815030145241596,20.829800541849835,99.0,P48
288,2458856.7405694197,r,6.806476557908344,3.3815030145241596,20.829800541849835,99.0,P48
289,2458856.7405694197,r,6.806476557908344,3.3815030145241596,20.829800541849835,99.0,P48
290,2458859.7903877,r,5.402397092974549,8.753107324666335,19.79716935534853,99.0,P48
291,2458859.7903877,r,5.402397092974549,8.753107324666335,19.79716935534853,99.0,P48
292,2458860.7931076502,r,12.34986299876642,8.9743985043253,19.770061613445307,99.0,P48
293,2458860.7931076502,r,12.34986299876642,8.9743985043253,19.770061613445307,99.0,P48
294,2458861.6343056,r,9.093603011351538,12.928387814593322,19.373714061119777,99.0,P48
295,2458862.8098727,r,-0.6907418135874932,4.365289846744012,20.55254227589311,99.0,P48
296,2458862.8098727,r,-0.6907418135874932,4.365289846744012,20.55254227589311,99.0,P48
297,2458863.7222222,r,3.39211969475764,29.859249913432198,18.464877754845922,99.0,P48
298,2458864.7229977003,r,3.381996878672371,3.887417262834226,20.678422091903535,99.0,P48
299,2458866.8503703997,r,1.59359053358121,3.4953606626302762,20.79384500339856,99.0,P48
300,2458867.7600694,r,-2.877204160375255,5.062464657226984,20.391669978467277,99.0,P48
301,2458873.74824655,r,6.8988000186825085,2.415044310744598,21.195262230390064,99.0,P48
302,2458873.74824655,r,6.8988000186825085,2.415044310744598,21.195262230390064,99.0,P48
303,2458874.7375462996,r,3.8086822807116745,9.718724208931972,19.68355184366166,99.0,P48
304,2458875.739375,r,8.190136739068302,4.884818908032213,20.430453819125397,99.0,P48
305,2458876.7671181,r,3.0615173579787367,3.0953270161120994,20.92580864349937,99.0,P48
306,2458877.783206,r,9.522071716902513,5.9794756383351375,20.210917237116348,99.0,P48
307,2458878.7766898,r,0.5290703408027374,5.801204616927597,20.243779529319887,99.0,P48
308,2458879.7995718,r,14.28963167716889,7.135130500017868,20.019070187467644,99.0,P48
309,2458880.7191898,r,2.584184189492573,4.130696968439897,20.612516649359257,99.0,P48
310,2458881.7795139,r,6.743113702454278,4.391316476709178,20.54608814592323,99.0,P48
311,2458882.6727893995,r,-3.3252981431689856,8.573814985959013,19.81963972003261,99.0,P48
312,2458883.716875,r,6.391462712386562,8.462103895299993,19.833879106230235,99.0,P48
313,2458884.6846006997,r,-6.926750727923784,8.829403108593711,19.78774662642386,99.0,P48
314,2458884.6846006997,r,-6.926750727923784,8.829403108593711,19.78774662642386,99.0,P48
315,2458885.69170715,r,,,,99.0,P48
316,2458885.69170715,r,,,,99.0,P48
317,2458886.7591204,r,5.363566175241153,7.46852932423802,19.969487262817523,99.0,P48
318,2458887.6579977,r,-11.320698980752633,10.441838415158823,19.60563256833977,99.0,P48
319,2458890.6852893997,r,-5.973723718386243,11.597098487650909,19.49170162566694,99.0,P48
320,2458891.6420023,r,-0.09718330704249714,3.734528247237651,20.721985617396776,99.0,P48
321,2458893.7606713,r,3.584862179540073,3.777805180058905,20.709476094744765,99.0,P48
322,2458894.7367361,r,1.8388681364161457,5.410345209548634,20.319512548288618,99.0,P48
323,2458895.7630093,r,3.6918125665235744,3.3275878566755717,20.847251162252455,99.0,P48
324,2458896.7624537004,r,0.8798518538409829,2.808296689876995,21.03146751900397,99.0,P48
325,2458898.653941,r,0.8847182070556009,2.7146048612057343,21.068308432972913,99.0,P48
326,2458898.653941,r,0.8847182070556009,2.7146048612057343,21.068308432972913,99.0,P48
327,2458899.7571181,r,1.7544136439769182,3.2308168628659715,20.87929413675041,99.0,P48
328,2458900.6760532,r,10.421194830422335,6.360479237600931,20.14385039091765,99.0,P48
329,2458903.7007523,r,5.203965201136814,2.3429261399291774,21.228178494648763,99.0,P48
330,2458903.7007523,r,5.203965201136814,2.3429261399291774,21.228178494648763,99.0,P48
331,2458904.701088,r,6.343790746641621,3.31901300318118,20.8500526044485,99.0,P48
332,2458905.6937384,r,1.2400189272775124,7.2612472820611895,20.000046921848295,99.0,P48
333,2458906.697037,r,0.6151130047132828,4.178888195825852,20.599923109270154,99.0,P48
334,2458906.697037,r,0.6151130047132828,4.178888195825852,20.599923109270154,99.0,P48
335,2458909.65443285,r,1.1098565454222176,8.395280009612229,19.842487024573515,99.0,P48
336,2458909.65443285,r,1.1098565454222176,8.395280009612229,19.842487024573515,99.0,P48
337,2458911.686331,r,7.6612612145029155,9.842131339550438,19.669852098575788,99.0,P48
338,2458912.7006829,r,11.183100909627287,3.480621684215451,21.2786600129564,0.3378503751998955,P48
339,2458912.7006829,r,11.183100909627287,3.480621684215451,21.2786600129564,0.3378503751998955,P48
340,2458913.6956249997,r,-1.159788735311086,4.925524255955623,20.421443833877206,99.0,P48
341,2458913.6956249997,r,-1.159788735311086,4.925524255955623,20.421443833877206,99.0,P48
342,2458914.6552315,r,-9.491190750477825,37.299823482458024,18.22330804775994,99.0,P48
343,2458915.6403703997,r,2.9481418569852584,5.8191069183961455,20.24043414702585,99.0,P48
344,2458915.6403703997,r,2.9481418569852584,5.8191069183961455,20.24043414702585,99.0,P48
345,2458917.6490509,r,8.163769610505097,46.088076335485304,17.99360353531202,99.0,P48
346,2458939.7142014,r,2.647618402991668,4.836812010105617,20.4411769686216,99.0,P48
347,2458940.7282581003,r,0.6143165533106724,6.4626040943432885,20.12655611061296,99.0,P48
348,2458940.7282581003,r,0.6143165533106724,6.4626040943432885,20.12655611061296,99.0,P48
349,2458941.7160417004,r,0.24798136806101528,5.565040770686239,20.28890411311692,99.0,P48
350,2458944.67989585,r,1.5035046735434965,5.477264072236424,20.30616578959021,99.0,P48
351,2458944.67989585,r,1.5035046735434965,5.477264072236424,20.30616578959021,99.0,P48
352,2458954.7180787004,r,8.827574660388635,4.596484757995383,20.49651042833787,99.0,P48
353,2458955.7207465,r,3.215575073951997,2.4984889343086034,21.158381413377995,99.0,P48
354,2458955.7207465,r,3.215575073951997,2.4984889343086034,21.158381413377995,99.0,P48
355,2458956.6780787003,r,3.2713812683372305,4.262873893951325,20.578318775751796,99.0,P48
356,2458962.6819328996,r,0.5941092786370782,3.191457464206015,20.892602337857735,99.0,P48
357,2458964.7553704,r,-2.0300287693412966,4.46180270522833,20.528799082988876,99.0,P48
358,2458966.67848955,r,0.13829664268570177,3.2033556401658347,20.88856209614737,99.0,P48
359,2458966.67848955,r,0.13829664268570177,3.2033556401658347,20.88856209614737,99.0,P48
360,2458967.6777894,r,0.08234298102322486,3.5911154185817167,20.764501580182408,99.0,P48
361,2458968.6773957997,r,-1.2421466057305992,3.3617700585027026,20.836154977063575,99.0,P48
362,2458969.67907405,r,10.19596915304918,18.3773884754328,18.991865499457862,99.0,P48
363,2458969.67907405,r,10.19596915304918,18.3773884754328,18.991865499457862,99.0,P48
364,2458971.6523032,r,3.641714279423322,5.827215123025385,20.238922361122533,99.0,P48
365,2458972.6803646,r,4.0844539264476,3.5202658257311916,20.786136340202383,99.0,P48
366,2458972.6803646,r,4.0844539264476,3.5202658257311916,20.786136340202383,99.0,P48
367,2458973.6522801,r,1.8273643892128093,6.055756990371422,20.197153891233356,99.0,P48
368,2458975.6583160004,r,5.78928928737332,4.991311530374484,20.407038296662407,99.0,P48
369,2458975.6583160004,r,5.78928928737332,4.991311530374484,20.407038296662407,99.0,P48
370,2458976.7441551,r,12.748696756523053,10.610064665251935,19.588279912140695,99.0,P48
371,2458978.7389698997,r,1.4262899779881764,7.431349353286666,19.974905793426046,99.0,P48
372,2458981.73883685,r,6.3219768609788956,4.765020703653052,20.457413009272493,99.0,P48
373,2458981.73883685,r,6.3219768609788956,4.765020703653052,20.457413009272493,99.0,P48
374,2458986.7420832994,r,-3.8887606694946686,4.7375610440654246,20.463687941782972,99.0,P48
375,2458987.6822974505,r,5.096773181129409,2.2839991651796177,21.25583513707082,99.0,P48
376,2458987.6822974505,r,5.096773181129409,2.2839991651796177,21.25583513707082,99.0,P48
377,2458991.7081944,r,9.439091998546477,4.976762656715788,20.410207665146235,99.0,P48
378,2458992.7448264,r,9.42375088570896,5.608647646838111,20.28042959641043,99.0,P48
379,2458995.7200116003,r,-1.6991827228207375,5.018519995718282,20.401135841945205,99.0,P48
380,2458996.7250289503,r,8.579979222737748,4.251286610640384,20.58127402677529,99.0,P48
381,2458996.7250289503,r,8.579979222737748,4.251286610640384,20.58127402677529,99.0,P48
382,2458999.6805266496,r,7.3540106851376015,6.312686662141674,20.152039406337394,99.0,P48
383,2458999.6805266496,r,7.3540106851376015,6.312686662141674,20.152039406337394,99.0,P48
384,2459011.6787760253,r,6.390235547516271,3.6702056126604714,20.74084900159341,99.0,P48
385,2459011.6787760253,r,6.390235547516271,3.6702056126604714,20.74084900159341,99.0,P48
386,2459011.6787760253,r,6.390235547516271,3.6702056126604714,20.74084900159341,99.0,P48
387,2459011.6787760253,r,6.390235547516271,3.6702056126604714,20.74084900159341,99.0,P48
388,2459012.6816493003,r,3.5360634617712803,2.87245135871986,21.006943281153767,99.0,P48
389,2459012.6816493003,r,3.5360634617712803,2.87245135871986,21.006943281153767,99.0,P48
390,2459012.6816493003,r,3.5360634617712803,2.87245135871986,21.006943281153767,99.0,P48
391,2459012.6816493003,r,3.5360634617712803,2.87245135871986,21.006943281153767,99.0,P48
392,2459014.6819733754,r,1.058726065515135,3.0230779216618284,20.95145163534739,99.0,P48
393,2459014.6819733754,r,1.058726065515135,3.0230779216618284,20.95145163534739,99.0,P48
394,2459014.6819733754,r,1.058726065515135,3.0230779216618284,20.95145163534739,99.0,P48
395,2459014.6819733754,r,1.058726065515135,3.0230779216618284,20.95145163534739,99.0,P48
396,2459103.003206,r,-7.460164910888079,72.52158964150307,17.501406701478047,99.0,P48
397,2459121.9716898,r,4.994819043226692,6.297368150614235,20.154677280794967,99.0,P48
398,2459123.0253588,r,8.582637763866941,3.9023725289402322,20.674253174834718,99.0,P48
399,2459124.9366667,r,-1.1034875130499135,5.370436980674876,20.327550927343715,99.0,P48
400,2459124.9366667,r,-1.1034875130499135,5.370436980674876,20.327550927343715,99.0,P48
401,2459124.9366667,r,-1.1034875130499135,5.370436980674876,20.327550927343715,99.0,P48
402,2459125.9947337997,r,3.4221295283686124,6.599514909300383,20.10379495331911,99.0,P48
403,2459126.922993833,r,3.3578055704155285,5.193582308972487,20.36390744215832,99.0,P48
404,2459126.922993833,r,3.3578055704155285,5.193582308972487,20.36390744215832,99.0,P48
405,2459126.922993833,r,3.3578055704155285,5.193582308972487,20.36390744215832,99.0,P48
406,2459128.9931713,r,3.1801170186014325,4.393256051139058,20.545608699437267,99.0,P48
407,2459128.9931713,r,3.1801170186014325,4.393256051139058,20.545608699437267,99.0,P48
408,2459129.9820832997,r,4.193733814582599,4.542788934915437,20.50926859095508,99.0,P48
409,2459130.9487846997,r,5.713474361446869,4.552740081254049,20.50689284697134,99.0,P48
410,2459130.9487846997,r,5.713474361446869,4.552740081254049,20.50689284697134,99.0,P48
411,2459135.0025810003,r,7.663037454324175,5.526292165689026,20.296490385160602,99.0,P48
412,2459135.8983970005,r,4.668949180567513,3.0532595737757915,20.940665670301286,99.0,P48
413,2459135.8983970005,r,4.668949180567513,3.0532595737757915,20.940665670301286,99.0,P48
414,2459137.0030207997,r,4.354681106003908,4.14589037432496,20.608530453433453,99.0,P48
415,2459137.88668405,r,1.6837575574538481,3.72088112781948,20.72596049991416,99.0,P48
416,2459137.88668405,r,1.6837575574538481,3.72088112781948,20.72596049991416,99.0,P48
417,2459141.039838,r,-1.5443937519959172,7.320010857366976,19.991295676100357,99.0,P48
418,2459141.8682118,r,2.316101789809972,5.986800762640992,20.209587975884176,99.0,P48
419,2459141.8682118,r,2.316101789809972,5.986800762640992,20.209587975884176,99.0,P48
420,2459143.0059837997,r,3.548627224098209,3.0706472038041,20.934500184492034,99.0,P48
421,2459143.9937152998,r,-3.653484142800176,3.1847609650618907,20.894882885276147,99.0,P48
422,2459144.9403472,r,3.4889070683225674,3.078132646861198,20.931856661468586,99.0,P48
423,2459145.9972337997,r,7.906314778278221,1.7877137104230076,21.655130369416433,0.24544472198294845,P48
424,2459145.9972337997,r,7.906314778278221,1.7877137104230076,21.655130369416433,0.24544472198294845,P48
425,2459147.0107523,r,76.4003262872715,29.83512781845579,18.465755232232276,99.0,P48
426,2459149.8708969997,r,1.88025897150247,6.946427454784949,20.04817122789411,99.0,P48
427,2459149.8708969997,r,1.88025897150247,6.946427454784949,20.04817122789411,99.0,P48
428,2459150.99412615,r,1.557376750188958,2.4224220029803454,21.19195048276891,99.0,P48
429,2459150.99412615,r,1.557376750188958,2.4224220029803454,21.19195048276891,99.0,P48
430,2459152.96904515,r,13.023500267422763,5.107476023748869,20.38205914770638,99.0,P48
431,2459152.96904515,r,13.023500267422763,5.107476023748869,20.38205914770638,99.0,P48
432,2458202.7590393997,g,2.5917697760386025,4.978232638958546,20.4098870194994,99.0,P48
433,2458205.6485995,g,13.564880517629774,12.111876310587139,19.444546421514296,99.0,P48
434,2458234.6977604004,g,2.5593900093500754,4.996490170123068,20.40591239582078,99.0,P48
435,2458234.6977604004,g,2.5593900093500754,4.996490170123068,20.40591239582078,99.0,P48
436,2458237.6821354004,g,2.0421553707508946,7.067535113007803,20.02940505207578,99.0,P48
437,2458237.6821354004,g,2.0421553707508946,7.067535113007803,20.02940505207578,99.0,P48
438,2458243.7042823997,g,2.3938333906910496,4.681316236786646,20.476655039165287,99.0,P48
439,2458249.6809606003,g,3.1565649794611716,3.5753990068318053,20.769263701232774,99.0,P48
440,2458255.6831712998,g,-3.4118270320439095,4.821521654373937,20.444614685156864,99.0,P48
441,2458259.6618866003,g,-10.335398235802325,27.071135843396217,18.571308793751932,99.0,P48
442,2458364.0064699,g,23.004984309161358,11.498793549011108,19.500944297513495,99.0,P48
443,2458369.9944328996,g,4.393015833850443,3.287063187912664,20.860554857417995,99.0,P48
444,2458372.9719676003,g,2.4688840922762934,3.7011949324940714,20.73172009196046,99.0,P48
445,2458375.9713079,g,-3.1529524065833483,3.330121951465279,20.846424644223994,99.0,P48
446,2458378.9669792005,g,6.589685565295512,4.227375937496225,20.587397811555526,99.0,P48
447,2458382.972581,g,-0.8934750420754226,3.580316405207796,20.767771467966625,99.0,P48
448,2458385.9468171,g,-12.994370609060704,14.985074198599612,19.213427744919326,99.0,P48
449,2458388.0104977,g,3.7717957503635966,8.750789818028611,19.79745685713805,99.0,P48
450,2458388.9527140995,g,9.153332030098374,6.050804832074906,20.19804212654458,99.0,P48
451,2458388.9527140995,g,9.153332030098374,6.050804832074906,20.19804212654458,99.0,P48
452,2458389.9486111,g,4.378094378523423,8.25805419947192,19.860380666858312,99.0,P48
453,2458390.9872801,g,2.5766773102108473,6.519602733761408,20.117022156191986,99.0,P48
454,2458397.9903009,g,0.4251304819539981,2.8125006006041313,21.02984342950449,99.0,P48
455,2458422.9720602,g,-1.0525406351304507,3.4752041125794952,20.800124195359963,99.0,P48
456,2458422.9720602,g,-1.0525406351304507,3.4752041125794952,20.800124195359963,99.0,P48
457,2458423.9740278,g,-0.37761612192787525,5.2258071202301615,20.357191548474248,99.0,P48
458,2458425.9034201,g,2.838521684999936,2.527666731099736,21.145775458316066,99.0,P48
459,2458425.9034201,g,2.838521684999936,2.527666731099736,21.145775458316066,99.0,P48
460,2458426.9522106005,g,4.911343977383673,2.64334237440186,21.097191444096886,99.0,P48
461,2458427.90510995,g,-0.6391424443664575,6.168501350727122,20.177125828739072,99.0,P48
462,2458427.90510995,g,-0.6391424443664575,6.168501350727122,20.177125828739072,99.0,P48
463,2458428.8237095,g,7.631138658176256,3.392335889617224,20.82632787151224,99.0,P48
464,2458428.8237095,g,7.631138658176256,3.392335889617224,20.82632787151224,99.0,P48
465,2458429.9472338,g,20.47842506173019,2.6946623621712034,20.621824239240155,0.14283598398409783,P48
466,2458430.89864005,g,27.382158225592107,1.8120259623490234,20.306396433119133,0.07183342401007295,P48
467,2458430.89864005,g,27.382158225592107,1.8120259623490234,20.306396433119133,0.07183342401007295,P48
468,2458431.9627604,g,34.61252387259891,3.546333859622717,20.051982451554935,0.11121828095488757,P48
469,2458431.9627604,g,34.61252387259891,3.546333859622717,20.051982451554935,0.11121828095488757,P48
470,2458432.953588,g,41.26771606534161,2.8387850417056293,19.861039537783547,0.07467098876740204,P48
471,2458434.92425925,g,49.16316190111688,3.6791452135350142,19.670966105987024,0.08123383392884519,P48
472,2458434.92425925,g,49.16316190111688,3.6791452135350142,19.670966105987024,0.08123383392884519,P48
473,2458436.9483217997,g,-31.725298987500473,124.67161083216817,16.913156062011033,99.0,P48
474,2458437.9990046,g,42.3624274437253,2.789008261800346,19.83261352726243,0.07146588736459912,P48
475,2458437.9990046,g,42.3624274437253,2.789008261800346,19.83261352726243,0.07146588736459912,P48
476,2458438.9464698997,g,37.24466044034081,2.6368214616576044,19.972405574371095,0.07685047098802703,P48
477,2458441.9933912004,g,27.781186608070218,3.0641364957857067,20.290688643118486,0.11972563350512798,P48
478,2458442.9944676002,g,45.77084756101131,52.494633434384546,17.85228772059566,99.0,P48
479,2458444.0121933,g,25.770446180548852,2.381951396029824,20.372260777682925,0.10033230399953075,P48
480,2458444.0121933,g,25.770446180548852,2.381951396029824,20.372260777682925,0.10033230399953075,P48
481,2458450.97338545,g,7.129094588812087,2.934686273018583,20.983670787534226,99.0,P48
482,2458450.97338545,g,7.129094588812087,2.934686273018583,20.983670787534226,99.0,P48
483,2458457.7839352,g,5.169449282021027,5.417750003628841,20.318027586415525,99.0,P48
484,2458462.9665508997,g,-7.542087983290251,79.14564509399625,17.406507431014916,99.0,P48
485,2458464.8224942,g,5.620174747335602,2.6589268519150995,21.090809014434463,99.0,P48
486,2458464.8224942,g,5.620174747335602,2.6589268519150995,21.090809014434463,99.0,P48
487,2458466.0332639,g,6.417455517943147,3.308476120144618,20.853504978288555,99.0,P48
488,2458467.9350463,g,7.871528448115632,6.377035954171037,20.141027825218526,99.0,P48
489,2458467.9350463,g,7.871528448115632,6.377035954171037,20.141027825218526,99.0,P48
490,2458468.9304282,g,3.524330665030649,1.9323800116690195,21.437343647804177,99.0,P48
491,2458469.9915509,g,-5.202437871593603,7.333508768836122,19.989295450121965,99.0,P48
492,2458473.0086573996,g,0.12976321439351354,5.2728389911476725,20.347463713838923,99.0,P48
493,2458476.0310417004,g,11.317492346599515,9.765910712558359,19.678293115876954,99.0,P48
494,2458480.9906597002,g,-0.10849488646283226,5.084398139417098,20.386976111352276,99.0,P48
495,2458483.0517477,g,1.3389266713383654,4.9097954084149364,20.42491650062833,99.0,P48
496,2458487.9560417,g,4.481557699777876,3.248053912971625,20.873516915945423,99.0,P48
497,2458491.9244097,g,7.862789728246323,3.287918629506401,20.860272336814774,99.0,P48
498,2458492.7543518995,g,28.800599782668428,47.640243034620624,17.957640068283112,99.0,P48
499,2458493.7408854,g,-1.8515730832777573,3.3041156980071804,20.8549368733757,99.0,P48
500,2458493.7408854,g,-1.8515730832777573,3.3041156980071804,20.8549368733757,99.0,P48
501,2458495.7597454,g,2.119657015382835,4.934027499607678,20.41957107495088,99.0,P48
502,2458505.9276968,g,38.95744863682701,21.355195264703625,18.828816122101756,99.0,P48
503,2458506.96971645,g,-18.43178218042136,10.326679821516219,19.61767320931328,99.0,P48
504,2458506.96971645,g,-18.43178218042136,10.326679821516219,19.61767320931328,99.0,P48
505,2458507.7016551,g,1.9229871380247996,5.695018681998926,20.263837106455895,99.0,P48
506,2458508.7007176,g,-3.8297064355252717,4.6174389066752175,20.49157209415774,99.0,P48
507,2458509.7399479,g,4.290177258246186,3.5092956477516832,20.789525094712623,99.0,P48
508,2458509.7399479,g,4.290177258246186,3.5092956477516832,20.789525094712623,99.0,P48
509,2458511.6776852002,g,11.14280491605221,4.372866755129005,20.55065937857499,99.0,P48
510,2458512.8870369997,g,25.70142930894921,142.71895208866016,16.76637086854913,99.0,P48
511,2458522.9268056,g,3.2901998176887486,2.9872727388558538,20.964387800097974,99.0,P48
512,2458526.93318285,g,4.64031478348506,5.322751516850063,20.337234508200982,99.0,P48
513,2458526.93318285,g,4.64031478348506,5.322751516850063,20.337234508200982,99.0,P48
514,2458534.75880205,g,25.17564605830842,9.022647617313172,19.764239998723415,99.0,P48
515,2458534.75880205,g,25.17564605830842,9.022647617313172,19.764239998723415,99.0,P48
516,2458538.7639757,g,0.30545270604842556,4.367696334787902,20.551943898383428,99.0,P48
517,2458538.7639757,g,0.30545270604842556,4.367696334787902,20.551943898383428,99.0,P48
518,2458539.7337384,g,2.981474173996295,3.0690474952242033,20.93506596557618,99.0,P48
519,2458540.6737153,g,-2.2120564301666943,2.7648211363797235,21.048407386944138,99.0,P48
520,2458541.74550345,g,1.862654688295392,2.6239945820859583,21.105167654181194,99.0,P48
521,2458541.74550345,g,1.862654688295392,2.6239945820859583,21.105167654181194,99.0,P48
522,2458547.7824653,g,2.104826976138349,3.096480118929976,20.925404249284774,99.0,P48
523,2458558.8840162004,g,13.441729237330017,8.868305410257179,19.782973386391262,99.0,P48
524,2458561.7155903,g,2.959084079515555,11.212347688089233,19.528333597897287,99.0,P48
525,2458562.69636575,g,-15.788051114144826,9.00016948596291,19.7669482694157,99.0,P48
526,2458562.69636575,g,-15.788051114144826,9.00016948596291,19.7669482694157,99.0,P48
527,2458567.69783565,g,1.9964280951323161,2.656846261871949,21.091658927327323,99.0,P48
528,2458567.69783565,g,1.9964280951323161,2.656846261871949,21.091658927327323,99.0,P48
529,2458568.7000579,g,-1.2064508369321691,2.636090482482327,21.100174206365296,99.0,P48
530,2458574.6729282,g,-11.006675931821324,11.70471246885686,19.48167311531342,99.0,P48
531,2458575.7584953997,g,-0.45932087877877553,3.0333198041018887,20.947779487752804,99.0,P48
532,2458581.7021065,g,0.009125055968325076,2.2647540282877006,21.265022387148925,99.0,P48
533,2458581.7021065,g,0.009125055968325076,2.2647540282877006,21.265022387148925,99.0,P48
534,2458582.6611574,g,-1.6075987742108795,3.2208754799127908,20.88264015121201,99.0,P48
535,2458584.7192824,g,1.5627621201051605,3.1790604410954844,20.8968280268874,99.0,P48
536,2458584.7192824,g,1.5627621201051605,3.1790604410954844,20.8968280268874,99.0,P48
537,2458585.7108218,g,-0.6122074061822739,4.3171988714589045,20.564569852006258,99.0,P48
538,2458586.6875116,g,-1.359057867712649,4.528702112502477,20.512640602307478,99.0,P48
539,2458587.7015683,g,3.263074183498948,4.048291933269213,20.63439543138619,99.0,P48
540,2458587.7015683,g,3.263074183498948,4.048291933269213,20.63439543138619,99.0,P48
541,2458588.6983565,g,-19.316313581616793,63.61027501250731,17.643756806139223,99.0,P48
542,2458589.6646181,g,95.22024606663709,168.69354381151243,16.584828834860947,99.0,P48
543,2458591.6704340503,g,0.055642790233139276,6.172029940295964,20.176504928801997,99.0,P48
544,2458591.6704340503,g,0.055642790233139276,6.172029940295964,20.176504928801997,99.0,P48
545,2458592.6554861,g,1.033532018742376,8.106085660183505,19.88054701718523,99.0,P48
546,2458594.701956,g,3.8645540255331317,5.2040758569874015,20.361715943133746,99.0,P48
547,2458594.701956,g,3.8645540255331317,5.2040758569874015,20.361715943133746,99.0,P48
548,2458596.6828241,g,0.9877076386509337,3.1521380369105185,20.906061920038198,99.0,P48
549,2458598.72238425,g,1.7861971804962276,1.8505636995943295,21.484314892026084,99.0,P48
550,2458598.72238425,g,1.7861971804962276,1.8505636995943295,21.484314892026084,99.0,P48
551,2458600.7053472,g,8.775673455466455,2.635415279777302,21.541864485571466,0.32598561246786995,P48
552,2458602.6945948997,g,5.073345841286511,3.0027210084687295,20.95878753288097,99.0,P48
553,2458605.7244329,g,-0.691566678451068,3.365795838371678,20.83485556638671,99.0,P48
554,2458606.661713,g,6.135307626426987,1.8502479958262017,21.930474764074432,0.32735835295662224,P48
555,2458606.661713,g,6.135307626426987,1.8502479958262017,21.930474764074432,0.32735835295662224,P48
556,2458608.7002546,g,2.6866189065578467,2.447399289064945,21.18081291529915,99.0,P48
557,2458609.69729745,g,-1.210796292069485,3.367814819892706,20.834204479915854,99.0,P48
558,2458609.69729745,g,-1.210796292069485,3.367814819892706,20.834204479915854,99.0,P48
559,2458617.6819097,g,7.084746818334781,4.853982713721732,20.43732942574857,99.0,P48
560,2458617.6819097,g,7.084746818334781,4.853982713721732,20.43732942574857,99.0,P48
561,2458619.7178935003,g,2.959250975534091,13.820950468070423,19.301230212815533,99.0,P48
562,2458733.9937962997,g,8.752926676201453,5.241545440320209,20.35392660125828,99.0,P48
563,2458736.9862616,g,-2.293802486775296,3.487082984560646,20.796419282386246,99.0,P48
564,2458740.0085301003,g,6.523972658865293,8.902994060969876,19.778734779994807,99.0,P48
565,2458743.0107986,g,1.8118026220795858,15.436561095533673,19.18119859883347,99.0,P48
566,2458746.0139814997,g,0.3284744887405743,7.912872632048966,19.90673955103336,99.0,P48
567,2458749.0091667003,g,0.578436461590438,5.334791593789675,20.33478134373953,99.0,P48
568,2458751.9856713,g,-0.9215356520773252,5.003619312696141,20.40436433886699,99.0,P48
569,2458756.9527315,g,7.415622913592107,4.478014643174618,20.52486121567305,99.0,P48
570,2458757.9025462996,g,3.0758370519692932,6.627319499767507,20.099230218619574,99.0,P48
571,2458759.9477546,g,5.58241898524645,3.8344723707517527,20.693310957127856,99.0,P48
572,2458763.9673264,g,3.1473468307629258,3.5097046651522494,20.789398556749703,99.0,P48
573,2458766.9347337997,g,2.763175838623947,7.024034850420674,20.03610834491746,99.0,P48
574,2458770.0163194,g,11.057282990725211,8.137504183867486,19.87634692699196,99.0,P48
575,2458775.9266319,g,9.324368987281055,7.789015580899419,19.923868557686756,99.0,P48
576,2458779.0119676003,g,-3.144946803985069,6.018539129192981,20.203847268126417,99.0,P48
577,2458784.9885301003,g,14.397151003322708,6.838300162514934,20.065204589313403,99.0,P48
578,2458789.0116088,g,4.299213337805747,3.204558564512709,20.888154456941038,99.0,P48
579,2458799.0492014,g,6.115530514641772,5.699669434789324,20.262950817877822,99.0,P48
580,2458803.0404398,g,4.281256602865677,6.249195751092028,20.16301466713474,99.0,P48
581,2458806.0031018998,g,8.747279994229867,6.044186633685503,20.1992303238805,99.0,P48
582,2458830.7210764,g,0.0582386447247143,20.164502724891594,18.891106198220086,99.0,P48
583,2458834.0313368496,g,6.622236946797147,6.481224868554094,20.123432264844304,99.0,P48
584,2458834.0313368496,g,6.622236946797147,6.481224868554094,20.123432264844304,99.0,P48
585,2458836.0179861,g,3.107030200493794,6.699266452813317,20.087506860369167,99.0,P48
586,2458837.9921412,g,4.222249743162853,5.902556332921335,20.224974637665234,99.0,P48
587,2458838.9636111,g,19.07747943463396,21.941688370513305,18.799399882546183,99.0,P48
588,2458839.9907234,g,85.60657888894558,129.56076565351486,16.871391224518796,99.0,P48
589,2458839.9907234,g,85.60657888894558,129.56076565351486,16.871391224518796,99.0,P48
590,2458846.987662,g,-2.1855075375445154,3.0592568536961844,20.938535134995142,99.0,P48
591,2458849.9872569,g,0.08760171011798444,3.3846750918480892,20.828782525654262,99.0,P48
592,2458850.9319444,g,3.9545503208094943,4.484248188438527,20.523350885749558,99.0,P48
593,2458852.0180093,g,0.14584833050502885,5.6622771179126214,20.27009718819304,99.0,P48
594,2458852.995,g,3.042089373461722,2.1261901636751968,21.333569727518842,99.0,P48
595,2458853.9713889,g,1.897951936621046,2.060360667614324,21.36771686269789,99.0,P48
596,2458854.9945833,g,-2.014179388465633,5.607923296694775,20.280569826999724,99.0,P48
597,2458855.9429861,g,11.903263733867696,5.620287618697043,20.27817863617289,99.0,P48
598,2458859.6421527998,g,-2.8948032406080526,19.297890742986585,18.93880038098527,99.0,P48
599,2458861.8514698995,g,-8.399231313019909,9.64588765067233,19.69171949110479,99.0,P48
600,2458862.9352431,g,4.563256847112701,6.976472549661607,20.043485264781644,99.0,P48
601,2458863.6605093,g,137.95451802750497,81.12304521812875,17.37971437677166,99.0,P48
602,2458864.6749883997,g,-0.10316626598514954,3.509260046353466,20.789536109436643,99.0,P48
603,2458867.8933564997,g,2.9641207775299154,2.6640238431937857,21.08872972045826,99.0,P48
604,2458872.7443518997,g,-0.11770912184443896,2.2843757419625867,21.255656139919154,99.0,P48
605,2458873.8423842997,g,0.6949756957075766,2.203552718591285,21.294766376189187,99.0,P48
606,2458874.8615162005,g,3.781815014205793,2.1354758435367285,21.32883833151126,99.0,P48
607,2458875.6823957996,g,-1.185726349474722,4.519369588893099,20.514880341932034,99.0,P48
608,2458876.71823495,g,5.485879418365957,2.0654331003688093,21.365047157437623,99.0,P48
609,2458876.71823495,g,5.485879418365957,2.0654331003688093,21.365047157437623,99.0,P48
610,2458877.7399653,g,5.822129404655503,4.508006920207216,20.51761355401809,99.0,P48
611,2458878.7446065,g,13.2951839281894,7.566151675262711,19.955387381281298,99.0,P48
612,2458879.7146991002,g,10.758789319155877,4.62943548657855,20.488754898230084,99.0,P48
613,2458880.7602315,g,4.445760414433926,3.856834683657632,20.68699742914415,99.0,P48
614,2458881.7121817,g,-5.004314310711154,4.179128792199804,20.599860600616637,99.0,P48
615,2458881.7121817,g,-5.004314310711154,4.179128792199804,20.599860600616637,99.0,P48
616,2458884.7830556,g,2.641504251147703,9.674270122708597,19.68852946543315,99.0,P48
617,2458885.7811573995,g,7.138530249795438,11.503069393233654,19.500540639866855,99.0,P48
618,2458886.7180093,g,1.4145927682294472,9.848514644100883,19.66914815162504,99.0,P48
619,2458887.7208217997,g,4.395544420131422,9.973266768355359,19.655481399526955,99.0,P48
620,2458888.7685301,g,-6.438550237073082,12.898657531729553,19.376213708935296,99.0,P48
621,2458890.7587384,g,14.951885339060755,9.870251519954627,19.66675443972077,99.0,P48
622,2458891.6757292002,g,3.52453123616592,2.998830611932814,20.960195150520114,99.0,P48
623,2458892.6802431,g,2.000712420659918,2.5980535184980265,21.115954756508174,99.0,P48
624,2458893.7001389,g,2.1064887904920804,2.1662409266878218,21.313308097457632,99.0,P48
625,2458894.6976042003,g,0.3780982452738183,2.4200993503669728,21.1929920014501,99.0,P48
626,2458895.6953009,g,1.2073431994039376,3.03372835722892,20.947633261479183,99.0,P48
627,2458896.7396991,g,3.864273315094482,2.541570861714008,21.139819432154482,99.0,P48
628,2458898.7358332993,g,1.9745002067132533,1.4622429721060313,21.740026132370247,99.0,P48
629,2458898.7358332993,g,1.9745002067132533,1.4622429721060313,21.740026132370247,99.0,P48
630,2458899.698287,g,4.10622757944236,2.8298762920556486,21.023156362232523,99.0,P48
631,2458900.785787,g,-1.0566208948711304,3.813440801788685,20.699282466718167,99.0,P48
632,2458903.7327836,g,3.3894349266802752,1.702788206060903,21.574673405453005,99.0,P48
633,2458903.7327836,g,3.3894349266802752,1.702788206060903,21.574673405453005,99.0,P48
634,2458904.7666782,g,5.556944633649037,2.6654068702140434,21.08816620715918,99.0,P48
635,2458905.6595602003,g,4.2438810611914555,5.366904147512232,20.328265391932796,99.0,P48
636,2458906.7818866,g,-0.052612693077155256,2.6480437642393704,21.09526209312203,99.0,P48
637,2458906.7818866,g,-0.052612693077155256,2.6480437642393704,21.09526209312203,99.0,P48
638,2458909.7247801004,g,6.440986540670537,4.947409904361762,20.416630253765184,99.0,P48
639,2458909.7247801004,g,6.440986540670537,4.947409904361762,20.416630253765184,99.0,P48
640,2458912.6583333006,g,7.530035694644627,3.588706384033598,20.765230171001917,99.0,P48
641,2458912.6583333006,g,7.530035694644627,3.588706384033598,20.765230171001917,99.0,P48
642,2458913.7628935003,g,-0.8655033209352868,5.748038560396572,20.25377580687919,99.0,P48
643,2458914.7077604,g,6.8354680727169965,7.60239551357863,19.950198839246482,99.0,P48
644,2458914.7077604,g,6.8354680727169965,7.60239551357863,19.950198839246482,99.0,P48
645,2458915.7011285,g,1.7867317348626393,5.249746225764657,20.35222921417548,99.0,P48
646,2458915.7011285,g,1.7867317348626393,5.249746225764657,20.35222921417548,99.0,P48
647,2458939.8053356004,g,1.7268135248684644,13.291621265099486,19.34363009445127,99.0,P48
648,2458940.6640972,g,-0.7699499179012851,3.1432511010078352,20.909127298287856,99.0,P48
649,2458940.6640972,g,-0.7699499179012851,3.1432511010078352,20.909127298287856,99.0,P48
650,2458941.7380093,g,0.019739832780801454,5.332478094903177,20.335252288904208,99.0,P48
651,2458954.6735417005,g,0.6102365392891577,2.613609912154969,21.10947306781278,99.0,P48
652,2458956.7037731004,g,2.0343674024788845,2.2193858773619164,21.28699294376532,99.0,P48
653,2458962.6989468,g,2.0462891147341886,2.576474009309728,21.125010574690315,99.0,P48
654,2458963.706820025,g,3.226492093943128,1.2313263459916473,21.92664205935018,99.0,P48
655,2458963.706820025,g,3.226492093943128,1.2313263459916473,21.92664205935018,99.0,P48
656,2458963.706820025,g,3.226492093943128,1.2313263459916473,21.92664205935018,99.0,P48
657,2458963.706820025,g,3.226492093943128,1.2313263459916473,21.92664205935018,99.0,P48
658,2458964.6782176,g,-0.16428859745142826,2.339434691887953,21.229797674538617,99.0,P48
659,2458965.6980903,g,3.9113969569565477,2.519638248095566,21.1492295083703,99.0,P48
660,2458966.73880785,g,-4.075700338863938,6.531763996381352,20.114998777764807,99.0,P48
661,2458966.73880785,g,-4.075700338863938,6.531763996381352,20.114998777764807,99.0,P48
662,2458967.7153241,g,1.1193293053780924,2.9182680600940705,20.989762034426143,99.0,P48
663,2458968.7214468,g,8.577071687238238,3.1199507212834066,20.917205652866816,99.0,P48
664,2458969.6995023,g,-7.67570166895923,37.58794267498575,18.214953599546384,99.0,P48
665,2458970.7196875,g,2.57621610599218,5.226156983393081,20.35711886182912,99.0,P48
666,2458971.7380787004,g,5.947911852720651,6.592028191600517,20.105027349146056,99.0,P48
667,2458972.7419502498,g,5.065624631742988,4.784339348828423,20.453020048698598,99.0,P48
668,2458972.7419502498,g,5.065624631742988,4.784339348828423,20.453020048698598,99.0,P48
669,2458973.7062731003,g,-3.7824796498847393,7.095885734280701,20.025058455672834,99.0,P48
670,2458975.72353585,g,-4.196580316564988,6.972435439962721,20.044113734951253,99.0,P48
671,2458975.72353585,g,-4.196580316564988,6.972435439962721,20.044113734951253,99.0,P48
672,2458976.6867939997,g,-19.19610490693291,7.48722899899987,19.966772198285533,99.0,P48
673,2458978.6808332996,g,1.3606222624126592,2.9743241407957073,20.969104249098624,99.0,P48
674,2458979.7171296002,g,0.8438066767530912,3.495761989241064,20.79372034964738,99.0,P48
675,2458981.6857696497,g,2.9556432658772307,1.9618489656990923,21.420911064486255,99.0,P48
676,2458981.6857696497,g,2.9556432658772307,1.9618489656990923,21.420911064486255,99.0,P48
677,2458985.6793633997,g,4.215447933775591,2.50991124425146,21.153429078697755,99.0,P48
678,2458986.6755556,g,9.035665236253598,3.03759418634342,20.946250606820946,99.0,P48
679,2458987.7254919,g,0.3180204143621972,2.4013380022407382,21.201441754597777,99.0,P48
680,2458987.7254919,g,0.3180204143621972,2.4013380022407382,21.201441754597777,99.0,P48
681,2458992.7080093,g,6.355104284966282,3.3881698311817283,20.82766206138833,99.0,P48
682,2458993.7372685503,g,3.0782192464572398,3.1060177509134284,20.92206515567078,99.0,P48
683,2458993.7372685503,g,3.0782192464572398,3.1060177509134284,20.92206515567078,99.0,P48
684,2458994.7277546003,g,2.8686430360618864,3.9218484036796206,20.668847983396738,99.0,P48
685,2458995.6766667003,g,6.470898025096322,3.4734723269808376,20.800665381117746,99.0,P48
686,2458996.6773842997,g,2.4013338345556536,2.6077707874101694,21.111901449172876,99.0,P48
687,2458996.6773842997,g,2.4013338345556536,2.6077707874101694,21.111901449172876,99.0,P48
688,2458999.71605905,g,3.265717748315698,8.55215930516354,19.822385533941976,99.0,P48
689,2458999.71605905,g,3.265717748315698,8.55215930516354,19.822385533941976,99.0,P48
690,2459093.0084722,g,-3.4863572839709596,5.767897548509077,20.25003114495101,99.0,P48
691,2459102.981875,g,-31.22312164986537,35.480416310099116,18.27760322168082,99.0,P48
692,2459105.9924768996,g,-65.3781849889048,44.2517494323548,18.037748877631856,99.0,P48
693,2459121.96133685,g,3.111687773542904,2.5979291733838914,21.11600672203629,99.0,P48
694,2459121.96133685,g,3.111687773542904,2.5979291733838914,21.11600672203629,99.0,P48
695,2459125.01753475,g,2.291406361775759,5.524099961774193,20.296921167193005,99.0,P48
696,2459125.01753475,g,2.291406361775759,5.524099961774193,20.296921167193005,99.0,P48
697,2459125.9517014,g,17.227388984570926,9.04046910577758,19.762097573158265,99.0,P48
698,2459126.97305555,g,4.915586093415831,5.029998203701691,20.398655414255018,99.0,P48
699,2459126.97305555,g,4.915586093415831,5.029998203701691,20.398655414255018,99.0,P48
700,2459127.9576967997,g,-344.5301113793409,198.66279207205125,16.407283651920643,99.0,P48
701,2459128.9578472,g,-0.4213259698615599,10.687736933254271,19.580360600190296,99.0,P48
702,2459129.9181944,g,-0.022674800222395246,8.272617357626006,19.858467646918438,99.0,P48
703,2459130.99026045,g,6.240417772312608,4.1568851548319845,20.60565492387212,99.0,P48
704,2459130.99026045,g,6.240417772312608,4.1568851548319845,20.60565492387212,99.0,P48
705,2459135.0253588,g,0.8590669620362517,4.682163601644064,20.476458527884713,99.0,P48
706,2459135.950272,g,0.8608633234819265,2.3379206293364008,21.230500581405003,99.0,P48
707,2459135.950272,g,0.8608633234819265,2.3379206293364008,21.230500581405003,99.0,P48
708,2459136.95,g,8.314445779896362,2.800281805199244,21.03457064269312,99.0,P48
709,2459137.92938075,g,3.1013617896520254,2.1447787937275495,21.324118721771196,99.0,P48
710,2459137.92938075,g,3.1013617896520254,2.1447787937275495,21.324118721771196,99.0,P48
711,2459139.9127546,g,-0.4103065832496564,4.795523488002281,20.450484932999387,99.0,P48
712,2459141.0151273,g,2.155425865333849,3.497798867665124,20.793087907102738,99.0,P48
713,2459141.94975115,g,5.227323301660056,1.7741962542081877,21.530070844155915,99.0,P48
714,2459141.94975115,g,5.227323301660056,1.7741962542081877,21.530070844155915,99.0,P48
715,2459142.9886689996,g,2.5912809596794197,2.0237197714104918,21.387199052431075,99.0,P48
716,2459143.9276273,g,4.602157895372406,2.167117622316647,21.312868779922752,99.0,P48
717,2459145.0165393995,g,0.6484586775379677,1.9675271260217755,21.41777316758555,99.0,P48
718,2459145.9524594503,g,5.904177695684484,1.6871760380151375,21.972167072782916,0.3101921526860668,P48
719,2459145.9524594503,g,5.904177695684484,1.6871760380151375,21.972167072782916,0.3101921526860668,P48
720,2459146.9863079,g,32.42207742452019,78.667321175798,17.41308908521218,99.0,P48
721,2459149.9779513497,g,-0.2761095056067962,2.7373865855448605,21.059234652454936,99.0,P48
722,2459149.9779513497,g,-0.2761095056067962,2.7373865855448605,21.059234652454936,99.0,P48
723,2459150.94548035,g,6.468371687617188,4.003191263469119,20.646559138625598,99.0,P48
724,2459150.94548035,g,6.468371687617188,4.003191263469119,20.646559138625598,99.0,P48
725,2459152.8674999997,g,-1.340786909745371,7.448377640970777,19.97242076980676,99.0,P48
726,2459152.8674999997,g,-1.340786909745371,7.448377640970777,19.97242076980676,99.0,P48
