,JD,Filter,Flux,eFlux,Mag,eMag,Telescope
0,2458256.9883102,r,0.8739471105661134,6.714924202200555,20.084972202326387,99.0,P48
1,2458267.8998264,r,-2.923446274054315,13.032696690187489,19.364989269047122,99.0,P48
2,2458270.9203241,r,-15.880243942278902,12.0331879007446,19.4516232432765,99.0,P48
3,2458276.9768403,r,3.397233543777763,4.66954332859965,20.479388965243075,99.0,P48
4,2458279.9218981,r,-0.059407056498746974,5.073290589516677,20.389350642449223,99.0,P48
5,2458282.9795255,r,1.8736563319789388,6.7583287760743795,20.077976700881734,99.0,P48
6,2458285.9013194,r,-2.187393544549263,3.0409476964756457,20.94505261302468,99.0,P48
7,2458288.9606712996,r,-1.2860533370300284,4.73254463783017,20.46483819175056,99.0,P48
8,2458291.961412,r,2.2736480482098465,2.5422794790216434,21.139516759408576,99.0,P48
9,2458300.8970949,r,-5.471524511890028,10.181229054313869,19.63307446869461,99.0,P48
10,2458303.9631944,r,-1.2369715971309518,6.066232758978572,20.19527731415053,99.0,P48
11,2458313.9002198996,r,-2.4901142132480207,2.999189891766713,20.960065079899806,99.0,P48
12,2458317.9192361,r,0.6454199010850425,2.8211691448297413,21.026502175877148,99.0,P48
13,2458320.8774653,r,-4.491215607733596,2.6373243263718233,21.099666137474514,99.0,P48
14,2458323.9620486,r,3.5518349936689058,2.875238140628357,21.005890437136962,99.0,P48
15,2458326.8996296003,r,-4.649206953006468,12.229639388288273,19.434040860875342,99.0,P48
16,2458334.8698957996,r,-0.42304638655527416,3.363792089443564,20.83550212687277,99.0,P48
17,2458338.8459028,r,0.3662235604991306,2.5960943702018593,21.11677380070256,99.0,P48
18,2458342.8509028,r,-5.872454182258858,2.94074323809046,20.981432221456053,99.0,P48
19,2458345.8563542003,r,1.7289113432611767,3.0290663956050135,20.94930300677792,99.0,P48
20,2458351.858206,r,3.3148026798295316,3.195768723799319,20.891136633903734,99.0,P48
21,2458354.8360764002,r,-1.8796455734969582,4.681824839849415,20.4765370854241,99.0,P48
22,2458354.8360764002,r,-1.8796455734969582,4.681824839849415,20.4765370854241,99.0,P48
23,2458359.82369215,r,2.8776783266486254,4.640897987472139,20.486069933639662,99.0,P48
24,2458359.82369215,r,2.8776783266486254,4.640897987472139,20.486069933639662,99.0,P48
25,2458362.8335647997,r,4.532012404987945,3.5545737760188487,20.775606157803907,99.0,P48
26,2458365.8362847,r,6.688393415009914,3.6527619603168606,20.746021560539038,99.0,P48
27,2458368.7947917003,r,0.7859373993713472,2.6704788928811607,21.086102114881307,99.0,P48
28,2458374.8202546,r,-1.7696006096355061,3.150222099418091,20.90672205456579,99.0,P48
29,2458377.7967707994,r,3.635307448727532,2.926827342187762,20.986582230348098,99.0,P48
30,2458380.7728356,r,2.0526661450574055,3.748267562610945,20.717998527738793,99.0,P48
31,2458385.7516435003,r,-1.7168461395201098,8.590212606416005,19.81756520744836,99.0,P48
32,2458388.73127895,r,-0.7815206265578197,3.906389939428698,20.673136007186393,99.0,P48
33,2458388.73127895,r,-0.7815206265578197,3.906389939428698,20.673136007186393,99.0,P48
34,2458389.7615625,r,8.184315208698782,4.514104538734257,20.51614595827052,99.0,P48
35,2458390.7500347,r,-4.779041740095452,3.5695036863703447,20.771055402139297,99.0,P48
36,2458400.7286227,r,2.714228980727143,3.0980510200424947,20.924853575081915,99.0,P48
37,2458423.6448379504,r,-0.40806585092071906,4.746893315544156,20.46155131106014,99.0,P48
38,2458423.6448379504,r,-0.40806585092071906,4.746893315544156,20.46155131106014,99.0,P48
39,2458424.6255208,r,129.88439000944157,41.52576097956907,18.61617322458674,0.34704873726585267,P48
40,2458425.6253819,r,3.023379078822495,7.564365045007638,19.955643791448555,99.0,P48
41,2458426.6281481003,r,296.44351112297255,158.23938056958562,16.654288553649437,99.0,P48
42,2458427.7136921003,r,52.620327642771656,145.39651127289497,16.746190024315748,99.0,P48
43,2458428.5849537,r,3.884397186537906,4.38660938881952,20.54725257959673,99.0,P48
44,2458429.6273495,r,3.598374681869096,3.9420979070299795,20.66325647332294,99.0,P48
45,2458430.6721412004,r,0.1591448123072867,2.7574846207666015,21.051292241805335,99.0,P48
46,2458432.6285359003,r,-1.8866447783252687,3.8400465380425217,20.69173376997772,99.0,P48
47,2458432.6285359003,r,-1.8866447783252687,3.8400465380425217,20.69173376997772,99.0,P48
48,2458433.6252431,r,2.383645060467232,4.784738200194162,20.45292953895696,99.0,P48
49,2458435.5852604005,r,-3.849701076807237,5.395712666272808,20.32245295299402,99.0,P48
50,2458435.5852604005,r,-3.849701076807237,5.395712666272808,20.32245295299402,99.0,P48
51,2458436.6065278,r,-46.87675546693781,36.3169354954224,18.252302002531437,99.0,P48
52,2458456.6306133997,r,2.2922879897793225,4.707830438799741,20.470522957820105,99.0,P48
53,2458457.6653993,r,11.513828903418414,6.5316273080831175,20.115021498883802,99.0,P48
54,2458457.6653993,r,11.513828903418414,6.5316273080831175,20.115021498883802,99.0,P48
55,2458471.6286921003,r,15.147306863644243,17.140379046215703,19.067523934710728,99.0,P48
56,2458471.6286921003,r,15.147306863644243,17.140379046215703,19.067523934710728,99.0,P48
57,2458474.6455671,r,-6.834200125905756,9.934919435303248,19.65966411501067,99.0,P48
58,2458488.5893778745,r,2.558062009341751,5.401250169645739,20.321339256760275,99.0,P48
59,2458488.5893778745,r,2.558062009341751,5.401250169645739,20.321339256760275,99.0,P48
60,2458488.5893778745,r,2.558062009341751,5.401250169645739,20.321339256760275,99.0,P48
61,2458488.5893778745,r,2.558062009341751,5.401250169645739,20.321339256760275,99.0,P48
62,2458490.5908950665,r,-3.925314912655378,5.068406092544143,20.390396478423504,99.0,P48
63,2458490.5908950665,r,-3.925314912655378,5.068406092544143,20.390396478423504,99.0,P48
64,2458490.5908950665,r,-3.925314912655378,5.068406092544143,20.390396478423504,99.0,P48
65,2458491.5927199,r,-4.080325090931149,3.977669421363938,20.653503272482524,99.0,P48
66,2458491.5927199,r,-4.080325090931149,3.977669421363938,20.653503272482524,99.0,P48
67,2458491.5927199,r,-4.080325090931149,3.977669421363938,20.653503272482524,99.0,P48
68,2458492.5848264,r,-6.003791854896028,158.16104222799848,16.654826193736433,99.0,P48
69,2458493.5910619,r,3.5255509514956804,7.391490053909782,19.98074499704314,99.0,P48
70,2458493.5910619,r,3.5255509514956804,7.391490053909782,19.98074499704314,99.0,P48
71,2458493.5910619,r,3.5255509514956804,7.391490053909782,19.98074499704314,99.0,P48
72,2458493.5910619,r,3.5255509514956804,7.391490053909782,19.98074499704314,99.0,P48
73,2458632.9784028,r,0.08210903831862687,4.532802785060507,20.511657929117014,99.0,P48
74,2458633.9370832997,r,-3.093668698140824,3.258211639769172,20.870126762065848,99.0,P48
75,2458635.8995139,r,1.1093706926120657,3.551561290783331,20.77652670447286,99.0,P48
76,2458650.9231366003,r,8.204819410997668,5.96726772674392,20.213136180941877,99.0,P48
77,2458653.9402314997,r,5.756649765069006,7.621974817857648,19.94740621521322,99.0,P48
78,2458658.9162037005,r,8.562224009693894,4.761739836845236,20.458160830318675,99.0,P48
79,2458661.9240508997,r,-1.319090885614077,3.410329899196026,20.8205840076095,99.0,P48
80,2458665.9386342997,r,-1.8663201195264283,2.954367449866776,20.976413714728658,99.0,P48
81,2458668.8747222,r,1.8186371126091798,3.439695827325485,20.811274890256378,99.0,P48
82,2458671.937581,r,82.64241268764361,147.03177120860255,16.73404701675036,99.0,P48
83,2458674.9619444,r,5.105200451040803,2.9351358789380657,20.98350446105517,99.0,P48
84,2458677.77472225,r,-0.6717234665603061,5.128523735177398,20.377594064652243,99.0,P48
85,2458677.77472225,r,-0.6717234665603061,5.128523735177398,20.377594064652243,99.0,P48
86,2458679.9604051,r,4.103383847631061,4.703926347557102,20.471423706436575,99.0,P48
87,2458682.9078009,r,-0.37479624606395257,7.686300651900981,19.9382815691189,99.0,P48
88,2458688.9136111,r,0.9750701595337077,3.3572537881030735,20.83761455784012,99.0,P48
89,2458690.8806771,r,-4.598176117450916,2.030749379716401,21.383434166027364,99.0,P48
90,2458690.8806771,r,-4.598176117450916,2.030749379716401,21.383434166027364,99.0,P48
91,2458691.8910648,r,1.6142188183284614,3.0172544820527634,20.953545136418562,99.0,P48
92,2458692.835463,r,-1.4714522349189045,3.4811065711838878,20.798281691529077,99.0,P48
93,2458693.8759780005,r,4.522059389801246,2.0741177032094575,21.360491493304266,99.0,P48
94,2458693.8759780005,r,4.522059389801246,2.0741177032094575,21.360491493304266,99.0,P48
95,2458694.8875463,r,1.4586773173790057,2.862865543443714,21.010572610296737,99.0,P48
96,2458695.8377662003,r,-2.1509686777591988,3.5973396217124147,20.7626213863617,99.0,P48
97,2458696.8923727004,r,-1.0125658128070145,1.761323217698058,21.537977339187478,99.0,P48
98,2458696.8923727004,r,-1.0125658128070145,1.761323217698058,21.537977339187478,99.0,P48
99,2458697.8980671,r,1.5749007659751642,2.810987087057192,21.030427862719336,99.0,P48
100,2458698.9139698995,r,-0.9390786158857836,3.1429252772702214,20.90923984957733,99.0,P48
101,2458699.8732639,r,0.7645570850021364,3.3600331146916624,20.83671609519651,99.0,P48
102,2458701.8808333,r,1.6667495205132683,2.9620948437051906,20.973577588809768,99.0,P48
103,2458702.8783044,r,3.889662527131241,5.594756356399157,20.28312204322127,99.0,P48
104,2458702.8783044,r,3.889662527131241,5.594756356399157,20.28312204322127,99.0,P48
105,2458703.9000926004,r,3.0286992019439216,2.7662360949951337,21.047851879464744,99.0,P48
106,2458705.9441608503,r,1.338981856964741,2.0861833632224096,21.35419379492611,99.0,P48
107,2458705.9441608503,r,1.338981856964741,2.0861833632224096,21.35419379492611,99.0,P48
108,2458709.0032176003,r,1.4693220848761734,4.515448104658088,20.515822850751164,99.0,P48
109,2458713.85725695,r,1.3375969528304297,6.516129581099425,20.11760070867955,99.0,P48
110,2458713.85725695,r,1.3375969528304297,6.516129581099425,20.11760070867955,99.0,P48
111,2458714.8751736,r,7.850014980505092,5.027908325797012,20.39910661274859,99.0,P48
112,2458715.8652778,r,11.60920396084423,7.688435437930853,19.93798005961872,99.0,P48
113,2458717.8334259,r,-0.8108609431226216,3.4963880202093547,20.793525930337594,99.0,P48
114,2458724.8727082997,r,3.396151548609661,4.461268412232376,20.528929105767517,99.0,P48
115,2458736.8714119997,r,1.495570918754234,7.1427116659492755,20.017917191517153,99.0,P48
116,2458744.8595717996,r,6.364261552221738,6.092133365134623,20.190651483988752,99.0,P48
117,2458747.7542939996,r,6.660378128296473,3.8506444892351945,20.688741428574637,99.0,P48
118,2458750.7774769,r,1.5406771883006078,4.248238208213282,20.58205283761336,99.0,P48
119,2458757.7966319,r,1.262437590341716,4.2024907909417974,20.593808063088524,99.0,P48
120,2458760.7742477003,r,2.318821944485842,3.854062935384439,20.68777798355661,99.0,P48
121,2458764.6870602,r,7.741428648425524,7.378249657575955,19.98269162329339,99.0,P48
122,2458768.6848032,r,16.47659276844004,15.164423815988199,19.2005102051464,99.0,P48
123,2458771.7669097,r,15.499848999733944,8.104238809383876,19.880794414180937,99.0,P48
124,2458774.6942824,r,-1.9728006658650723,5.399139925576478,20.3217635318829,99.0,P48
125,2458777.6904514,r,-3.0186034784575155,5.158731834826883,20.371217607585763,99.0,P48
126,2458781.743206,r,-2.645919291453524,7.5167247040794685,19.962503377309698,99.0,P48
127,2458785.7431018995,r,-5.6145854645633735,4.6739032964457445,20.47837568278412,99.0,P48
128,2458788.7289699,r,5.572011986529185,5.695350876638278,20.263773776509453,99.0,P48
129,2458800.7657292006,r,-3.916292625658054,10.20233425121815,19.630826119450397,99.0,P48
130,2458803.5718866,r,16.62688583806539,96.45802722872521,17.191729050576797,99.0,P48
131,2458814.6271875,r,19.625494545176277,20.002668103602566,18.899855166826566,99.0,P48
132,2458829.569375,r,-3.0177904322018136,25.983209714295487,18.615842992688364,99.0,P48
133,2458833.5721528,r,11.749460657412916,8.436538070999417,19.83716431249482,99.0,P48
134,2458837.5888542,r,-5.794261746644844,5.604187212723197,20.281293402062367,99.0,P48
135,2458840.5957639,r,-52.000300737909605,86.50003499912346,17.31003428119378,99.0,P48
136,2458851.6021412,r,-65.96520098961035,53.70004569461146,17.82763835103261,99.0,P48
137,2458854.59320138,r,-5.15146352692036,4.175344139942083,20.600844297444212,99.0,P48
138,2458854.59320138,r,-5.15146352692036,4.175344139942083,20.600844297444212,99.0,P48
139,2458854.59320138,r,-5.15146352692036,4.175344139942083,20.600844297444212,99.0,P48
140,2458854.59320138,r,-5.15146352692036,4.175344139942083,20.600844297444212,99.0,P48
141,2458854.59320138,r,-5.15146352692036,4.175344139942083,20.600844297444212,99.0,P48
142,2458860.5942332,r,-6.37123546772248,5.600412204425144,20.282025005787755,99.0,P48
143,2458860.5942332,r,-6.37123546772248,5.600412204425144,20.282025005787755,99.0,P48
144,2458860.5942332,r,-6.37123546772248,5.600412204425144,20.282025005787755,99.0,P48
145,2458860.5942332,r,-6.37123546772248,5.600412204425144,20.282025005787755,99.0,P48
146,2458864.59185765,r,4.20823801152098,3.5143894889047846,20.787950260811833,99.0,P48
147,2458864.59185765,r,4.20823801152098,3.5143894889047846,20.787950260811833,99.0,P48
148,2458864.59185765,r,4.20823801152098,3.5143894889047846,20.787950260811833,99.0,P48
149,2458864.59185765,r,4.20823801152098,3.5143894889047846,20.787950260811833,99.0,P48
150,2459014.9773494997,r,2.811154963311041,4.014228877422253,20.643569662099836,99.0,P48
151,2459018.9623264,r,0.8775334086862672,2.2744898758173253,21.260364969050528,99.0,P48
152,2459026.9758332996,r,1.2058847983069059,2.5278756416927264,21.14568572638316,99.0,P48
153,2459030.9626389,r,4.593372019914386,3.634372184059893,20.751501489375208,99.0,P48
154,2459033.8750463,r,8.433751168316459,5.369390734782322,20.327762466500268,99.0,P48
155,2459036.8699073996,r,18.435812536106063,8.417059092583074,19.839674048702484,99.0,P48
156,2459040.8783912,r,8.831272508796703,5.667905640979395,20.269018460355078,99.0,P48
157,2459043.8808681,r,2.9246527707572842,3.2742896123332157,20.864782263385596,99.0,P48
158,2459046.8993981,r,0.47623853166884195,2.4700433711701164,21.170813541542685,99.0,P48
159,2459049.9006366003,r,5.158098570848919,2.3790258427586184,21.211577089923757,99.0,P48
160,2459052.8988657002,r,1.6379712618790216,2.2694652551620402,21.26276614363387,99.0,P48
161,2459055.8699073996,r,-1.8645859492291155,2.347399904806178,21.22610728257299,99.0,P48
162,2459060.8988773,r,-6.1616547506445976,2.33078745879189,21.233818307591818,99.0,P48
163,2459061.8596528,r,-0.1625879567526972,4.648971719492693,20.484182728405194,99.0,P48
164,2459063.8776852,r,-2.3045465949245183,8.420421133135157,19.839240457791156,99.0,P48
165,2459069.9054051004,r,8.167288499444709,4.114285994950329,20.616838795731752,99.0,P48
166,2459073.9414931,r,0.13382099158730631,3.4423402328218393,20.810440507261678,99.0,P48
167,2459076.8569444,r,-0.43118822818340063,2.9049870206253017,20.994714498362498,99.0,P48
168,2459079.8570602,r,-0.8312472096072844,3.4335150489388844,20.81322760109201,99.0,P48
169,2459082.768831,r,0.22575773254939613,3.685842699726992,20.736232996799224,99.0,P48
170,2459086.8894097,r,0.4608317252831113,2.745797437179114,21.055903750826722,99.0,P48
171,2459088.8567014,r,0.28690892578317345,4.304411984778056,20.5677904093305,99.0,P48
172,2459096.8763079,r,-3.368420297699305,8.991218513244448,19.768028608070004,99.0,P48
173,2459097.7927431,r,-7.864692856358277,8.420474507010418,19.839233575740465,99.0,P48
174,2459098.8351466,r,3.2513823717219807,3.089974452289239,20.927687767358123,99.0,P48
175,2459098.8351466,r,3.2513823717219807,3.089974452289239,20.927687767358123,99.0,P48
176,2459098.8351466,r,3.2513823717219807,3.089974452289239,20.927687767358123,99.0,P48
177,2459107.80004055,r,1.5018119790864322,3.1769089544088054,20.89756306726712,99.0,P48
178,2459107.80004055,r,1.5018119790864322,3.1769089544088054,20.89756306726712,99.0,P48
179,2459110.7671875,r,-0.047382326825121175,4.072748183972337,20.627856092408074,99.0,P48
180,2459110.7671875,r,-0.047382326825121175,4.072748183972337,20.627856092408074,99.0,P48
181,2459111.7545139,r,2.940125307480977,3.1776756482725124,20.897301074598246,99.0,P48
182,2459114.77483215,r,-0.02249613352095553,1.9859378514218444,21.407660855608068,99.0,P48
183,2459114.77483215,r,-0.02249613352095553,1.9859378514218444,21.407660855608068,99.0,P48
184,2459123.7923957994,r,-6.829284941130944,15.724035193899123,19.161164971167228,99.0,P48
185,2459124.7486806,r,13.574751554196295,7.991370831061154,19.896021778891182,99.0,P48
186,2459125.77364585,r,-5.1175921174644285,4.490458513314549,20.521848268257642,99.0,P48
187,2459125.77364585,r,-5.1175921174644285,4.490458513314549,20.521848268257642,99.0,P48
188,2459126.8077431,r,1.0371623735326978,6.590378802716098,20.105299044783685,99.0,P48
189,2459128.73345485,r,-4.57226339422167,3.3358046978765588,20.844573449231774,99.0,P48
190,2459128.73345485,r,-4.57226339422167,3.3358046978765588,20.844573449231774,99.0,P48
191,2459129.7266319,r,4.923492042461016,3.5613809351500336,20.773528915416996,99.0,P48
192,2459130.6913078497,r,2.200295730060943,1.8303391700005498,21.496246054436092,99.0,P48
193,2459130.6913078497,r,2.200295730060943,1.8303391700005498,21.496246054436092,99.0,P48
194,2459131.7127778,r,-4.547509117953085,4.383581209646532,20.548002347542212,99.0,P48
195,2459134.6773264,r,35.83856666125769,2.324383630988733,20.014189042208965,0.07040232538556901,P48
196,2459134.6773264,r,35.83856666125769,2.324383630988733,20.014189042208965,0.07040232538556901,P48
197,2459135.7706481004,r,55.388522461135054,3.291692794981926,19.541516172023147,0.06451034203810133,P48
198,2459136.6757755,r,49.347090351447186,3.442168625054489,19.666911746058066,0.0757182240307522,P48
199,2459138.6332755,r,44.78994825668765,3.9607997206721337,19.772114220459862,0.0959913611007051,P48
200,2459140.7291667005,r,20.917683351901537,2.9348377162458026,20.598781661181945,0.15230015137862835,P48
201,2459141.6700810003,r,17.934740373722452,4.746719921065308,20.76582788693596,0.2872951805795753,P48
202,2459142.6433275496,r,16.738299966705377,2.0334863349860366,20.84078725584691,0.131874170078087,P48
203,2459142.6433275496,r,16.738299966705377,2.0334863349860366,20.84078725584691,0.131874170078087,P48
204,2459143.7271065,r,11.298054947240841,2.6407163516620207,21.267556415872214,0.25371602573318747,P48
205,2459144.6909895497,r,7.8774575737733645,2.938288793427741,20.98233879232467,99.0,P48
206,2459144.6909895497,r,7.8774575737733645,2.938288793427741,20.98233879232467,99.0,P48
207,2459145.6696065,r,4.766295984207388,3.9501904547592797,20.661029901070386,99.0,P48
208,2459146.6693287003,r,12.451010308200214,6.337486117287261,20.147782436686015,99.0,P48
209,2459150.7202894,r,10.849358170663917,8.355746656385097,19.847611829571044,99.0,P48
210,2459152.7029167004,r,2.9016323910732567,7.043081397379875,20.033168220178045,99.0,P48
211,2458263.9802314998,g,20.98611946186583,8.963823155616325,19.77134178943144,99.0,P48
212,2458267.9822685,g,-7.9943663162407965,16.392026541367507,19.115993367691487,99.0,P48
213,2458270.9631944,g,28.922095526311534,13.4570007429156,19.33020429819679,99.0,P48
214,2458279.9602778,g,-9.487091212487496,4.465093169256247,20.527998675739237,99.0,P48
215,2458282.936875,g,-3.07536019714569,4.5550660768784255,20.506338285824,99.0,P48
216,2458285.9415625,g,0.8385107713026766,2.9938937973283895,20.961984012880094,99.0,P48
217,2458288.9205556,g,-0.6449817323815109,5.211972013999886,20.360069801469393,99.0,P48
218,2458291.9408218,g,3.859383429508202,3.2130582035937305,20.885278507314588,99.0,P48
219,2458294.8779861,g,-5.9036841007345915,9.189907004262558,19.74429719756626,99.0,P48
220,2458297.9423495,g,5.115400962912644,13.24147075061998,19.347734425304765,99.0,P48
221,2458300.9396643997,g,7.315273607638749,12.362755002214682,19.422286832315713,99.0,P48
222,2458303.9386573997,g,0.9541875193659818,8.920211309032801,19.77663713313558,99.0,P48
223,2458313.9411111,g,5.349694423325677,3.7208884967339806,20.725958349700527,99.0,P48
224,2458320.9412384,g,-5.845938531777682,5.830442337459313,20.238321227721105,99.0,P48
225,2458323.9208681,g,4.5223479173280285,5.8464690056159565,20.23534086000665,99.0,P48
226,2458326.9776736,g,8.079793715956912,19.412930268821867,18.93234725275895,99.0,P48
227,2458334.8314236,g,0.3217852940460229,6.0280263039398285,20.20213714231666,99.0,P48
228,2458338.8809954,g,-6.434123428782435,3.7460378252642332,20.71864459338746,99.0,P48
229,2458348.8660301003,g,-0.04159407743809599,3.4883203623234964,20.79603408147861,99.0,P48
230,2458351.9056597,g,-0.9364251703218593,2.8922261818205492,20.999494356058484,99.0,P48
231,2458362.7699073995,g,-9.978648970681965,6.109514796540546,20.187558186774645,99.0,P48
232,2458365.794213,g,3.1245233050027648,3.0304949447003917,20.948791079456864,99.0,P48
233,2458368.8616551002,g,-2.8730380126945687,3.761509543713118,20.714169569035338,99.0,P48
234,2458371.7545022997,g,-3.7847051205320454,3.3854884040593607,20.828521662672642,99.0,P48
235,2458374.7666088,g,3.084800382955673,3.689131356367991,20.73526469134088,99.0,P48
236,2458377.7532292004,g,-2.2811707268803003,4.032559053806749,20.638623149097587,99.0,P48
237,2458380.8509491,g,2.2940921979009588,4.769438491423154,20.456406858347293,99.0,P48
238,2458385.8363079,g,-15.664075171117679,18.4354439373765,18.98844098876196,99.0,P48
239,2458387.7415972,g,3.4895023624782366,12.121223520318235,19.443708839480415,99.0,P48
240,2458388.8113831,g,-1.952666603701825,7.314359741151014,19.99213419822697,99.0,P48
241,2458388.8113831,g,-1.952666603701825,7.314359741151014,19.99213419822697,99.0,P48
242,2458389.7082176004,g,4.867625293929452,7.218139104573502,20.006511870853394,99.0,P48
243,2458390.8090046,g,1.9213318748005697,9.148497392839074,19.749200567542186,99.0,P48
244,2458400.7729167,g,-1.3931509953912575,3.175147827419077,20.898165114587734,99.0,P48
245,2458424.6483332994,g,9.478239889294553,17.53064052238081,19.04308052832456,99.0,P48
246,2458425.6655556,g,-8.55655481685365,10.454457125324097,19.604321274467363,99.0,P48
247,2458426.68916665,g,3.9514378314990304,5.1526495118340625,20.37249848331448,99.0,P48
248,2458426.68916665,g,3.9514378314990304,5.1526495118340625,20.37249848331448,99.0,P48
249,2458429.68953125,g,0.91912501298275,2.499025438712887,21.158148296586525,99.0,P48
250,2458429.68953125,g,0.91912501298275,2.499025438712887,21.158148296586525,99.0,P48
251,2458430.6489815,g,3.131781801091472,3.2205692797412557,20.882743374207713,99.0,P48
252,2458431.6067477,g,-3.767327665636414,7.348986042709579,19.98700643275328,99.0,P48
253,2458432.6867823997,g,2.434524524204507,5.097701663574214,20.384138950780898,99.0,P48
254,2458434.6399073997,g,9.390034489374813,6.287970193465287,20.156298803227656,99.0,P48
255,2458435.6656539496,g,1.9467994204008123,4.633501699954674,20.487801672428503,99.0,P48
256,2458435.6656539496,g,1.9467994204008123,4.633501699954674,20.487801672428503,99.0,P48
257,2458436.6755439998,g,-7.774341915021189,10.091428864961202,19.642693331190657,99.0,P48
258,2458457.6148553,g,5.05024240292365,5.982677500510135,20.210336007679018,99.0,P48
259,2458457.6148553,g,5.05024240292365,5.982677500510135,20.210336007679018,99.0,P48
260,2458469.6065278,g,11.943320669335897,8.174639047193496,19.871403525667958,99.0,P48
261,2458472.6626505,g,16.731192460297084,15.272924075418574,19.19276950715315,99.0,P48
262,2458474.5713542,g,-2.6783735356121268,15.7164287129327,19.161690321681245,99.0,P48
263,2458482.6074421,g,5.409851615408963,10.601557702896649,19.589150785415406,99.0,P48
264,2458632.951956,g,-0.6179028656829686,5.75111325148599,20.253195189531336,99.0,P48
265,2458634.9748727,g,6.142271820722133,5.075787126624366,20.38881648932619,99.0,P48
266,2458635.9832176003,g,3.5947743622736543,10.395797748497376,19.61043043501123,99.0,P48
267,2458638.9448842998,g,4.412719472081774,4.610189750910585,20.49327798692365,99.0,P48
268,2458641.9401852,g,0.261864221058471,3.377233777085017,20.831172178714468,99.0,P48
269,2458644.9411343,g,3.459322653890896,3.8480218221233407,20.689481173520413,99.0,P48
270,2458647.9656018997,g,-1.3530689621093903,3.9533572351025064,20.660159839070364,99.0,P48
271,2458653.8771875,g,-22.67736855352772,17.728781124476313,19.030877793292234,99.0,P48
272,2458658.9629051,g,17.40435452922888,8.078879960983702,19.884197100986277,99.0,P48
273,2458661.9599769,g,-6.205880172353853,4.308905427399985,20.56665758360314,99.0,P48
274,2458665.9803125,g,2.2037483878402484,6.499179430521152,20.12042867112698,99.0,P48
275,2458668.9455323997,g,-3.0489791755484585,3.1607064851028146,20.903114570360415,99.0,P48
276,2458678.9234722,g,-0.8955989273381083,5.946272904726687,20.21696289588394,99.0,P48
277,2458680.94078125,g,-8.302224787547289,9.073150824362907,19.75817966345906,99.0,P48
278,2458680.94078125,g,-8.302224787547289,9.073150824362907,19.75817966345906,99.0,P48
279,2458686.9617244997,g,1.9102514251214848,8.543594666143242,19.823473399321717,99.0,P48
280,2458690.9570486,g,7.87403909346305,4.140530928307899,20.609934906617053,99.0,P48
281,2458693.9004803,g,1.1739870072747087,2.4410820186546913,21.183619060024263,99.0,P48
282,2458693.9004803,g,1.1739870072747087,2.4410820186546913,21.183619060024263,99.0,P48
283,2458694.9309954,g,-0.11197145723187328,2.711387492150826,21.069596018449964,99.0,P48
284,2458695.8787384,g,-1.6520253849354416,3.1675148037070735,20.900778355959282,99.0,P48
285,2458696.90002315,g,0.5564934491611163,2.1594586273805167,21.316712769396418,99.0,P48
286,2458696.90002315,g,0.5564934491611163,2.1594586273805167,21.316712769396418,99.0,P48
287,2458697.8753009,g,0.9096758627457521,3.079587219683572,20.931343717573988,99.0,P48
288,2458699.9241087995,g,0.832048917482819,3.94696895916565,20.66191571188163,99.0,P48
289,2458700.8720486,g,4.384029782732845,3.0539311979931956,20.940426867631118,99.0,P48
290,2458701.8715625,g,5.807917520973983,3.556088114953982,20.775143705037003,99.0,P48
291,2458704.8770717997,g,5.551295903010885,4.418154491717291,20.53947274420143,99.0,P48
292,2458705.8942245003,g,0.38032342351599757,2.4642802961988313,21.173349727822327,99.0,P48
293,2458705.8942245003,g,0.38032342351599757,2.4642802961988313,21.173349727822327,99.0,P48
294,2458706.9348957995,g,1.6919353916941877,3.547412595763802,20.77779572981934,99.0,P48
295,2458708.9200926004,g,-4.866359114027554,10.10275778066875,19.64147513751437,99.0,P48
296,2458714.9758218,g,7.511573323998328,12.593088444925726,19.402244355292254,99.0,P48
297,2458717.8790625,g,3.612695234571175,6.10608111060097,20.188168566696653,99.0,P48
298,2458720.9002314997,g,9.475731570134869,4.829140988639935,20.4429002767077,99.0,P48
299,2458733.816956,g,-1.5755169024114482,4.197185327433965,20.595179624205485,99.0,P48
300,2458736.8062384,g,14.79538624394933,11.962470534727952,19.458022786517624,99.0,P48
301,2458741.7067707996,g,3.447187495348233,15.840097728822355,19.153180347327194,99.0,P48
302,2458747.7731019,g,5.816553080175977,5.304328522679232,20.340998953699653,99.0,P48
303,2458754.751331,g,-0.8089757288632535,3.684696928419631,20.736570558351985,99.0,P48
304,2458764.7729167,g,-2.4444101106463823,10.097648107105272,19.642024409418266,99.0,P48
305,2458777.6834143996,g,-2.2451586957501792,6.043662420540412,20.199324494015883,99.0,P48
306,2458781.6829398,g,0.17258182731441915,7.356438475411825,19.985905971262884,99.0,P48
307,2458785.7283796,g,1.1423719323836035,4.803852459966128,20.448600837881564,99.0,P48
308,2458788.6817592997,g,9.843184780062984,5.636533598515884,20.27504473888925,99.0,P48
309,2458791.6467939997,g,-4.606161688787473,7.881167534587151,19.911098590020867,99.0,P48
310,2458795.6268634,g,17.17663785653104,11.73379445913971,19.478978798132097,99.0,P48
311,2458811.5863773,g,-0.15861587165415666,5.769984579828635,20.2496383578756,99.0,P48
312,2458814.5920023,g,12.627120587047727,6.29809511997302,20.154551950438076,99.0,P48
313,2458829.5859491,g,-0.36969429757834077,17.26010569268998,19.059966362158747,99.0,P48
314,2458837.6206134,g,5.815808813947522,6.774600462460791,20.075365770576184,99.0,P48
315,2458851.6096296003,g,-50.04002469743586,34.477519374549715,18.308734961178203,99.0,P48
316,2458998.9490509,g,0.687789266359122,3.4458741210959154,20.80932646795273,99.0,P48
317,2459002.9280671002,g,7.735484923681138,11.658394274526495,19.485978142633847,99.0,P48
318,2459014.8886227002,g,3.2531185976785686,5.230789732581358,20.356156832665736,99.0,P48
319,2459018.8585647997,g,2.157729015533113,4.619239616182866,20.491148761132422,99.0,P48
320,2459023.8445023,g,9.465490464916467,4.779644054494373,20.45408610062384,99.0,P48
321,2459026.8802314997,g,3.257653276834872,3.6475036342092393,20.747585655966773,99.0,P48
322,2459030.8778935,g,9.527003734305929,5.312433403277209,20.339341242229565,99.0,P48
323,2459033.9434028,g,0.5897541390143358,7.9160623053655,19.90630197972971,99.0,P48
324,2459036.9853704,g,18.137051452885814,13.946418140680304,19.2914182840213,99.0,P48
325,2459043.8575116,g,5.856857861320085,4.983296675436379,20.40878313112116,99.0,P48
326,2459049.9406481003,g,-1.6229074964641326,3.0323893162376865,20.948112594517447,99.0,P48
327,2459052.9555093,g,0.47211898712887873,2.6640331767962726,21.088725916508672,99.0,P48
328,2459055.8787384,g,-3.5486938899063682,2.7769550850371902,21.043652850531746,99.0,P48
329,2459060.8764815,g,2.213187426649021,3.4926784049909663,20.794678491690288,99.0,P48
330,2459062.8938194,g,-6.920244939694038,9.679396802538482,19.687954254331995,99.0,P48
331,2459063.9575694,g,4.1251533889442396,11.021511243843095,19.54697211905408,99.0,P48
332,2459069.8354745,g,0.1503191717136394,6.832299830992573,20.066157697091533,99.0,P48
333,2459073.8422511504,g,2.726054463347231,3.075325233879733,20.932847359767408,99.0,P48
334,2459073.8422511504,g,2.726054463347231,3.075325233879733,20.932847359767408,99.0,P48
335,2459079.8225694,g,5.718852562192314,3.2118486126055577,20.88568732156883,99.0,P48
336,2459082.9326042,g,-7.901363472181194,5.75766855786695,20.25195833677686,99.0,P48
337,2459084.883287,g,-2.18406055116039,3.6462289247085886,20.74796515939888,99.0,P48
338,2459085.835544,g,-1.6959058007343244,3.4599480073346425,20.804901057421738,99.0,P48
339,2459088.8527315,g,2.628919839633581,4.851332566885175,20.437922371027874,99.0,P48
340,2459089.8228704,g,-0.19842396296817819,7.38908893506327,19.981097754765074,99.0,P48
341,2459090.8511457997,g,6.152611502203698,9.741784561516516,19.680978686740648,99.0,P48
342,2459091.8781481003,g,13.987411076078525,9.811112714911603,19.67327932633148,99.0,P48
343,2459095.794375,g,-1.5886209083923746,17.771696912552745,19.02825274427066,99.0,P48
344,2459097.814919,g,-1.6667842725124,10.126280112566292,19.63895014754631,99.0,P48
345,2459107.8196412004,g,8.44254272153887,5.84710962195793,20.235221898929176,99.0,P48
346,2459108.7897106004,g,0.4400527755668038,6.181316890043378,20.17487246763814,99.0,P48
347,2459111.8180092997,g,-3.410446140540484,4.717995182744864,20.468181256364005,99.0,P48
348,2459114.7387268497,g,1.7955905422954632,2.2944916092367507,21.250858804522178,99.0,P48
349,2459114.7387268497,g,1.7955905422954632,2.2944916092367507,21.250858804522178,99.0,P48
350,2459122.8347801003,g,28.566152102039545,22.293779398851346,18.782115740690436,99.0,P48
351,2459123.6883564997,g,-11.880159188484598,16.74731404235147,19.092712078656533,99.0,P48
352,2459124.6641667006,g,2.9247204953846753,13.688164376102979,19.311711959544567,99.0,P48
353,2459125.7164873,g,-9.941836149246607,7.3306936715653315,19.98971230921495,99.0,P48
354,2459125.7164873,g,-9.941836149246607,7.3306936715653315,19.98971230921495,99.0,P48
355,2459128.7853530003,g,1.532731680266603,6.096215874278152,20.18992414543583,99.0,P48
356,2459128.7853530003,g,1.532731680266603,6.096215874278152,20.18992414543583,99.0,P48
357,2459129.7742477003,g,5.534794178905586,6.557082979834676,20.110798289923405,99.0,P48
358,2459130.73453125,g,0.09981834439428645,2.7946559308152343,21.036754122777793,99.0,P48
359,2459130.73453125,g,0.09981834439428645,2.7946559308152343,21.036754122777793,99.0,P48
360,2459134.72747685,g,59.01108194498853,2.8003599582774847,19.47273167895576,0.05151220134455375,P48
361,2459134.72747685,g,59.01108194498853,2.8003599582774847,19.47273167895576,0.05151220134455375,P48
362,2459136.7132349503,g,72.87956223572824,2.6642419061162954,19.243551234021172,0.03968238145743769,P48
363,2459136.7132349503,g,72.87956223572824,2.6642419061162954,19.243551234021172,0.03968238145743769,P48
364,2459138.69426505,g,44.57500011521761,2.963819972465054,19.777337239857335,0.0721755820929875,P48
365,2459138.69426505,g,44.57500011521761,2.963819972465054,19.777337239857335,0.0721755820929875,P48
366,2459139.6921875,g,42.185756228599224,3.881443636681965,19.83715102541922,0.09987511056544535,P48
367,2459140.6740856506,g,25.547202946570984,2.2329918648091294,20.381707227188176,0.09487976724182458,P48
368,2459140.6740856506,g,25.547202946570984,2.2329918648091294,20.381707227188176,0.09487976724182458,P48
369,2459143.7059838,g,13.71102018088895,3.351431175200874,21.057391197116054,0.2653324473806355,P48
370,2459144.6847106004,g,5.6691422920207515,5.479761766322588,20.30567079450949,99.0,P48
371,2459144.6847106004,g,5.6691422920207515,5.479761766322588,20.30567079450949,99.0,P48
372,2459145.7114699,g,4.6125279655305125,4.753768268545319,20.459979970661117,99.0,P48
373,2459150.6709144,g,-0.41854921803609707,10.430725206243396,19.606788728611175,99.0,P48
374,2459152.7374074,g,-5.654380326417758,12.337813292488981,19.424479504657377,99.0,P48
375,2458333.8577431,i,-8.323318718652393,5.537954232319564,20.294201583520316,99.0,P48
376,2458337.9445602,i,2.617751160500526,4.19219315250535,20.59647177849634,99.0,P48
377,2458344.815544,i,2.1364762977293905,5.199641480943462,20.362641489792043,99.0,P48
378,2458350.7111342996,i,1.2588058475097095,5.696057799373877,20.26363902028556,99.0,P48
379,2458362.8128009,i,-8.381602444735266,4.344045684564812,20.557839029401073,99.0,P48
380,2458366.8057522997,i,8.969970233197758,4.452868161189545,20.53097539691661,99.0,P48
381,2458370.8145486,i,-8.602060478487484,5.919000260880144,20.221954091376457,99.0,P48
382,2458374.7934375,i,2.2853603319309173,5.799073913422612,20.244178378702152,99.0,P48
383,2458378.8558102003,i,1.8587463021142334,6.899228607765495,20.055573650040976,99.0,P48
384,2458387.8071875,i,-1.3057249178242918,7.563098600585956,19.955825583267114,99.0,P48
385,2458397.8104051,i,-2.6406860900056968,5.1485652132189275,20.37335944412895,99.0,P48
386,2458424.7208217997,i,4.259200505022699,25.433263060980973,18.63906978096742,99.0,P48
387,2458428.6296065,i,-2.9441808544223553,8.918921821649503,19.7767940962716,99.0,P48
388,2458434.7187384,i,6.7346579875437484,9.205687663064985,19.74243439974869,99.0,P48
389,2458697.9561111,i,5.14173993073378,3.8310585866082167,20.69427800541336,99.0,P48
390,2458701.8993981,i,-2.2366006846433453,43.834508753873976,18.048034629532857,99.0,P48
391,2458715.8053241,i,-0.5549282987476238,5.788132290994521,20.246228867651837,99.0,P48
392,2458725.8062037,i,3.4235753149993875,4.341906992796365,20.558373698473538,99.0,P48
393,2458730.8722569,i,4.883154447178122,9.162951450705094,19.74748652543397,99.0,P48
394,2458734.8012153,i,17.36274706812614,9.050546010658865,19.76088803775933,99.0,P48
395,2458744.8489582995,i,4.216370329010877,7.3201632409391815,19.99127307413398,99.0,P48
396,2458748.7863542004,i,-8.615030782057424,4.967925890385223,20.4121372177145,99.0,P48
397,2458757.7614236,i,8.115511649836117,4.826323304760757,20.443533961716533,99.0,P48
398,2458761.8038542005,i,-3.8390258610921624,5.835449051611311,20.237389285021802,99.0,P48
399,2458769.8022801,i,20.76325537510922,14.448146278555004,19.253044664272426,99.0,P48
400,2459128.7276736,i,2.7648887728358935,6.676154012956784,20.091259121880938,99.0,P48
401,2459139.5054,g,38.21586384017206,2.8159428085233165,19.94439079768935,0.08,LT+IOO
402,2459139.5068,r,33.7418062657523,1.864703302887665,20.079579181200955,0.06,LT+IOO
403,2459139.5082,i,27.397934477961382,2.523527169380251,20.30570544318961,0.1,LT+IOO
404,2459139.5096,z,27.80139569329174,5.121377119515841,20.289833502409852,0.2,LT+IOO
405,2459139.5111,u,58.95690413978582,5.97334388447678,19.47366332399479,0.11,LT+IOO
406,2459140.3575,g,28.723918176955895,1.8519611977405477,20.25439079768935,0.07,LT+IOO
407,2459140.3589,r,27.050065902330616,1.4948917326515951,20.319579181200954,0.06,LT+IOO
408,2459140.3603,i,19.485781246914655,1.7947666249345724,20.675705443189607,0.1,LT+IOO
409,2459140.3617,z,21.089515327444037,4.467706111552112,20.589833502409853,0.23,LT+IOO
410,2459140.3632,u,49.038216919846825,5.420084765940516,19.67366332399479,0.12,LT+IOO
411,2459142.5946,r,17.87180130984353,2.304552070901809,20.769579181200953,0.14,P60+SEDM
412,2459142.5973,g,17.792774755951058,1.474946788279999,20.77439079768935,0.09,P60+SEDM
413,2459143.1783,r,10.475344816311097,1.640240046765116,21.349579181200955,0.17,GIT+Andor Camera
414,2459143.603,r,13.066772429876734,1.6849480889589599,21.109579181200953,0.14,P60+SEDM
415,2459143.6057,g,10.622914375540871,1.1741270379155424,21.334390797689352,0.12,P60+SEDM
416,2459143.6084,i,12.181978332971577,2.2440781676285484,21.185705443189608,0.2,P60+SEDM
417,2459144.9113,u,14.013114493412374,3.4848861685745054,21.03366332399479,0.27,Swift+UVOT
418,2459145.0263,r,7.658934008170461,1.9752247603276496,21.689579181200955,0.28,LCO2m+Spectral camera
419,2459145.5679,u,11.234006489108669,1.0347247387960457,21.27366332399479,0.1,NTT+EFOSC2
420,2459145.5759,g,7.984425645851634,1.4708346036385067,21.64439079768935,0.2,NTT+EFOSC2
421,2459145.5839,r,6.670652658992864,0.9216154544063089,21.839579181200953,0.15,NTT+EFOSC2
422,2459145.5919,i,5.830661414182562,0.8055625054134514,21.98570544318961,0.15,NTT+EFOSC2
423,2459145.6,r,11.485987188166655,1.5869006891636714,21.249579181200954,0.15,P60+SEDM
424,2459146.1767,r,5.863653889212538,0.3780563435984873,21.979579181200954,0.07,GIT+Andor Camera
425,2459147.541,r,3.598887968635426,0.8949983895473566,22.509579181200955,0.27,NTT+EFOSC2
426,2459147.5644,g,5.226893856924943,0.9628615376116686,22.10439079768935,0.2,NTT+EFOSC2
427,2459156.5295,g,1.8977704540621065,0.08739847352224861,23.20439079768935,0.05,VLT+FORS2
428,2459156.5415,r,1.854250170081624,0.08539422354617408,23.229579181200954,0.05,VLT+FORS2
429,2459156.5521,i,1.777124371050424,0.08184233080272746,23.275705443189608,0.05,VLT+FORS2
430,2459157.5264,g,1.5784967095579192,0.04361693035528928,23.404390797689352,0.03,VLT+FORS2
431,2459157.5383,r,1.6602302688054242,0.0764589789447096,23.349579181200955,0.05,VLT+FORS2
432,2459157.5489,i,1.2874127999145752,0.08300533848578821,23.62570544318961,0.07,VLT+FORS2
433,2459158.5767,g,1.3875341504448773,0.06390043982890657,23.54439079768935,0.05,VLT+FORS2
434,2459158.5796,r,1.5281582399336067,0.05630130754107421,23.439579181200955,0.04,VLT+FORS2
435,2459158.5901,i,1.4246816241827538,0.11810016226991603,23.515705443189606,0.09,VLT+FORS2
436,2459162.5627,g,1.1435197792638072,0.03159767281745806,23.75439079768935,0.03,VLT+FORS2
437,2459162.5751,r,1.2828276954941753,0.05907836858681842,23.629579181200953,0.05,VLT+FORS2
438,2459162.5852,i,1.2993250838858514,0.08377337742655393,23.615705443189608,0.07,VLT+FORS2
439,2459167.525,u,0.6464495990137891,0.09526751021664018,24.37366332399479,0.16,VLT+FORS2
440,2459167.5429,g,0.8132867201422905,0.0898907676310904,24.12439079768935,0.12,VLT+FORS2
441,2459167.5489,r,1.0868467912414705,0.10010562689891042,23.809579181200952,0.1,VLT+FORS2
442,2459167.5539,i,1.3234813407288213,0.17066168158979,23.59570544318961,0.14,VLT+FORS2
443,2459189.5275,g,0.43475409455892833,0.07207860092162391,24.80439079768935,0.18,VLT+FORS2
444,2459189.5374,r,0.6732375448103651,0.08681335200649454,24.329579181200955,0.14,VLT+FORS2
445,2459189.5449,i,1.2294696790675212,0.15853896570825549,23.675705443189607,0.14,VLT+FORS2
