,JD,Filter,Flux,eFlux,Mag,eMag,Telescope
0,2458214.8285764,r,6.294990658357644,16.32717234398517,19.12029754656779,99.0,P48
1,2458217.8031481495,r,1.3811822807251561,4.811644052794315,20.44684125817257,99.0,P48
2,2458217.8031481495,r,1.3811822807251561,4.811644052794315,20.44684125817257,99.0,P48
3,2458218.7559606005,r,-3.794345856780825,4.182884555045625,20.598885292923846,99.0,P48
4,2458219.8195139,r,-0.9834375448999284,6.42258823240279,20.13329979105594,99.0,P48
5,2458222.7835918665,r,-0.6252978928231854,3.0823962467083494,20.930353821197656,99.0,P48
6,2458222.7835918665,r,-0.6252978928231854,3.0823962467083494,20.930353821197656,99.0,P48
7,2458222.7835918665,r,-0.6252978928231854,3.0823962467083494,20.930353821197656,99.0,P48
8,2458224.7364582997,r,3.3596059326959997,5.284711589221866,20.345021762003697,99.0,P48
9,2458226.7763001663,r,-2.427671654070129,2.045542706447568,21.375553611545485,99.0,P48
10,2458226.7763001663,r,-2.427671654070129,2.045542706447568,21.375553611545485,99.0,P48
11,2458226.7763001663,r,-2.427671654070129,2.045542706447568,21.375553611545485,99.0,P48
12,2458232.7310185,r,-3.5236804822960925,28.805492518229094,18.50388672610496,99.0,P48
13,2458242.7725347,r,-0.5683415181225195,2.189493482267414,21.30171584737831,99.0,P48
14,2458248.7526273,r,1.0849189867161853,4.933874940998547,20.419604646098605,99.0,P48
15,2458255.7324306,r,1.6382272578933676,3.9026749341633296,20.674169041509217,99.0,P48
16,2458258.7315856004,r,-3.553593460250772,4.903603817203167,20.426286553039553,99.0,P48
17,2458267.8191435,r,-0.810652303388311,21.31783550648416,18.830717222245354,99.0,P48
18,2458271.6897859,r,2.7174004388568096,3.3475872199005763,20.840745236205947,99.0,P48
19,2458271.6897859,r,2.7174004388568096,3.3475872199005763,20.840745236205947,99.0,P48
20,2458272.6680787,r,-2.1542104899172814,4.512371950195734,20.516562761910265,99.0,P48
21,2458274.6933391,r,-2.495901378654644,2.421923719813058,21.192173837627465,99.0,P48
22,2458274.6933391,r,-2.495901378654644,2.421923719813058,21.192173837627465,99.0,P48
23,2458276.6962384,r,-4.433080036705992,3.258963927127018,20.869876105745163,99.0,P48
24,2458277.7596528,r,-2.0907356950383975,2.728111385643334,21.062919743936092,99.0,P48
25,2458277.7596528,r,-2.0907356950383975,2.728111385643334,21.062919743936092,99.0,P48
26,2458278.7347685,r,0.8905306775084805,4.061940874353705,20.630740995358494,99.0,P48
27,2458279.7388657,r,-3.0240445039522177,4.184473858043442,20.598472841648153,99.0,P48
28,2458280.70652775,r,-1.2762216853391843,2.7778032800208132,21.043321273188845,99.0,P48
29,2458280.70652775,r,-1.2762216853391843,2.7778032800208132,21.043321273188845,99.0,P48
30,2458282.7168171,r,-2.8432503158296365,4.050884531441255,20.633700329159886,99.0,P48
31,2458283.71266205,r,1.5239404943049188,2.461869930610743,21.174412229481455,99.0,P48
32,2458283.71266205,r,1.5239404943049188,2.461869930610743,21.174412229481455,99.0,P48
33,2458284.7063194,r,0.775528375122518,3.9628250646504424,20.65756273611521,99.0,P48
34,2458286.781412,r,-3.4517109523177636,3.8558206496231233,20.687282927049317,99.0,P48
35,2458289.7175347,r,4.995638120527296,6.255515803733069,20.16191717511782,99.0,P48
36,2458298.7552430998,r,-3.746592042504814,7.14281670190196,20.017901225522237,99.0,P48
37,2458301.6760764,r,-4.027740874481946,5.6191194349579066,20.278404331243443,99.0,P48
38,2458304.6791782,r,6.858408782054375,4.721590169914878,20.467354269209594,99.0,P48
39,2458307.6748032,r,2.5346112084330734,4.694662218451385,20.47356411370359,99.0,P48
40,2458312.6940625,r,-6.999782232484643,5.385430325922952,20.324523960229616,99.0,P48
41,2458336.6982523,r,2.8088108349105743,5.046303000951718,20.39514167964611,99.0,P48
42,2458449.03391205,r,-3.963955403611133,5.88293599717047,20.228589680288437,99.0,P48
43,2458449.03391205,r,-3.963955403611133,5.88293599717047,20.228589680288437,99.0,P48
44,2458450.0196296,r,-2.021743610750425,7.173574401877527,20.01323597160775,99.0,P48
45,2458466.0154051003,r,6.7435093978370615,4.073033823934497,20.627779947564456,99.0,P48
46,2458469.0309375,r,-3.0245411340479875,3.802619930668111,20.702367688819418,99.0,P48
47,2458474.9871991,r,2.853574553783118,9.463728787076027,19.712419274851406,99.0,P48
48,2458476.9768923502,r,4.528198770018194,4.958202622890231,20.41426431226306,99.0,P48
49,2458476.9768923502,r,4.528198770018194,4.958202622890231,20.41426431226306,99.0,P48
50,2458482.00403935,r,2.103255818571999,3.7304919647812764,20.723159716943222,99.0,P48
51,2458482.00403935,r,2.103255818571999,3.7304919647812764,20.723159716943222,99.0,P48
52,2458487.0173380002,r,0.5676532383524027,4.174190697733965,20.601144274388503,99.0,P48
53,2458492.0502546,r,-0.9886128576256591,4.794937122551066,20.45061769788446,99.0,P48
54,2458493.9948437503,r,-0.0755875296319482,1.9880617395948141,21.406500320760998,99.0,P48
55,2458493.9948437503,r,-0.0755875296319482,1.9880617395948141,21.406500320760998,99.0,P48
56,2458495.0521875,r,-1.0213366708009646,3.087143447613293,20.928682964321343,99.0,P48
57,2458503.9779803003,r,-6.299401771508611,11.619363924793229,19.48961910351501,99.0,P48
58,2458503.9779803003,r,-6.299401771508611,11.619363924793229,19.48961910351501,99.0,P48
59,2458506.0393981,r,16.99647303021276,10.637857777113467,19.5854395398565,99.0,P48
60,2458508.9963078997,r,4.265554130853972,8.47120127311157,19.832712487745482,99.0,P48
61,2458512.0388889,r,6.636206327660375,7.423995490943058,19.975980740568268,99.0,P48
62,2458513.9598727003,r,-1.8048770180690683,3.8774950975982785,20.68119684566497,99.0,P48
63,2458523.0251157,r,-3.603606851007465,3.409709524157888,20.820781532462213,99.0,P48
64,2458524.9583564997,r,1.5169504932894962,2.5322925611126936,21.143790291151163,99.0,P48
65,2458524.9583564997,r,1.5169504932894962,2.5322925611126936,21.143790291151163,99.0,P48
66,2458534.9065798502,r,-18.1731592891736,10.307814493083649,19.61965850398429,99.0,P48
67,2458534.9065798502,r,-18.1731592891736,10.307814493083649,19.61965850398429,99.0,P48
68,2458538.9622569,r,6.378206283492975,16.377641044852513,19.116946618459256,99.0,P48
69,2458540.8052199,r,7.5128925705322445,5.996022998601217,20.207916764215327,99.0,P48
70,2458543.8726505,r,-3.7813490996506607,5.630924191628637,20.276125787828825,99.0,P48
71,2458556.9213194,r,0.0924389909892811,4.711427196530851,20.469693777765922,99.0,P48
72,2458558.7386343,r,18.64317148472677,11.048664216813835,19.544300551648714,99.0,P48
73,2458567.8622801,r,3.5901111459782724,6.001828829663521,20.20686597586333,99.0,P48
74,2458572.8580671,r,3.293192260726368,5.365796811902357,20.328489431412002,99.0,P48
75,2458580.82191555,r,-0.33710590585581135,2.9455686074392298,20.97965213249225,99.0,P48
76,2458580.82191555,r,-0.33710590585581135,2.9455686074392298,20.97965213249225,99.0,P48
77,2458582.7261921,r,1.7146801519882853,3.8274844518457036,20.695291401244546,99.0,P48
78,2458583.8001273,r,7.374394292969919,6.188060889365883,20.17368854309716,99.0,P48
79,2458586.8333796,r,-0.5574057774989858,4.32298509695169,20.563115643283723,99.0,P48
80,2458589.7468634,r,-16.269397019579,9.30288402737566,19.73103097180584,99.0,P48
81,2458589.7468634,r,-16.269397019579,9.30288402737566,19.73103097180584,99.0,P48
82,2458592.7932176003,r,3.591323303654476,12.389296141080745,19.419958404157583,99.0,P48
83,2458593.8124306,r,-3.166189347021547,8.078432245334291,19.884257272020164,99.0,P48
84,2458596.76,r,0.48783595254844764,4.940403940166711,20.41816884062945,99.0,P48
85,2458600.7775,r,1.9881252214025322,2.7998315878676205,21.034745216750352,99.0,P48
86,2458602.8107176004,r,1.3979167138664137,3.2427224528344025,20.875300542516666,99.0,P48
87,2458606.7299653003,r,-0.9185451634222767,2.504402012374109,21.15581487895011,99.0,P48
88,2458606.7299653003,r,-0.9185451634222767,2.504402012374109,21.15581487895011,99.0,P48
89,2458612.7465741,r,1.1740826929934183,3.0020772703853074,20.959020323297494,99.0,P48
90,2458616.6698264,r,1.7847958930972654,6.252005111434844,20.162526678129318,99.0,P48
91,2458618.7593402998,r,8.367843558980004,8.545926388629622,19.823177120036824,99.0,P48
92,2458628.7887383997,r,-0.472908661630891,4.203006636153513,20.593674799869312,99.0,P48
93,2458633.7080208,r,-2.409883056789187,3.2600147094776,20.869526090040303,99.0,P48
94,2458636.7240741,r,-1.6487924348757967,3.7804648261862663,20.708711984912988,99.0,P48
95,2458639.6698611,r,0.007766893675032195,4.531104769679369,20.51206472867581,99.0,P48
96,2458642.7351619997,r,-2.3729199737760873,3.1950037376591136,20.891396562780102,99.0,P48
97,2458648.7125116,r,10.867914516254457,9.139880261373083,19.750223723612457,99.0,P48
98,2458651.7550926004,r,-5.714226656746988,7.940855415398944,19.902906767671226,99.0,P48
99,2458654.6943519,r,-1.8979657200673712,3.0711911271747656,20.934307878128415,99.0,P48
100,2458670.6768287,r,-0.8929750787812872,4.765235780093127,20.457364004027312,99.0,P48
101,2458676.7076852,r,9.86243753890659,6.538042249977045,20.113955682308408,99.0,P48
102,2458679.7169097,r,-5.705957508308047,6.3522608649646655,20.14525417733764,99.0,P48
103,2458716.6457292004,r,-17.767286443742037,7.848541892440225,19.915602537387976,99.0,P48
104,2458796.0465508997,r,-8.190922593256172,7.187604698622639,20.0111145293669,99.0,P48
105,2458796.0465508997,r,-8.190922593256172,7.187604698622639,20.0111145293669,99.0,P48
106,2458796.0465508997,r,-8.190922593256172,7.187604698622639,20.0111145293669,99.0,P48
107,2458800.04882525,r,5.109686792555293,10.256012108291605,19.625128676897553,99.0,P48
108,2458800.04882525,r,5.109686792555293,10.256012108291605,19.625128676897553,99.0,P48
109,2458801.0334143997,r,10.073845001838466,13.62835723810665,19.31646621630526,99.0,P48
110,2458829.0706829,r,-6.92157419794011,7.336587156184741,19.988839786210452,99.0,P48
111,2458835.9876736,r,-7.381087567198293,12.061696844573286,19.449053967079855,99.0,P48
112,2458839.0497106,r,17.581114205774128,29.42638374322296,18.48073275362392,99.0,P48
113,2458847.070706,r,-2.904909189742339,4.935263418709099,20.419299144143956,99.0,P48
114,2458850.988287,r,-4.269115981235522,6.604325113327181,20.103003878467206,99.0,P48
115,2458854.0577662,r,2.1875472638053757,3.372239752450114,20.832778880131798,99.0,P48
116,2458856.0437384,r,1.2316034768028739,4.5405968019815575,20.509792641833705,99.0,P48
117,2458857.0776852,r,4.064575824491654,5.914045496705079,20.222863336092573,99.0,P48
118,2458859.9575810335,r,0.754800787300911,5.081279408745199,20.387642297918504,99.0,P48
119,2458859.9575810335,r,0.754800787300911,5.081279408745199,20.387642297918504,99.0,P48
120,2458859.9575810335,r,0.754800787300911,5.081279408745199,20.387642297918504,99.0,P48
121,2458860.8904861,r,-13.875069907083429,10.453978200642752,19.604371013805377,99.0,P48
122,2458860.8904861,r,-13.875069907083429,10.453978200642752,19.604371013805377,99.0,P48
123,2458862.0415856005,r,-10.167560918186169,8.470910082431967,19.832749809689215,99.0,P48
124,2458862.8879572,r,-12.082872557563025,8.884309444622067,19.78101579711425,99.0,P48
125,2458862.8879572,r,-12.082872557563025,8.884309444622067,19.78101579711425,99.0,P48
126,2458864.9934259495,r,-7.181500350629858,3.9759437707135583,20.653974404626382,99.0,P48
127,2458864.9934259495,r,-7.181500350629858,3.9759437707135583,20.653974404626382,99.0,P48
128,2458867.9847453497,r,-3.6296331803903805,3.0530777853387496,20.94073031602135,99.0,P48
129,2458867.9847453497,r,-3.6296331803903805,3.0530777853387496,20.94073031602135,99.0,P48
130,2458872.0406886498,r,-3.385575104520897,3.6287216491106418,20.75319084979084,99.0,P48
131,2458872.0406886498,r,-3.385575104520897,3.6287216491106418,20.75319084979084,99.0,P48
132,2458874.02140045,r,1.2881210346056595,2.743446073069544,21.056833919545127,99.0,P48
133,2458874.02140045,r,1.2881210346056595,2.743446073069544,21.056833919545127,99.0,P48
134,2458876.0177392005,r,-0.11257917478738744,2.444988457433679,21.181882956159825,99.0,P48
135,2458876.0177392005,r,-0.11257917478738744,2.444988457433679,21.181882956159825,99.0,P48
136,2458876.0177392005,r,-0.11257917478738744,2.444988457433679,21.181882956159825,99.0,P48
137,2458877.05445025,r,-1.6382064545126134,2.2248604741080173,21.2843180376372,99.0,P48
138,2458877.05445025,r,-1.6382064545126134,2.2248604741080173,21.2843180376372,99.0,P48
139,2458878.0046875,r,1.9346346797969558,3.346165457593324,20.841206459949678,99.0,P48
140,2458879.0513541666,r,2.5523305420625384,3.6127329603403457,20.75798533581885,99.0,P48
141,2458879.0513541666,r,2.5523305420625384,3.6127329603403457,20.75798533581885,99.0,P48
142,2458879.0513541666,r,2.5523305420625384,3.6127329603403457,20.75798533581885,99.0,P48
143,2458880.0256481003,r,-3.0588657310603717,8.169816706743896,19.8720442065017,99.0,P48
144,2458881.0130208,r,0.37498236209316277,2.8010232003619735,21.03428322410973,99.0,P48
145,2458881.0130208,r,0.37498236209316277,2.8010232003619735,21.03428322410973,99.0,P48
146,2458882.0413947003,r,-1.0320415494719963,2.466608740219615,21.172324324028672,99.0,P48
147,2458882.0413947003,r,-1.0320415494719963,2.466608740219615,21.172324324028672,99.0,P48
148,2458884.0394329,r,-1.224925114829362,5.564579466793209,20.288994116967483,99.0,P48
149,2458885.0279167,r,-0.03215219609823987,3.914275162701754,20.670946608924375,99.0,P48
150,2458885.0279167,r,-0.03215219609823987,3.914275162701754,20.670946608924375,99.0,P48
151,2458886.01733795,r,1.4264359728018796,3.363660783845366,20.835544509404333,99.0,P48
152,2458886.01733795,r,1.4264359728018796,3.363660783845366,20.835544509404333,99.0,P48
153,2458887.0222627,r,-4.567430854277216,4.101774209456325,20.62014561400234,99.0,P48
154,2458887.0222627,r,-4.567430854277216,4.101774209456325,20.62014561400234,99.0,P48
155,2458888.0119367335,r,-2.447445279706328,3.854432082709213,20.687673995264536,99.0,P48
156,2458888.0119367335,r,-2.447445279706328,3.854432082709213,20.687673995264536,99.0,P48
157,2458888.0119367335,r,-2.447445279706328,3.854432082709213,20.687673995264536,99.0,P48
158,2458888.9821817,r,5.296891727707934,8.118702760921426,19.878858385509297,99.0,P48
159,2458888.9821817,r,5.296891727707934,8.118702760921426,19.878858385509297,99.0,P48
160,2458890.9775231,r,4.391142159753199,15.9193795929004,19.147759642940706,99.0,P48
161,2458891.9977546004,r,5.111162746926039,6.4860526141415535,20.12262382090982,99.0,P48
162,2458894.0035417005,r,-5.486388756384113,5.46836396506941,20.307931457247502,99.0,P48
163,2458894.998272575,r,1.5303672203634477,2.2578808620662514,21.2683224329558,99.0,P48
164,2458894.998272575,r,1.5303672203634477,2.2578808620662514,21.2683224329558,99.0,P48
165,2458894.998272575,r,1.5303672203634477,2.2578808620662514,21.2683224329558,99.0,P48
166,2458894.998272575,r,1.5303672203634477,2.2578808620662514,21.2683224329558,99.0,P48
167,2458895.9496643497,r,-1.3391494577442513,3.0831467968350776,20.930089481318962,99.0,P48
168,2458895.9496643497,r,-1.3391494577442513,3.0831467968350776,20.930089481318962,99.0,P48
169,2458898.9846759248,r,-0.38550143416309646,1.6281366164089761,21.62334788018604,99.0,P48
170,2458898.9846759248,r,-0.38550143416309646,1.6281366164089761,21.62334788018604,99.0,P48
171,2458898.9846759248,r,-0.38550143416309646,1.6281366164089761,21.62334788018604,99.0,P48
172,2458898.9846759248,r,-0.38550143416309646,1.6281366164089761,21.62334788018604,99.0,P48
173,2458899.9724074,r,0.16852736769784973,2.070257650054075,21.362513993834625,99.0,P48
174,2458899.9724074,r,0.16852736769784973,2.070257650054075,21.362513993834625,99.0,P48
175,2458899.9724074,r,0.16852736769784973,2.070257650054075,21.362513993834625,99.0,P48
176,2458900.9485146664,r,1.2264274942882334,3.1639503558839746,20.90200083775862,99.0,P48
177,2458900.9485146664,r,1.2264274942882334,3.1639503558839746,20.90200083775862,99.0,P48
178,2458900.9485146664,r,1.2264274942882334,3.1639503558839746,20.90200083775862,99.0,P48
179,2458901.9370139,r,-0.2501975195114238,1.9629208532865687,21.42031801712615,99.0,P48
180,2458901.9370139,r,-0.2501975195114238,1.9629208532865687,21.42031801712615,99.0,P48
181,2458901.9370139,r,-0.2501975195114238,1.9629208532865687,21.42031801712615,99.0,P48
182,2458901.9370139,r,-0.2501975195114238,1.9629208532865687,21.42031801712615,99.0,P48
183,2458903.95898382,r,-1.5256311728439167,1.6101523345696127,21.63540757402859,99.0,P48
184,2458903.95898382,r,-1.5256311728439167,1.6101523345696127,21.63540757402859,99.0,P48
185,2458903.95898382,r,-1.5256311728439167,1.6101523345696127,21.63540757402859,99.0,P48
186,2458903.95898382,r,-1.5256311728439167,1.6101523345696127,21.63540757402859,99.0,P48
187,2458903.95898382,r,-1.5256311728439167,1.6101523345696127,21.63540757402859,99.0,P48
188,2458904.9885494,r,-3.34200882076608,2.586056391595277,21.12098001195637,99.0,P48
189,2458904.9885494,r,-3.34200882076608,2.586056391595277,21.12098001195637,99.0,P48
190,2458904.9885494,r,-3.34200882076608,2.586056391595277,21.12098001195637,99.0,P48
191,2458906.98820605,r,-3.835844521175524,4.3110108441267165,20.56612720090805,99.0,P48
192,2458906.98820605,r,-3.835844521175524,4.3110108441267165,20.56612720090805,99.0,P48
193,2458908.9696836337,r,-2.5042699012099603,2.197863850483953,21.297573024190257,99.0,P48
194,2458908.9696836337,r,-2.5042699012099603,2.197863850483953,21.297573024190257,99.0,P48
195,2458908.9696836337,r,-2.5042699012099603,2.197863850483953,21.297573024190257,99.0,P48
196,2458911.9618826997,r,0.05858926305005319,2.7187294409584744,21.0666600137231,99.0,P48
197,2458911.9618826997,r,0.05858926305005319,2.7187294409584744,21.0666600137231,99.0,P48
198,2458911.9618826997,r,0.05858926305005319,2.7187294409584744,21.0666600137231,99.0,P48
199,2458912.9405961,r,-3.3987588871945227,2.6743798144554103,21.08451727503089,99.0,P48
200,2458912.9405961,r,-3.3987588871945227,2.6743798144554103,21.08451727503089,99.0,P48
201,2458913.95925925,r,-3.7486207423652442,3.956482669323223,20.659301819867288,99.0,P48
202,2458913.95925925,r,-3.7486207423652442,3.956482669323223,20.659301819867288,99.0,P48
203,2458914.9372724,r,0.372615286105423,2.4636021358647207,21.173648559315236,99.0,P48
204,2458914.9372724,r,0.372615286105423,2.4636021358647207,21.173648559315236,99.0,P48
205,2458914.9372724,r,0.372615286105423,2.4636021358647207,21.173648559315236,99.0,P48
206,2458915.9358332995,r,14.84955333829809,12.953290996120598,19.37162468397081,99.0,P48
207,2458936.9422530667,r,-4.170381761942408,2.2674118813192066,21.263748944096925,99.0,P48
208,2458936.9422530667,r,-4.170381761942408,2.2674118813192066,21.263748944096925,99.0,P48
209,2458936.9422530667,r,-4.170381761942408,2.2674118813192066,21.263748944096925,99.0,P48
210,2458939.8584606005,r,-20.536894781057324,20.480933558584017,18.874200617421334,99.0,P48
211,2458940.9041435,r,-5.687771213557866,7.989797546716403,19.896235551969422,99.0,P48
212,2458941.9036342665,r,-0.9910341336364503,2.532819558458457,21.143564361265838,99.0,P48
213,2458941.9036342665,r,-0.9910341336364503,2.532819558458457,21.143564361265838,99.0,P48
214,2458941.9036342665,r,-0.9910341336364503,2.532819558458457,21.143564361265838,99.0,P48
215,2458944.8593866,r,-3.7470460780324917,8.315505550542998,19.8528533447068,99.0,P48
216,2458954.894552467,r,-4.414098486536868,2.870303732722765,21.007755349706542,99.0,P48
217,2458954.894552467,r,-4.414098486536868,2.870303732722765,21.007755349706542,99.0,P48
218,2458954.894552467,r,-4.414098486536868,2.870303732722765,21.007755349706542,99.0,P48
219,2458955.7641435,r,2.179681405901086,3.781211517351596,20.70849755901117,99.0,P48
220,2458964.7912211,r,-0.3282149063251965,1.8848465755858883,21.46438497692774,99.0,P48
221,2458964.7912211,r,-0.3282149063251965,1.8848465755858883,21.46438497692774,99.0,P48
222,2458965.8085532,r,-2.4957795610514752,3.309250213375269,20.853250975325047,99.0,P48
223,2458968.8707755003,r,115.96838326044708,4.114656719043724,18.739216615747434,0.038514461812328475,P48
224,2458971.7176968,r,143.17347922506514,6.312620995470277,18.510409175343174,0.047860470582064024,P48
225,2458974.7510417,r,134.96926415797242,9.757400070475782,18.574478421903144,0.07847459080835352,P48
226,2458977.7333565,r,60.139110884469154,39.08894449977874,18.17244013030309,99.0,P48
227,2458978.78985535,r,103.44564439393882,3.973885731179567,18.863285099023877,0.04169970602888109,P48
228,2458978.78985535,r,103.44564439393882,3.973885731179567,18.863285099023877,0.04169970602888109,P48
229,2458980.7516319,r,95.33502428069247,3.4615666453092544,18.951934418498436,0.03941395748135538,P48
230,2458991.747338,r,97.49916002837875,3.9125067213073983,18.927563436795158,0.04355961676739587,P48
231,2458994.7885648,r,95.32783265486869,4.133023653568878,18.952016324420303,0.04706282573518556,P48
232,2458997.7549074,r,79.5780727579944,3.6776843120732203,19.148082079573456,0.050166159877934866,P48
233,2459004.7522222,r,62.657201285749586,8.273696261191867,19.407638141501348,0.14333703241172988,P48
234,2459009.7024073997,r,36.096270206255255,5.517984912030864,20.006409799826038,0.1659388238115392,P48
235,2459012.7271528,r,40.13481027432149,3.6602842472862194,19.89126258649122,0.09899731737292639,P48
236,2459015.7192014,r,33.75213188647637,4.021842431916132,20.079312598824487,0.12934619876838627,P48
237,2459024.7160301004,r,23.21448420015649,6.66529869827339,20.48566802585142,0.31166670233090904,P48
238,2459027.7573264,r,22.908352159834354,6.5769199744013145,20.500080995514466,0.31164383114076627,P48
239,2459033.675162,r,19.478524136367017,7.5351053659200735,19.959851665211584,99.0,P48
240,2459035.7990046,r,19.157713739756616,12.567280517568541,19.404471716184332,99.0,P48
241,2459036.77875,r,14.97899437335671,9.412475909717614,19.71831529496677,99.0,P48
242,2459038.6940856003,r,16.415135787748955,3.7729724972956804,20.861954423256336,0.24949910246073537,P48
243,2459039.7141667004,r,16.744773703655,3.2431370257514405,20.840367415617003,0.21024023995527397,P48
244,2459040.7023032,r,19.489189781681166,3.8932121081694095,20.675581160539878,0.21684235161947027,P48
245,2459041.7469907003,r,13.695220946241907,4.592504805684058,20.497450940579803,99.0,P48
246,2459042.7144444,r,23.957729473171508,3.834673872010517,20.451451480726682,0.17374511606906387,P48
247,2459043.7395139,r,12.887285334187615,5.103611128615571,20.38288104976472,99.0,P48
248,2459055.695787,r,14.166800160258433,6.831519641653253,20.066281685821753,99.0,P48
249,2459060.6845833,r,11.96219477766238,6.123913556041439,20.185002360024818,99.0,P48
250,2459065.6590509,r,10.475318508006435,10.715280608560159,19.577566117408395,99.0,P48
251,2459084.6520457,r,8.695777050066384,4.9778664531668495,20.409966886356536,99.0,P48
252,2459084.6520457,r,8.695777050066384,4.9778664531668495,20.409966886356536,99.0,P48
253,2459084.6520457,r,8.695777050066384,4.9778664531668495,20.409966886356536,99.0,P48
254,2459084.6520457,r,8.695777050066384,4.9778664531668495,20.409966886356536,99.0,P48
255,2459086.6491203997,r,9.195947788261321,5.406995643608472,20.320184939993208,99.0,P48
256,2459086.6491203997,r,9.195947788261321,5.406995643608472,20.320184939993208,99.0,P48
257,2459086.6491203997,r,9.195947788261321,5.406995643608472,20.320184939993208,99.0,P48
258,2459086.6491203997,r,9.195947788261321,5.406995643608472,20.320184939993208,99.0,P48
259,2459088.647283,r,14.88648131864365,7.144530688280481,20.017640724111622,99.0,P48
260,2459088.647283,r,14.88648131864365,7.144530688280481,20.017640724111622,99.0,P48
261,2459088.647283,r,14.88648131864365,7.144530688280481,20.017640724111622,99.0,P48
262,2459088.647283,r,14.88648131864365,7.144530688280481,20.017640724111622,99.0,P48
263,2459090.6483989335,r,7.632821060402096,6.733325154405326,20.082001021178733,99.0,P48
264,2459090.6483989335,r,7.632821060402096,6.733325154405326,20.082001021178733,99.0,P48
265,2459090.6483989335,r,7.632821060402096,6.733325154405326,20.082001021178733,99.0,P48
266,2459092.6448935,r,4.645527888699688,4.566597666553244,20.503593113138294,99.0,P48
267,2459092.6448935,r,4.645527888699688,4.566597666553244,20.503593113138294,99.0,P48
268,2459092.6448935,r,4.645527888699688,4.566597666553244,20.503593113138294,99.0,P48
269,2459092.6448935,r,4.645527888699688,4.566597666553244,20.503593113138294,99.0,P48
270,2459092.6448935,r,4.645527888699688,4.566597666553244,20.503593113138294,99.0,P48
271,2459094.6407060004,r,19.997739366613335,6.660399905067711,20.64761336263425,0.36153406964696305,P48
272,2459094.6407060004,r,19.997739366613335,6.660399905067711,20.64761336263425,0.36153406964696305,P48
273,2459094.6407060004,r,19.997739366613335,6.660399905067711,20.64761336263425,0.36153406964696305,P48
274,2459094.6407060004,r,19.997739366613335,6.660399905067711,20.64761336263425,0.36153406964696305,P48
275,2459096.6385555603,r,6.295929550501072,4.745530156826504,20.461863145184914,99.0,P48
276,2459096.6385555603,r,6.295929550501072,4.745530156826504,20.461863145184914,99.0,P48
277,2459096.6385555603,r,6.295929550501072,4.745530156826504,20.461863145184914,99.0,P48
278,2459096.6385555603,r,6.295929550501072,4.745530156826504,20.461863145184914,99.0,P48
279,2459096.6385555603,r,6.295929550501072,4.745530156826504,20.461863145184914,99.0,P48
280,2459098.6342534497,r,4.454207891138137,8.114102275568266,19.879473795308144,99.0,P48
281,2459098.6342534497,r,4.454207891138137,8.114102275568266,19.879473795308144,99.0,P48
282,2458202.8734838,g,3.7346741924950186,3.6970508516864324,20.7329364286895,99.0,P48
283,2458205.8251389,g,1.3017035754918262,7.031120834981151,20.035013584986267,99.0,P48
284,2458205.8251389,g,1.3017035754918262,7.031120834981151,20.035013584986267,99.0,P48
285,2458208.8646412,g,9.19252803734019,16.06229135564436,19.138056240768158,99.0,P48
286,2458208.8646412,g,9.19252803734019,16.06229135564436,19.138056240768158,99.0,P48
287,2458211.8467824,g,-2.340894999365383,10.357986103401647,19.614386679111963,99.0,P48
288,2458214.7831018995,g,3.100025729406298,6.253326249627477,20.162297270761986,99.0,P48
289,2458229.7934143995,g,-2.774242520351439,3.168295029450406,20.90051094915131,99.0,P48
290,2458232.7533565,g,7.543918740626432,8.327713511092993,19.851260548615677,99.0,P48
291,2458235.7595393406,g,-0.982004696148861,4.220527150679864,20.58915824307485,99.0,P48
292,2458235.7595393406,g,-0.982004696148861,4.220527150679864,20.58915824307485,99.0,P48
293,2458235.7595393406,g,-0.982004696148861,4.220527150679864,20.58915824307485,99.0,P48
294,2458235.7595393406,g,-0.982004696148861,4.220527150679864,20.58915824307485,99.0,P48
295,2458235.7595393406,g,-0.982004696148861,4.220527150679864,20.58915824307485,99.0,P48
296,2458236.7890625,g,12.627532446556136,12.656964003460917,19.396751126746917,99.0,P48
297,2458242.7326619998,g,-4.681633113028655,2.6204371075978545,21.106640637211655,99.0,P48
298,2458245.8123957994,g,-80.08721970908987,147.58163996391247,16.729994159099668,99.0,P48
299,2458248.7140625,g,4.718736869542208,2.52835662595506,21.14547916070284,99.0,P48
300,2458258.7771991002,g,2.8584543562982185,2.72688863761415,21.063406483375566,99.0,P48
301,2458262.76565975,g,2.2887323149007646,4.787376198051035,20.452331098584303,99.0,P48
302,2458262.76565975,g,2.2887323149007646,4.787376198051035,20.452331098584303,99.0,P48
303,2458267.70734955,g,-3.71697808151694,8.3120938237776,19.853298897337528,99.0,P48
304,2458267.70734955,g,-3.71697808151694,8.3120938237776,19.853298897337528,99.0,P48
305,2458272.7298611,g,-1.9548298569898428,2.6025155692599573,21.114091648387998,99.0,P48
306,2458273.7402894,g,2.2123440446352034,2.6462139979641597,21.096012583052655,99.0,P48
307,2458274.7548148,g,0.4455286763641107,1.4970148616488128,21.714509709578152,99.0,P48
308,2458274.7548148,g,0.4455286763641107,1.4970148616488128,21.714509709578152,99.0,P48
309,2458276.7364699,g,-1.1587396186947352,2.2874325315276076,21.254204255939293,99.0,P48
310,2458277.71788775,g,-3.3406814709345753,1.9428689468529812,21.431466221806303,99.0,P48
311,2458277.71788775,g,-3.3406814709345753,1.9428689468529812,21.431466221806303,99.0,P48
312,2458278.710625,g,4.818128680753652,3.058605044218098,20.93876648809315,99.0,P48
313,2458279.716713,g,-0.16614592589571067,2.5985677912063876,21.11573986130334,99.0,P48
314,2458280.735816,g,-1.1639003653287465,1.9561266681874594,21.424082554347855,99.0,P48
315,2458280.735816,g,-1.1639003653287465,1.9561266681874594,21.424082554347855,99.0,P48
316,2458281.7333449,g,2.19050431916801,2.879629967599993,21.00423327788182,99.0,P48
317,2458283.7479108498,g,-0.4123697241197592,1.771044950188682,21.53200102919554,99.0,P48
318,2458283.7479108498,g,-0.4123697241197592,1.771044950188682,21.53200102919554,99.0,P48
319,2458284.7330903,g,1.1922287387293078,2.6225124613354547,21.105781087914586,99.0,P48
320,2458286.6967978333,g,-3.245600634714007,1.966037679549739,21.41859539684423,99.0,P48
321,2458286.6967978333,g,-3.245600634714007,1.966037679549739,21.41859539684423,99.0,P48
322,2458286.6967978333,g,-3.245600634714007,1.966037679549739,21.41859539684423,99.0,P48
323,2458289.693125,g,0.13487403062269043,5.148431326183466,20.37338767877023,99.0,P48
324,2458292.7292593,g,-5.710098535890902,6.118975069075549,20.185878279842534,99.0,P48
325,2458295.6944212997,g,-12.155081284526709,7.496607781162492,19.965413015743742,99.0,P48
326,2458298.6772222,g,-0.2911066785146875,7.20401020237619,20.008639191161933,99.0,P48
327,2458301.7784953997,g,-3.9357520708064255,7.059310813334465,20.03066922965222,99.0,P48
328,2458304.6991667002,g,1.5012310307434644,3.0588927768758105,20.938664354255714,99.0,P48
329,2458307.7270023,g,2.7880991530431976,3.20919157431481,20.886585880914474,99.0,P48
330,2458332.6761806,g,4.101769668196178,4.745815594672404,20.461797841441545,99.0,P48
331,2458336.6759258998,g,3.5078551697737734,4.592699797639895,20.497404842569956,99.0,P48
332,2458347.706331,g,4.535996947995344,9.612283124018374,19.695508603652392,99.0,P48
333,2458443.0097801,g,-4.324945522053712,6.218447706966236,20.168370022784675,99.0,P48
334,2458462.9850810003,g,134.67006023430454,88.95417161343796,17.279659190003997,99.0,P48
335,2458466.0504630003,g,1.1359752809456014,2.9568978926480303,20.975484169749603,99.0,P48
336,2458472.0152199,g,0.2797778051485935,3.2041026560747365,20.888308934227624,99.0,P48
337,2458481.0194676,g,-2.9579067041238614,6.811973776614934,20.069392570577318,99.0,P48
338,2458487.0544676003,g,-1.8042140356029197,3.055359235801987,20.939919289084703,99.0,P48
339,2458492.0054745,g,-2.38957440491541,3.2070374344138286,20.88731491591784,99.0,P48
340,2458495.0083449,g,4.631835829957718,2.5042286638429574,21.155890033533687,99.0,P48
341,2458502.9934491003,g,3.8908725579203347,9.603558761589836,19.696494494029647,99.0,P48
342,2458505.9673842997,g,-6.214974799020878,10.982215118371933,19.550850123241837,99.0,P48
343,2458507.98355905,g,9.531913712751278,6.8213109151961495,20.067905376372735,99.0,P48
344,2458507.98355905,g,9.531913712751278,6.8213109151961495,20.067905376372735,99.0,P48
345,2458511.961412,g,6.058624983773439,3.948854122855404,20.661397262953002,99.0,P48
346,2458522.945536267,g,-1.9143257109544383,2.3436532281505507,21.227841606718215,99.0,P48
347,2458522.945536267,g,-1.9143257109544383,2.3436532281505507,21.227841606718215,99.0,P48
348,2458522.945536267,g,-1.9143257109544383,2.3436532281505507,21.227841606718215,99.0,P48
349,2458526.9744792003,g,1.2247586168851559,4.547290514024651,20.50819323669785,99.0,P48
350,2458538.9134491,g,-18.766660426161362,27.314461783524795,18.561593370658578,99.0,P48
351,2458547.8751157,g,0.15424144008664373,2.821134972515611,21.026515327284052,99.0,P48
352,2458556.8794792006,g,2.0400202544273576,4.917988718127841,20.423106168830536,99.0,P48
353,2458559.8498264,g,0.09081360715366563,6.556876791549145,20.110832431569484,99.0,P48
354,2458562.8164699,g,0.8904736431863246,18.606272874295975,18.978426524392972,99.0,P48
355,2458567.9449074,g,3.2536456952190878,7.467584862990158,19.96962457239608,99.0,P48
356,2458572.8192361,g,1.90104513354254,4.6996742932780355,20.472405587689586,99.0,P48
357,2458575.8175347,g,-1.317166876681122,2.7427221950939753,21.05712043665217,99.0,P48
358,2458580.8016551,g,-1.5686297964722498,3.047220708924434,20.942815211334956,99.0,P48
359,2458588.7076967997,g,42.71869115083832,40.40770870363098,18.136414427367995,99.0,P48
360,2458592.9227431,g,13.413454464568197,13.225999740086454,19.34900371457662,99.0,P48
361,2458596.7338079,g,1.0664682163902903,3.3721621390989585,20.83280386904162,99.0,P48
362,2458599.8300926,g,1.4116683675900912,1.3949749101315359,21.791158997894723,99.0,P48
363,2458600.7372569,g,-2.225741858892697,2.8239062230309626,21.025449313005517,99.0,P48
364,2458606.8816667004,g,0.4023801204447591,2.5942052910391116,21.11756413723998,99.0,P48
365,2458616.7316319,g,-6.592496337620695,5.379452446423995,20.32572980724237,99.0,P48
366,2458619.7302778,g,0.5369084065156797,11.520153168999398,19.498929355676125,99.0,P48
367,2458628.7102662004,g,5.125262161080006,2.7333874217390877,21.060822010185422,99.0,P48
368,2458633.7592477,g,-1.1405944566730568,2.8480774689025417,21.01619549386578,99.0,P48
369,2458636.7558912,g,0.36972887303199287,2.4496754691431732,21.17980360610153,99.0,P48
370,2458639.7396064997,g,0.9956510494358007,2.3280676773269118,21.235085986218753,99.0,P48
371,2458642.6951389,g,-3.4479907862423693,2.752074826589588,21.053424394599766,99.0,P48
372,2458643.6668808004,g,2.0447237515231356,5.268359321923291,20.348386519616902,99.0,P48
373,2458643.6668808004,g,2.0447237515231356,5.268359321923291,20.348386519616902,99.0,P48
374,2458645.7120832996,g,8.586514733911395,5.81299998924171,20.24157418377839,99.0,P48
375,2458651.6934028,g,9.110267432519418,8.847147752109247,19.78556678845335,99.0,P48
376,2458654.7579861,g,-3.051312604237847,5.72347238693767,20.258426009425726,99.0,P48
377,2458670.6928704,g,-1.276581315435251,4.289998430903825,20.57143215581349,99.0,P48
378,2458673.6757639,g,-4.181021991499394,5.3749626430076045,20.326636363733655,99.0,P48
379,2458676.6869907,g,-4.834964731502442,5.903205178941738,20.22485529328992,99.0,P48
380,2458679.6753356005,g,-10.32626442513547,7.698854408393545,19.936509722049273,99.0,P48
381,2458682.6697106003,g,-3.0237391067598915,5.806779995909241,20.242736559074316,99.0,P48
382,2458685.6842361,g,-2.3849296334766352,3.3559154864050282,20.838047451028505,99.0,P48
383,2458692.694537,g,3.069929928175852,4.341831595868427,20.55839255237467,99.0,P48
384,2458716.651713,g,4.263964407484126,5.407629933002427,20.320057580806292,99.0,P48
385,2458720.6554977,g,10.4859257699491,6.420194358980062,20.133704549924396,99.0,P48
386,2458726.6597106005,g,9.731508632153249,7.974691665321523,19.898290238093374,99.0,P48
387,2458728.6343171,g,-22.45771094737632,15.450199944213892,19.18023972893146,99.0,P48
388,2458806.0355439996,g,11.33823732970536,9.313591673990741,19.72978200491584,99.0,P48
389,2458829.0528935003,g,-4.4517442782742505,10.83095582941094,19.565908027393164,99.0,P48
390,2458832.0617130003,g,0.8705774939559231,9.53989933901724,19.70371550856848,99.0,P48
391,2458834.0703125,g,13.36553694840169,8.453455512017484,19.834989310561582,99.0,P48
392,2458834.0703125,g,13.36553694840169,8.453455512017484,19.834989310561582,99.0,P48
393,2458834.0703125,g,13.36553694840169,8.453455512017484,19.834989310561582,99.0,P48
394,2458836.0492824,g,6.254504703267969,7.522117233204093,19.961724744968038,99.0,P48
395,2458838.9843981,g,16.55846142237618,23.58798330067076,18.72084796005217,99.0,P48
396,2458847.0502662,g,0.44912814061770445,2.6346630199774106,21.10076229979812,99.0,P48
397,2458851.063793425,g,-2.0865530314588465,2.081668720809313,21.356545947803767,99.0,P48
398,2458851.063793425,g,-2.0865530314588465,2.081668720809313,21.356545947803767,99.0,P48
399,2458851.063793425,g,-2.0865530314588465,2.081668720809313,21.356545947803767,99.0,P48
400,2458851.063793425,g,-2.0865530314588465,2.081668720809313,21.356545947803767,99.0,P48
401,2458854.0251619997,g,4.058079081307839,2.691593461042875,21.077551327767793,99.0,P48
402,2458855.9561632,g,-2.3834851865992386,4.436619207950535,20.534944601379543,99.0,P48
403,2458855.9561632,g,-2.3834851865992386,4.436619207950535,20.534944601379543,99.0,P48
404,2458857.0604282003,g,4.492084840434702,2.6380337349901968,21.09937412672695,99.0,P48
405,2458860.0438194,g,0.21734343283743535,9.162822778488456,19.74750177216597,99.0,P48
406,2458861.9794154996,g,1.2120805473737033,8.81692420144895,19.789282221146024,99.0,P48
407,2458861.9794154996,g,1.2120805473737033,8.81692420144895,19.789282221146024,99.0,P48
408,2458862.99351158,g,-4.199213308764435,3.236132555941781,20.877509232817552,99.0,P48
409,2458862.99351158,g,-4.199213308764435,3.236132555941781,20.877509232817552,99.0,P48
410,2458862.99351158,g,-4.199213308764435,3.236132555941781,20.877509232817552,99.0,P48
411,2458862.99351158,g,-4.199213308764435,3.236132555941781,20.877509232817552,99.0,P48
412,2458862.99351158,g,-4.199213308764435,3.236132555941781,20.877509232817552,99.0,P48
413,2458863.944251533,g,-2.1741031292390356,4.627870228194291,20.489122058560778,99.0,P48
414,2458863.944251533,g,-2.1741031292390356,4.627870228194291,20.489122058560778,99.0,P48
415,2458863.944251533,g,-2.1741031292390356,4.627870228194291,20.489122058560778,99.0,P48
416,2458864.9603993,g,2.228567721867117,3.7695740139515874,20.71184430187033,99.0,P48
417,2458864.9603993,g,2.228567721867117,3.7695740139515874,20.71184430187033,99.0,P48
418,2458867.0635764,g,-4.54950364568992,4.034082121722036,20.638213151934803,99.0,P48
419,2458867.9498785003,g,3.8976985820695194,2.615017084762242,21.10888866265867,99.0,P48
420,2458867.9498785003,g,3.8976985820695194,2.615017084762242,21.10888866265867,99.0,P48
421,2458871.9602469,g,2.9940120042653566,2.170568613288285,21.31114119225171,99.0,P48
422,2458871.9602469,g,2.9940120042653566,2.170568613288285,21.31114119225171,99.0,P48
423,2458871.9602469,g,2.9940120042653566,2.170568613288285,21.31114119225171,99.0,P48
424,2458872.9574189996,g,-0.7245457041434856,2.535859758762717,21.142261909195263,99.0,P48
425,2458873.89630785,g,4.407702517229598,2.627409489333881,21.10375557889346,99.0,P48
426,2458873.89630785,g,4.407702517229598,2.627409489333881,21.10375557889346,99.0,P48
427,2458875.9835995333,g,-1.659848418402181,1.6364666877322056,21.617807066304604,99.0,P48
428,2458875.9835995333,g,-1.659848418402181,1.6364666877322056,21.617807066304604,99.0,P48
429,2458875.9835995333,g,-1.659848418402181,1.6364666877322056,21.617807066304604,99.0,P48
430,2458878.03439815,g,1.7562710091128706,2.524660611630483,21.14706747797645,99.0,P48
431,2458878.03439815,g,1.7562710091128706,2.524660611630483,21.14706747797645,99.0,P48
432,2458879.0026273,g,1.1330349355476814,3.916982663200661,20.67019586581298,99.0,P48
433,2458879.9842477003,g,-4.363870206677902,3.886771939514421,20.678602342441685,99.0,P48
434,2458880.9995255,g,0.14416529391946295,2.6915277844842413,21.077577820731356,99.0,P48
435,2458881.986697566,g,0.8296373172998673,1.5858940971228588,21.651889532605722,99.0,P48
436,2458881.986697566,g,0.8296373172998673,1.5858940971228588,21.651889532605722,99.0,P48
437,2458881.986697566,g,0.8296373172998673,1.5858940971228588,21.651889532605722,99.0,P48
438,2458883.9884375,g,-1.4807691920119848,3.05792641370056,20.93900741343806,99.0,P48
439,2458883.9884375,g,-1.4807691920119848,3.05792641370056,20.93900741343806,99.0,P48
440,2458884.9530285667,g,0.28762395801543755,2.9748816274797782,20.968900765305353,99.0,P48
441,2458884.9530285667,g,0.28762395801543755,2.9748816274797782,20.968900765305353,99.0,P48
442,2458884.9530285667,g,0.28762395801543755,2.9748816274797782,20.968900765305353,99.0,P48
443,2458885.9613947,g,-4.779148732037717,4.987140474314165,20.4079459859189,99.0,P48
444,2458885.9613947,g,-4.779148732037717,4.987140474314165,20.4079459859189,99.0,P48
445,2458886.9894329,g,-2.4186450643757547,4.378184296820124,20.549339891758912,99.0,P48
446,2458886.9894329,g,-2.4186450643757547,4.378184296820124,20.549339891758912,99.0,P48
447,2458887.961612634,g,4.505225214067173,4.83961641907506,20.440547635503783,99.0,P48
448,2458887.961612634,g,4.505225214067173,4.83961641907506,20.440547635503783,99.0,P48
449,2458887.961612634,g,4.505225214067173,4.83961641907506,20.440547635503783,99.0,P48
450,2458889.0295255003,g,9.09357060794856,14.682489559846381,19.235575737397447,99.0,P48
451,2458891.062581,g,0.9083887155169836,17.087352203012596,19.070888061250784,99.0,P48
452,2458891.9583448996,g,-5.580596130756187,8.32287525897445,19.85189152517912,99.0,P48
453,2458894.8594483,g,1.761032190859661,2.668372632290483,21.086958794819985,99.0,P48
454,2458894.8594483,g,1.761032190859661,2.668372632290483,21.086958794819985,99.0,P48
455,2458894.8594483,g,1.761032190859661,2.668372632290483,21.086958794819985,99.0,P48
456,2458895.8990972503,g,-0.014267443111632971,2.5442802714477346,21.138662613190377,99.0,P48
457,2458895.8990972503,g,-0.014267443111632971,2.5442802714477346,21.138662613190377,99.0,P48
458,2458898.9162229667,g,2.2939974450687615,1.2535630480556408,21.9072095348602,99.0,P48
459,2458898.9162229667,g,2.2939974450687615,1.2535630480556408,21.9072095348602,99.0,P48
460,2458898.9162229667,g,2.2939974450687615,1.2535630480556408,21.9072095348602,99.0,P48
461,2458899.955621133,g,0.9431169185943915,1.543602963159428,21.68123598018871,99.0,P48
462,2458899.955621133,g,0.9431169185943915,1.543602963159428,21.68123598018871,99.0,P48
463,2458899.955621133,g,0.9431169185943915,1.543602963159428,21.68123598018871,99.0,P48
464,2458900.9276967333,g,2.0241960583957996,2.328143394945281,21.23505067452075,99.0,P48
465,2458900.9276967333,g,2.0241960583957996,2.328143394945281,21.23505067452075,99.0,P48
466,2458900.9276967333,g,2.0241960583957996,2.328143394945281,21.23505067452075,99.0,P48
467,2458903.85609955,g,-0.7813953621767582,1.9652579114980173,21.419026105956053,99.0,P48
468,2458903.85609955,g,-0.7813953621767582,1.9652579114980173,21.419026105956053,99.0,P48
469,2458904.9294907334,g,-3.720394111929572,2.377253334107848,21.21238632623345,99.0,P48
470,2458904.9294907334,g,-3.720394111929572,2.377253334107848,21.21238632623345,99.0,P48
471,2458904.9294907334,g,-3.720394111929572,2.377253334107848,21.21238632623345,99.0,P48
472,2458906.8347338,g,-0.7584520517770283,2.82424815085569,21.025317856464284,99.0,P48
473,2458906.8347338,g,-0.7584520517770283,2.82424815085569,21.025317856464284,99.0,P48
474,2458908.8480439996,g,1.6118680078054515,2.157439968144673,21.317728188929067,99.0,P48
475,2458908.8480439996,g,1.6118680078054515,2.157439968144673,21.317728188929067,99.0,P48
476,2458911.9154398004,g,-1.5790694895622923,2.819404179509646,21.02718164113734,99.0,P48
477,2458911.9154398004,g,-1.5790694895622923,2.819404179509646,21.02718164113734,99.0,P48
478,2458913.0255845,g,-0.33742234637393365,2.1929108302216873,21.30002255808518,99.0,P48
479,2458913.0255845,g,-0.33742234637393365,2.1929108302216873,21.30002255808518,99.0,P48
480,2458913.8067419,g,6.1702526164682565,3.992110955764839,20.64956848051319,99.0,P48
481,2458913.8067419,g,6.1702526164682565,3.992110955764839,20.64956848051319,99.0,P48
482,2458914.9659259496,g,4.5576446552379775,3.9692440188888085,20.655805491577574,99.0,P48
483,2458914.9659259496,g,4.5576446552379775,3.9692440188888085,20.655805491577574,99.0,P48
484,2458915.96041085,g,1.4628425174488648,5.28798264591219,20.344349936126424,99.0,P48
485,2458915.96041085,g,1.4628425174488648,5.28798264591219,20.344349936126424,99.0,P48
486,2458936.7987962663,g,1.7216814972236651,1.7074893047821025,21.571680008991493,99.0,P48
487,2458936.7987962663,g,1.7216814972236651,1.7074893047821025,21.571680008991493,99.0,P48
488,2458936.7987962663,g,1.7216814972236651,1.7074893047821025,21.571680008991493,99.0,P48
489,2458939.8526505,g,3.5274738511330943,6.605911623258321,20.102743091122655,99.0,P48
490,2458940.878094133,g,4.995866166800929,2.598045966249688,21.11595791262537,99.0,P48
491,2458940.878094133,g,4.995866166800929,2.598045966249688,21.11595791262537,99.0,P48
492,2458940.878094133,g,4.995866166800929,2.598045966249688,21.11595791262537,99.0,P48
493,2458941.9494869,g,-0.3443776045749191,2.1339432263875246,21.329617837093238,99.0,P48
494,2458941.9494869,g,-0.3443776045749191,2.1339432263875246,21.329617837093238,99.0,P48
495,2458941.9494869,g,-0.3443776045749191,2.1339432263875246,21.329617837093238,99.0,P48
496,2458943.9129745,g,-1.5009209756669444,4.906742987907768,20.42559171289355,99.0,P48
497,2458943.9129745,g,-1.5009209756669444,4.906742987907768,20.42559171289355,99.0,P48
498,2458944.9475964666,g,-4.445574508855888,5.364059581863247,20.32884100621351,99.0,P48
499,2458944.9475964666,g,-4.445574508855888,5.364059581863247,20.32884100621351,99.0,P48
500,2458944.9475964666,g,-4.445574508855888,5.364059581863247,20.32884100621351,99.0,P48
501,2458954.8930324,g,1.423343649275068,2.17583310286071,21.30851103972701,99.0,P48
502,2458954.8930324,g,1.423343649275068,2.17583310286071,21.30851103972701,99.0,P48
503,2458954.8930324,g,1.423343649275068,2.17583310286071,21.30851103972701,99.0,P48
504,2458955.81667825,g,1.6725205679293715,2.0274397474881685,21.38520509794732,99.0,P48
505,2458955.81667825,g,1.6725205679293715,2.0274397474881685,21.38520509794732,99.0,P48
506,2458962.8413542,g,-3.4526521533156678,3.327455910868742,20.847294214813658,99.0,P48
507,2458963.8188252253,g,1.4392203324078279,1.4542283102669955,21.745993501557265,99.0,P48
508,2458963.8188252253,g,1.4392203324078279,1.4542283102669955,21.745993501557265,99.0,P48
509,2458963.8188252253,g,1.4392203324078279,1.4542283102669955,21.745993501557265,99.0,P48
510,2458963.8188252253,g,1.4392203324078279,1.4542283102669955,21.745993501557265,99.0,P48
511,2458965.7571064997,g,1.6837006522297526,2.454543024372867,21.177648366613766,99.0,P48
512,2458968.7971412004,g,165.97501613633352,4.021668574691765,18.34995882342797,0.026302279339693077,P48
513,2458971.7955787,g,179.03796315355723,5.5904067133867406,18.2677028012569,0.03389441200342842,P48
514,2458974.7056366,g,131.3161347437209,9.574602116131842,18.6042703950315,0.07914663812900632,P48
515,2458977.8371759,g,106.03661918138138,15.503472820717475,18.836425941148757,0.15870950881696697,P48
516,2458980.7227082998,g,84.2866228440424,2.7581165331248876,19.085668989576106,0.035520885707413116,P48
517,2458985.7050231,g,81.33493093393737,3.1306448362384,19.12437286672906,0.041781740400037896,P48
518,2458991.8016319,g,73.65630380477083,3.0769635795517054,19.232040818657687,0.045346342309767605,P48
519,2458994.7566319,g,61.099872764940564,2.836900964614676,19.434964857622724,0.0504003667722241,P48
520,2458997.7137384,g,55.074387212050034,3.3125809844956193,19.54769143815671,0.06528999850375544,P48
521,2459000.7604514,g,32.1052001373048,5.639606157670602,20.1336271683706,0.19067915658430018,P48
522,2459004.690787,g,34.05740865792796,7.737917057541454,20.069536620994413,0.24662795253525527,P48
523,2459009.7476042,g,15.290600959289282,4.0666390805398,20.939004235734053,0.28869609073436536,P48
524,2459012.699294,g,17.686048033094533,2.5331472156141817,20.780988621856697,0.15547460333726532,P48
525,2459018.7069213,g,11.986472933350514,2.5285689995819225,21.2033370996744,0.228988265714871,P48
526,2459021.7076041503,g,12.68035916277205,1.596135144100155,21.142236735223754,0.13663687886755047,P48
527,2459021.7076041503,g,12.68035916277205,1.596135144100155,21.142236735223754,0.13663687886755047,P48
528,2459024.7043981003,g,10.37615000384545,2.7320316042720045,21.35997501842519,0.2858112407143486,P48
529,2459027.6957523,g,10.080157803778546,4.779819199476044,20.454046315702307,99.0,P48
530,2459030.8246296,g,15.053718590269959,14.50142930663203,19.249047964711966,99.0,P48
531,2459033.6946528,g,12.008752118956348,7.890253174053089,19.90984764262874,99.0,P48
532,2459036.6957407002,g,7.340534372751633,5.809451760394787,20.24223711458241,99.0,P48
533,2459037.7388542006,g,-1.0343795676324075,11.244941362880029,19.525182001323543,99.0,P48
534,2459038.7575926003,g,4.77051439197578,7.1201321791554175,20.021354849118026,99.0,P48
535,2459039.7085647997,g,10.414914012650554,2.57603271306314,21.355926400563586,0.2684883914196038,P48
536,2459040.7143866,g,12.076780315619146,2.8631618778386523,21.195187706589437,0.25735023219510467,P48
537,2459041.6945948997,g,7.91736938828512,3.308154361259464,20.853610574413977,99.0,P48
538,2459043.7058681,g,10.071662093656734,3.398162168649711,20.8244647375911,99.0,P48
539,2459055.6800116003,g,7.259849763841201,4.871479969759125,20.43342268619712,99.0,P48
540,2459056.7696644,g,13.142921100428408,7.297654597934423,19.994616728872913,99.0,P48
541,2459057.6942245,g,3.3395172223022525,5.560950526077614,20.28970241085768,99.0,P48
542,2459060.7250116,g,5.7327880718635225,9.283145068499774,19.733337146001823,99.0,P48
543,2459062.7033332996,g,-0.575447015796694,9.32949227300096,19.72792996581567,99.0,P48
544,2459065.6955671003,g,-0.6146667932075889,12.621548457971736,19.399793391608497,99.0,P48
545,2458214.8860995,i,183.09421917769498,221.91108451862516,16.287127499408655,99.0,P48
546,2458227.88,i,-6.5179348750428545,7.153325325981794,20.016305047244437,99.0,P48
547,2458232.8180323998,i,6.441821823887868,7.56716168794712,19.95524245500983,99.0,P48
548,2458243.8395718,i,13.798695606178496,8.052579235642236,19.887737471968073,99.0,P48
549,2458247.6542708,i,7.687033285720916,9.671732416931857,19.688814307642694,99.0,P48
550,2458261.6897569,i,7.874278139753855,6.765594889043567,20.07681001540303,99.0,P48
551,2458261.6897569,i,7.874278139753855,6.765594889043567,20.07681001540303,99.0,P48
552,2458266.7121759,i,7.410237702791978,14.404521310369867,19.256327913097735,99.0,P48
553,2458272.8400462996,i,-1.0463041795068104,8.56047254383123,19.821330642445453,99.0,P48
554,2458278.6708565,i,-5.597575054413252,9.115427508790182,19.753132385027314,99.0,P48
555,2458283.6803241,i,7.4520141431434475,8.444523604801038,19.836137104138384,99.0,P48
556,2458288.6854861,i,-0.5390773617007121,9.47320827060587,19.711332275480906,99.0,P48
557,2458292.6771759,i,-9.475635792181128,9.674858658922762,19.688463416456685,99.0,P48
558,2458320.713831,i,1.3954781009389068,9.344963456995377,19.72613097058077,99.0,P48
559,2458539.9213773,i,77.84988450192185,111.6989525612067,17.032452237638186,99.0,P48
560,2458547.9205092997,i,2.3143246300652147,6.175419326644157,20.175908857583885,99.0,P48
561,2458556.9017824,i,2.8751705000129535,9.916956364423664,19.661628983411234,99.0,P48
562,2458560.7969676005,i,2.806395281788134,10.284532242238742,19.622113629062238,99.0,P48
563,2458568.8608333,i,-11.632964280780383,77.60665519248282,17.427827574241363,99.0,P48
564,2458573.847662,i,-0.378824816537211,8.6995799805908,19.80382927615223,99.0,P48
565,2458581.880787,i,4.9713839884905475,8.048117988682876,19.888339152429314,99.0,P48
566,2458591.8128472,i,-17.484013266282155,29.105070771016795,18.49265334006092,99.0,P48
567,2458594.8053935003,i,-8.146900690016915,12.541726509782876,19.406681673828487,99.0,P48
568,2458596.858044,i,2.356555600026736,7.518820292076921,19.962200727053336,99.0,P48
569,2458600.6845255,i,-3.306044006130617,6.329997950542741,20.149066065644263,99.0,P48
570,2458607.7531366,i,-1.129898662936257,6.2341421964202315,20.165633229142536,99.0,P48
571,2458612.8204514,i,-2.7756627991016587,6.995363191159322,20.040549320460006,99.0,P48
572,2458616.8289814997,i,-3.7201337517278867,7.956323570295875,19.900793897066002,99.0,P48
573,2458635.6866319,i,-11.264235123753995,7.010520140099052,20.038199385900008,99.0,P48
574,2458639.6905671,i,-2.899866300982459,5.806362631441734,20.242814599571656,99.0,P48
575,2458643.7294792,i,5.942871434120067,6.721061429952029,20.083980327072503,99.0,P48
576,2458653.7443171,i,-1.5163939806278972,9.083146555834489,19.756984185281887,99.0,P48
577,2458671.6733102,i,4.870396350232835,7.787781304393384,19.924040621134967,99.0,P48
578,2458675.6741319,i,2.1356823636253397,11.402611882813943,19.510064133544837,99.0,P48
579,2458828.0403298503,i,1.4166954304263346,2.5857337065718076,21.12111549727442,99.0,P48
580,2458828.0403298503,i,1.4166954304263346,2.5857337065718076,21.12111549727442,99.0,P48
581,2458828.0403298503,i,1.4166954304263346,2.5857337065718076,21.12111549727442,99.0,P48
582,2458828.0403298503,i,1.4166954304263346,2.5857337065718076,21.12111549727442,99.0,P48
583,2458830.9800116,i,3.4080512813519293,6.842315068028029,20.064567318499783,99.0,P48
584,2458831.9903587997,i,6.748386274900927,10.210538702189211,19.62995334960958,99.0,P48
585,2458837.0342824,i,-0.21643927862942638,5.7116208587023545,20.260676561759265,99.0,P48
586,2458850.028831,i,2.662639794819242,6.624781854322574,20.099646033967563,99.0,P48
587,2458855.89923035,i,-3.383998824163794,7.441007610945393,19.97349561728325,99.0,P48
588,2458855.89923035,i,-3.383998824163794,7.441007610945393,19.97349561728325,99.0,P48
589,2458859.9023206,i,4.311102583026226,10.143683620898216,19.63708575114409,99.0,P48
590,2458859.9023206,i,4.311102583026226,10.143683620898216,19.63708575114409,99.0,P48
591,2458861.9181538997,i,7.623759330442565,8.71083734943158,19.80242522771475,99.0,P48
592,2458861.9181538997,i,7.623759330442565,8.71083734943158,19.80242522771475,99.0,P48
593,2458863.0344328997,i,1.6779807237084967,3.4910083975012274,20.795197755420084,99.0,P48
594,2458863.0344328997,i,1.6779807237084967,3.4910083975012274,20.795197755420084,99.0,P48
595,2458863.9837268996,i,3.7642586170322545,4.78678860831606,20.452464367117386,99.0,P48
596,2458865.0421065,i,8.71104317344413,3.6994149584976745,20.732242368442307,99.0,P48
597,2458866.9782117996,i,2.9194405474512863,4.506598244580714,20.517952881168412,99.0,P48
598,2458866.9782117996,i,2.9194405474512863,4.506598244580714,20.517952881168412,99.0,P48
599,2458868.05441555,i,1.248069059210792,3.083964197137782,20.92980167034605,99.0,P48
600,2458868.05441555,i,1.248069059210792,3.083964197137782,20.92980167034605,99.0,P48
601,2458871.9687153003,i,-1.9836022810613314,4.32406168421335,20.56284528744937,99.0,P48
602,2458871.9687153003,i,-1.9836022810613314,4.32406168421335,20.56284528744937,99.0,P48
603,2458873.0137210498,i,-0.9236823454444453,4.168491511144044,20.602627685604702,99.0,P48
604,2458873.0137210498,i,-0.9236823454444453,4.168491511144044,20.602627685604702,99.0,P48
605,2458873.984213,i,-0.6508754501584887,4.1838195166414405,20.598642635444826,99.0,P48
606,2458875.8851852,i,7.22794402540257,4.773801891979045,20.455414008518687,99.0,P48
607,2458875.8851852,i,7.22794402540257,4.773801891979045,20.455414008518687,99.0,P48
608,2458876.97315975,i,1.8124152691572364,2.621572127619584,21.106170461637873,99.0,P48
609,2458876.97315975,i,1.8124152691572364,2.621572127619584,21.106170461637873,99.0,P48
610,2458877.9597859,i,1.1478783565326023,3.0237124199427745,20.95122377966889,99.0,P48
611,2458877.9597859,i,1.1478783565326023,3.0237124199427745,20.95122377966889,99.0,P48
612,2458878.9646296003,i,6.965606017516164,5.4121937653135825,20.319141647533314,99.0,P48
613,2458879.94871525,i,1.7567128666630372,5.451012950324132,20.3113819546339,99.0,P48
614,2458879.94871525,i,1.7567128666630372,5.451012950324132,20.3113819546339,99.0,P48
615,2458881.0541955996,i,-1.679489962592628,2.912282568539272,20.99199121227953,99.0,P48
616,2458881.0541955996,i,-1.679489962592628,2.912282568539272,20.99199121227953,99.0,P48
617,2458882.0647106003,i,0.21091427655097097,3.854865627757214,20.68755187893872,99.0,P48
618,2458883.8959375,i,9.200086288692315,6.934413025779822,20.050050725583908,99.0,P48
619,2458884.9062904995,i,-0.7601136666066217,5.203851505928536,20.36176275092914,99.0,P48
620,2458884.9062904995,i,-0.7601136666066217,5.203851505928536,20.36176275092914,99.0,P48
621,2458885.9058796,i,2.8299208547747603,6.883338507712124,20.058077169802523,99.0,P48
622,2458885.9058796,i,2.8299208547747603,6.883338507712124,20.058077169802523,99.0,P48
623,2458886.9060185,i,1.3980402035310049,3.282627149726055,20.862021096387974,99.0,P48
624,2458886.9060185,i,1.3980402035310049,3.282627149726055,20.862021096387974,99.0,P48
625,2458888.9056134503,i,-1.3901761151355216,6.879007778300866,20.058760487860695,99.0,P48
626,2458888.9056134503,i,-1.3901761151355216,6.879007778300866,20.058760487860695,99.0,P48
627,2458890.8759201,i,-1.7118239911024389,6.5121811328718975,20.118258809859142,99.0,P48
628,2458890.8759201,i,-1.7118239911024389,6.5121811328718975,20.118258809859142,99.0,P48
629,2458893.9261111002,i,1.5279293500080116,3.3565727055825416,20.83783484233934,99.0,P48
630,2458893.9261111002,i,1.5279293500080116,3.3565727055825416,20.83783484233934,99.0,P48
631,2458894.9578356002,i,0.08803385443521111,3.743201400167154,20.719467002573367,99.0,P48
632,2458895.86502315,i,-0.8419896521415509,2.612327757872581,21.11000582631099,99.0,P48
633,2458895.86502315,i,-0.8419896521415509,2.612327757872581,21.11000582631099,99.0,P48
634,2458896.88643515,i,1.9881386252846005,3.4270474892086784,20.815274682740686,99.0,P48
635,2458896.88643515,i,1.9881386252846005,3.4270474892086784,20.815274682740686,99.0,P48
636,2458904.88984955,i,-0.17180972238969175,3.0090605051831556,20.956497687969453,99.0,P48
637,2458904.88984955,i,-0.17180972238969175,3.0090605051831556,20.956497687969453,99.0,P48
638,2458905.9129514,i,-4.502266703506967,7.449501125126723,19.972257013953318,99.0,P48
639,2458906.9280613502,i,0.9765721168721369,2.7669737572815434,21.047562388671018,99.0,P48
640,2458906.9280613502,i,0.9765721168721369,2.7669737572815434,21.047562388671018,99.0,P48
641,2458908.9188484,i,-0.3303754756705017,2.5660775296805403,21.129400554889074,99.0,P48
642,2458908.9188484,i,-0.3303754756705017,2.5660775296805403,21.129400554889074,99.0,P48
643,2458911.8446528004,i,-2.006380348077526,4.741473539784992,20.462791660952398,99.0,P48
644,2458911.8446528004,i,-2.006380348077526,4.741473539784992,20.462791660952398,99.0,P48
645,2458912.8688079,i,0.7319030107548531,3.0005193238773114,20.95958391904817,99.0,P48
646,2458912.8688079,i,0.7319030107548531,3.0005193238773114,20.95958391904817,99.0,P48
647,2458913.89846065,i,-3.3516739129538284,4.465219239957142,20.527968020703206,99.0,P48
648,2458913.89846065,i,-3.3516739129538284,4.465219239957142,20.527968020703206,99.0,P48
649,2458914.82340855,i,5.522138470982254,3.900987623924937,20.674638557926507,99.0,P48
650,2458914.82340855,i,5.522138470982254,3.900987623924937,20.674638557926507,99.0,P48
651,2458915.8353125,i,-6.885942895590115,4.95114347151788,20.4158112110076,99.0,P48
652,2458915.8353125,i,-6.885942895590115,4.95114347151788,20.4158112110076,99.0,P48
653,2458936.86609375,i,4.2354880597067694,2.4512862501762154,21.179089916238745,99.0,P48
654,2458936.86609375,i,4.2354880597067694,2.4512862501762154,21.179089916238745,99.0,P48
655,2458940.8065683004,i,-2.241835432306889,10.28419586932951,19.622149140470032,99.0,P48
656,2458940.8065683004,i,-2.241835432306889,10.28419586932951,19.622149140470032,99.0,P48
657,2458941.7959722,i,-2.6140097551772694,3.403055409013463,20.822902438171173,99.0,P48
658,2458941.7959722,i,-2.6140097551772694,3.403055409013463,20.822902438171173,99.0,P48
659,2458944.78274885,i,0.8614516001374094,5.002397588390164,20.404629473401727,99.0,P48
660,2458944.78274885,i,0.8614516001374094,5.002397588390164,20.404629473401727,99.0,P48
661,2458953.9666667003,i,-7.515556771767132,9.886078662958923,19.665014834673197,99.0,P48
662,2458954.83534725,i,-0.6256160176889366,4.066009605049114,20.629653988590036,99.0,P48
663,2458954.83534725,i,-0.6256160176889366,4.066009605049114,20.629653988590036,99.0,P48
664,2458955.8725058,i,1.5224819040653486,5.064545007095371,20.391223901831168,99.0,P48
665,2458955.8725058,i,1.5224819040653486,5.064545007095371,20.391223901831168,99.0,P48
666,2458964.7950116,i,-1.7544657814293807,5.914832150272258,20.2227189270818,99.0,P48
667,2458968.8458796,i,85.74141867202901,5.507837111557123,19.067088959675278,0.06973009401051206,P48
668,2458972.8459258997,i,133.35600507620444,10.614716954678636,18.587534179965168,0.08640237271444516,P48
669,2458976.8873264,i,116.00059718789643,13.773942924673204,18.738915059673115,0.12889256958319195,P48
670,2458980.8394097,i,98.47819162681392,8.770428216502491,18.916715459865095,0.09667419427329572,P48
671,2458987.7893287004,i,86.96531370470392,6.220735360980714,19.051700452529147,0.07764714397827002,P48
672,2459011.7127082995,i,42.64837870329164,6.020155214655694,19.825309307473994,0.15322689124884334,P48
673,2459018.7755092997,i,23.462982961053992,6.016137034667758,20.474107559230355,0.27833275768779275,P48
674,2459023.7545255,i,29.460541094790845,7.100240622949721,20.226963824372476,0.261614719546842,P48
675,2459028.7934375,i,27.856851533146,13.969315136773151,19.28963720215137,99.0,P48
676,2459033.7532407003,i,34.28498614924541,10.021444900276794,20.06230567640406,0.31728985952907796,P48
677,2459037.7761111,i,14.197014084631569,8.799507756074313,19.791429043102703,99.0,P48
678,2459041.6842592997,i,27.132180124009718,5.989414824840348,20.31635389333465,0.23962356738929735,P48
679,2459045.6879051,i,23.215692669384236,6.886948354377258,20.485611507488507,0.3220141886412557,P48
680,2459049.7476505,i,23.448261214549483,6.67673154426961,20.474789013495013,0.3090886793263622,P48
681,2459053.7562384,i,16.684885973345523,7.618689147102342,19.947874353840177,99.0,P48
682,2459059.6920602,i,20.412655442858007,9.02114954403051,19.76442028365896,99.0,P48
683,2459063.6929051,i,24.166546637491262,12.702057208065417,19.392889828156413,99.0,P48
684,2459073.6536573996,i,11.333044423226744,12.550872426071585,19.405890201179083,99.0,P48
685,2459077.6707755,i,21.34501817318244,18.499200033400363,18.984692617962097,99.0,P48
686,2459081.6510532,i,-1.3614049053797594,12.414460371788648,19.4177553728785,99.0,P48
687,2459085.6515741,i,17.173298909133827,15.248653125154538,19.194496276042383,99.0,P48
688,2459089.6670949,i,25.30354418467867,18.18039442728584,19.00356673642589,99.0,P48
689,2458968.9374,r,123.23634306755325,3.4052595487027695,18.673152993697425,0.03,P60+SEDM
690,2458969.4432,g,173.7037876646804,1.5999243590741492,18.30047677881122,0.01,LT+IOO
691,2458969.4441,r,129.0442929834297,1.1885814956565321,18.623152993697424,0.01,LT+IOO
692,2458969.4449,u,222.85328929775844,4.105246187671703,18.02995237844167,0.02,LT+IOO
693,2458969.446,i,96.38142158724678,1.7754706012203512,18.940016680796102,0.02,LT+IOO
694,2458972.7325,r,133.88712086945318,8.632309533813874,18.583152993697425,0.07,P60+SEDM
695,2458980.6891,r,95.22232966649173,4.385296567490639,18.953152993697426,0.05,P60+SEDM
696,2458986.6923,r,91.77804502965455,3.3813408871568407,18.993152993697425,0.04,P60+SEDM
