,JD,Filter,Flux,eFlux,Mag,eMag,Telescope
0,2458198.8866936667,r,1.276807286407959,4.44904909835241,20.531906992869263,99.0,P48
1,2458198.8866936667,r,1.276807286407959,4.44904909835241,20.531906992869263,99.0,P48
2,2458198.8866936667,r,1.276807286407959,4.44904909835241,20.531906992869263,99.0,P48
3,2458199.83903935,r,15.155624233780063,78.39772319944366,17.41681636358011,99.0,P48
4,2458199.83903935,r,15.155624233780063,78.39772319944366,17.41681636358011,99.0,P48
5,2458216.9161806,r,-0.2713741860840375,12.613861123516578,19.40045487622338,99.0,P48
6,2458218.8150231005,r,1.3478283487883547,8.171961733565416,19.871759178369395,99.0,P48
7,2458219.8428781,r,-3.9430715167822803,5.79740519470414,20.244490850845438,99.0,P48
8,2458219.8428781,r,-3.9430715167822803,5.79740519470414,20.244490850845438,99.0,P48
9,2458219.8428781,r,-3.9430715167822803,5.79740519470414,20.244490850845438,99.0,P48
10,2458229.90207755,r,0.3401527507239653,6.269593884663766,20.159476463782426,99.0,P48
11,2458229.90207755,r,0.3401527507239653,6.269593884663766,20.159476463782426,99.0,P48
12,2458231.7949710498,r,-4.637820047445441,6.961920605196861,20.04575232361975,99.0,P48
13,2458231.7949710498,r,-4.637820047445441,6.961920605196861,20.04575232361975,99.0,P48
14,2458244.8455787003,r,0.23399815664063417,19.056108335920207,18.95248945627455,99.0,P48
15,2458247.9242477003,r,1.1471978909417602,7.801137540385011,19.92218015182749,99.0,P48
16,2458255.7992245,r,2.0796198202775695,7.927923303947786,19.904676389009218,99.0,P48
17,2458258.7260995,r,2.1636990722994858,8.774730616927217,19.79449050776197,99.0,P48
18,2458261.8115625,r,0.39824931832998384,13.111381979766946,19.35845381398603,99.0,P48
19,2458266.8457407,r,1.0740435916323154,13.788039779632806,19.303818669877096,99.0,P48
20,2458269.8900347,r,0.8041934901738543,16.800445935210995,19.089272965703756,99.0,P48
21,2458272.9492361,r,3.396685318013332,10.342148743135093,19.616048040152535,99.0,P48
22,2458278.8081829,r,4.049550211724147,7.431956939096156,19.97481702745457,99.0,P48
23,2458281.8431713,r,4.144841729647261,7.932224722308915,19.90408746565828,99.0,P48
24,2458284.8209259,r,4.190197873761668,10.023335034599615,19.650044371425185,99.0,P48
25,2458287.7668287004,r,-4.570224916632743,8.14552623206672,19.87527712258229,99.0,P48
26,2458290.7645139,r,-3.7464260070360953,9.120264317423542,19.75255642679969,99.0,P48
27,2458297.8226852003,r,5.048294321920192,17.514824781658838,19.044060496678448,99.0,P48
28,2458300.8406366003,r,8.465659994971807,13.080043793957262,19.361051993974854,99.0,P48
29,2458314.856197925,r,0.41227364105026315,5.04553281755207,20.395307400931706,99.0,P48
30,2458314.856197925,r,0.41227364105026315,5.04553281755207,20.395307400931706,99.0,P48
31,2458314.856197925,r,0.41227364105026315,5.04553281755207,20.395307400931706,99.0,P48
32,2458314.856197925,r,0.41227364105026315,5.04553281755207,20.395307400931706,99.0,P48
33,2458315.79202314,r,0.4989356853995472,2.613316696063281,21.10959488139493,99.0,P48
34,2458315.79202314,r,0.4989356853995472,2.613316696063281,21.10959488139493,99.0,P48
35,2458315.79202314,r,0.4989356853995472,2.613316696063281,21.10959488139493,99.0,P48
36,2458315.79202314,r,0.4989356853995472,2.613316696063281,21.10959488139493,99.0,P48
37,2458315.79202314,r,0.4989356853995472,2.613316696063281,21.10959488139493,99.0,P48
38,2458316.6947917,r,2.5273530556924886,4.535274905851338,20.51106594673594,99.0,P48
39,2458319.7404861334,r,-0.44400394925317,6.300065367853352,20.154212350148725,99.0,P48
40,2458319.7404861334,r,-0.44400394925317,6.300065367853352,20.154212350148725,99.0,P48
41,2458319.7404861334,r,-0.44400394925317,6.300065367853352,20.154212350148725,99.0,P48
42,2458320.76381365,r,4.0065430582572095,6.8371288147368,20.065390583434148,99.0,P48
43,2458320.76381365,r,4.0065430582572095,6.8371288147368,20.065390583434148,99.0,P48
44,2458321.7463773335,r,-1.0162152389105594,6.370305448351774,20.14217434735089,99.0,P48
45,2458321.7463773335,r,-1.0162152389105594,6.370305448351774,20.14217434735089,99.0,P48
46,2458321.7463773335,r,-1.0162152389105594,6.370305448351774,20.14217434735089,99.0,P48
47,2458322.760300934,r,0.8122667863185689,6.112201389489789,20.18708085098399,99.0,P48
48,2458322.760300934,r,0.8122667863185689,6.112201389489789,20.18708085098399,99.0,P48
49,2458322.760300934,r,0.8122667863185689,6.112201389489789,20.18708085098399,99.0,P48
50,2458323.7137384,r,3.592761166168261,5.590525107873766,20.283943483423585,99.0,P48
51,2458323.7137384,r,3.592761166168261,5.590525107873766,20.283943483423585,99.0,P48
52,2458324.7209914997,r,-0.5082552836326752,12.322239727987046,19.425850854917716,99.0,P48
53,2458324.7209914997,r,-0.5082552836326752,12.322239727987046,19.425850854917716,99.0,P48
54,2458324.7209914997,r,-0.5082552836326752,12.322239727987046,19.425850854917716,99.0,P48
55,2458328.7894792003,r,-3.3224331009029244,17.223747753485988,19.06225584790971,99.0,P48
56,2458329.84233795,r,3.344006070297386,7.798144880413268,19.92259674013355,99.0,P48
57,2458329.84233795,r,3.344006070297386,7.798144880413268,19.92259674013355,99.0,P48
58,2458329.84233795,r,3.344006070297386,7.798144880413268,19.92259674013355,99.0,P48
59,2458329.84233795,r,3.344006070297386,7.798144880413268,19.92259674013355,99.0,P48
60,2458330.863719133,r,5.723969193506712,8.104714336589288,19.880730709005313,99.0,P48
61,2458330.863719133,r,5.723969193506712,8.104714336589288,19.880730709005313,99.0,P48
62,2458330.863719133,r,5.723969193506712,8.104714336589288,19.880730709005313,99.0,P48
63,2458332.8072685003,r,5.008533042294572,11.179245751923425,19.531543730916233,99.0,P48
64,2458338.6956597,r,2.3089397477569826,8.715268939216342,19.80187300595069,99.0,P48
65,2458343.8307523,r,-2.1239143845655106,8.739420670597836,19.798868377797504,99.0,P48
66,2458425.58859955,r,-2.4287963405395034,22.43416922024786,18.775300010609637,99.0,P48
67,2458425.58859955,r,-2.4287963405395034,22.43416922024786,18.775300010609637,99.0,P48
68,2458429.5772917005,r,-2.6839444744276078,15.918077845509508,19.147848428565325,99.0,P48
69,2458488.0542592998,r,-2.779711260529774,9.178160716371012,19.745685843554273,99.0,P48
70,2458492.9931713,r,13.398092175001654,19.611458145686655,18.921300275632667,99.0,P48
71,2458513.0336111,r,14.047612124230376,25.76717427155548,18.6249080023052,99.0,P48
72,2458539.86220485,r,89.26361151082017,12.058090208756187,19.02337948739976,0.14663373686172487,P48
73,2458539.86220485,r,89.26361151082017,12.058090208756187,19.02337948739976,0.14663373686172487,P48
74,2458541.027228,r,272.50679061527507,8.786128084303652,17.81162229987904,0.03499854816086557,P48
75,2458541.027228,r,272.50679061527507,8.786128084303652,17.81162229987904,0.03499854816086557,P48
76,2458542.0350964335,r,364.1889540266033,6.835730423387557,17.496748698879646,0.020374548136474126,P48
77,2458542.0350964335,r,364.1889540266033,6.835730423387557,17.496748698879646,0.020374548136474126,P48
78,2458542.0350964335,r,364.1889540266033,6.835730423387557,17.496748698879646,0.020374548136474126,P48
79,2458557.0171527998,r,59.73345968113371,11.124216206045999,19.459521449221988,0.20215364648428055,P48
80,2458557.882806725,r,53.324800698804665,7.298512605780625,19.58274251990501,0.14857130884227499,P48
81,2458557.882806725,r,53.324800698804665,7.298512605780625,19.58274251990501,0.14857130884227499,P48
82,2458557.882806725,r,53.324800698804665,7.298512605780625,19.58274251990501,0.14857130884227499,P48
83,2458557.882806725,r,53.324800698804665,7.298512605780625,19.58274251990501,0.14857130884227499,P48
84,2458558.8433179,r,51.216751504785265,8.730764463358474,19.626535549128402,0.18504189638208796,P48
85,2458558.8433179,r,51.216751504785265,8.730764463358474,19.626535549128402,0.18504189638208796,P48
86,2458558.8433179,r,51.216751504785265,8.730764463358474,19.626535549128402,0.18504189638208796,P48
87,2458560.892228,r,41.64182581790991,6.753805289322008,19.85124121420259,0.17605509598971303,P48
88,2458560.892228,r,41.64182581790991,6.753805289322008,19.85124121420259,0.17605509598971303,P48
89,2458560.892228,r,41.64182581790991,6.753805289322008,19.85124121420259,0.17605509598971303,P48
90,2458560.892228,r,41.64182581790991,6.753805289322008,19.85124121420259,0.17605509598971303,P48
91,2458569.971713,r,160.44535740110518,373.8669565335447,15.720782282608315,99.0,P48
92,2458573.92355905,r,32.10338773145944,7.631887934748491,20.133688462185336,0.25805420980699945,P48
93,2458573.92355905,r,32.10338773145944,7.631887934748491,20.133688462185336,0.25805420980699945,P48
94,2458577.9260185002,r,29.064215413181355,22.729317193513154,18.76110901572341,99.0,P48
95,2458581.9111458,r,12.030967443421659,12.985121418484496,19.368959951930268,99.0,P48
96,2458584.9054630003,r,12.625042045899969,9.823468566528712,19.671912839619097,99.0,P48
97,2458591.911631933,r,19.302163880508598,10.090449510363358,19.64279870500426,99.0,P48
98,2458591.911631933,r,19.302163880508598,10.090449510363358,19.64279870500426,99.0,P48
99,2458591.911631933,r,19.302163880508598,10.090449510363358,19.64279870500426,99.0,P48
100,2458597.888588,r,4.186190981925927,8.973800481311079,19.770133965578083,99.0,P48
101,2458867.0334722,r,-4.47879108716135,8.386432739220227,19.843631818649257,99.0,P48
102,2458886.0178008997,r,-0.05956753293739206,11.209618507934506,19.528597907431255,99.0,P48
103,2458890.9900231003,r,16.443635930825817,30.09604426618601,18.45630144670887,99.0,P48
104,2458891.9821412005,r,3.1761568270965927,13.095744516970546,19.35974950441784,99.0,P48
105,2458894.0449769,r,5.113069638571059,9.984020757060383,19.654311301035584,99.0,P48
106,2458895.0336111,r,6.048752691922073,9.393020905959585,19.72056176680281,99.0,P48
107,2458912.0111343,r,1.2329102289241478,11.811865264496756,19.47177877812497,99.0,P48
108,2458915.0470717996,r,2.7606547970520396,7.751280378005809,19.929141373160537,99.0,P48
109,2458955.955081,r,-2.344014905368745,10.8939618051279,19.559610368465613,99.0,P48
110,2458976.84847805,r,4.89629232510021,12.718120640600654,19.391517638496566,99.0,P48
111,2458976.84847805,r,4.89629232510021,12.718120640600654,19.391517638496566,99.0,P48
112,2458985.89174765,r,-1.508894512228592,5.311230739939134,20.33958706610281,99.0,P48
113,2458985.89174765,r,-1.508894512228592,5.311230739939134,20.33958706610281,99.0,P48
114,2458987.82767935,r,-0.7484172430877578,4.287006258362686,20.572189695376146,99.0,P48
115,2458987.82767935,r,-0.7484172430877578,4.287006258362686,20.572189695376146,99.0,P48
116,2459028.738125,r,-0.21412030720422412,10.041575800112966,19.648070311820405,99.0,P48
117,2459089.7210417003,r,7.071633577357373,20.66116921592491,18.864687752631696,99.0,P48
118,2459093.7177894,r,-5.529664230199439,15.488190357113853,19.17757329496066,99.0,P48
119,2459094.80516205,r,-5.297375754270056,18.006710326825083,19.0139890437857,99.0,P48
120,2459094.80516205,r,-5.297375754270056,18.006710326825083,19.0139890437857,99.0,P48
121,2459097.7598032,r,2.061787166522078,18.183273035864605,19.00339483904711,99.0,P48
122,2459099.72183445,r,1.7720871927629913,8.01898795810489,19.89227608588862,99.0,P48
123,2459099.72183445,r,1.7720871927629913,8.01898795810489,19.89227608588862,99.0,P48
124,2459124.72124425,r,3.5591948147099584,13.548110686515027,19.3228781488516,99.0,P48
125,2459124.72124425,r,3.5591948147099584,13.548110686515027,19.3228781488516,99.0,P48
126,2459130.702037,r,6.808516292250532,9.64976968958696,19.691282618685214,99.0,P48
127,2459135.6757292002,r,-3.4103161927511305,10.673016158860948,19.581857071797103,99.0,P48
128,2459146.6134028,r,-21.001689170754034,43.4144318697761,18.05848968383851,99.0,P48
129,2459149.5931134,r,10.871659147192302,23.078349041870887,18.74456314559054,99.0,P48
130,2459151.5924537,r,6.795675383281232,13.025336606046638,19.36560260083187,99.0,P48
131,2458202.82543518,g,0.5445728505177613,3.8183500857082264,20.697885628648397,99.0,P48
132,2458202.82543518,g,0.5445728505177613,3.8183500857082264,20.697885628648397,99.0,P48
133,2458202.82543518,g,0.5445728505177613,3.8183500857082264,20.697885628648397,99.0,P48
134,2458202.82543518,g,0.5445728505177613,3.8183500857082264,20.697885628648397,99.0,P48
135,2458202.82543518,g,0.5445728505177613,3.8183500857082264,20.697885628648397,99.0,P48
136,2458203.88131365,g,11.795573298371256,6.376369052629317,20.141141375936808,99.0,P48
137,2458203.88131365,g,11.795573298371256,6.376369052629317,20.141141375936808,99.0,P48
138,2458204.859075525,g,1.3842390418186061,5.3372394963097385,20.33428326115039,99.0,P48
139,2458204.859075525,g,1.3842390418186061,5.3372394963097385,20.33428326115039,99.0,P48
140,2458204.859075525,g,1.3842390418186061,5.3372394963097385,20.33428326115039,99.0,P48
141,2458204.859075525,g,1.3842390418186061,5.3372394963097385,20.33428326115039,99.0,P48
142,2458204.859075525,g,1.3842390418186061,5.3372394963097385,20.33428326115039,99.0,P48
143,2458204.859075525,g,1.3842390418186061,5.3372394963097385,20.33428326115039,99.0,P48
144,2458204.859075525,g,1.3842390418186061,5.3372394963097385,20.33428326115039,99.0,P48
145,2458204.859075525,g,1.3842390418186061,5.3372394963097385,20.33428326115039,99.0,P48
146,2458205.892864583,g,0.5959499556138388,6.074890655952899,20.19372882584772,99.0,P48
147,2458205.892864583,g,0.5959499556138388,6.074890655952899,20.19372882584772,99.0,P48
148,2458205.892864583,g,0.5959499556138388,6.074890655952899,20.19372882584772,99.0,P48
149,2458205.892864583,g,0.5959499556138388,6.074890655952899,20.19372882584772,99.0,P48
150,2458205.892864583,g,0.5959499556138388,6.074890655952899,20.19372882584772,99.0,P48
151,2458205.892864583,g,0.5959499556138388,6.074890655952899,20.19372882584772,99.0,P48
152,2458206.8672801,g,0.2307712264652674,5.070906117969339,20.38986106376902,99.0,P48
153,2458206.8672801,g,0.2307712264652674,5.070906117969339,20.38986106376902,99.0,P48
154,2458206.8672801,g,0.2307712264652674,5.070906117969339,20.38986106376902,99.0,P48
155,2458206.8672801,g,0.2307712264652674,5.070906117969339,20.38986106376902,99.0,P48
156,2458206.8672801,g,0.2307712264652674,5.070906117969339,20.38986106376902,99.0,P48
157,2458207.8581886627,g,4.695160847484501,4.764045321356876,20.457635278248986,99.0,P48
158,2458207.8581886627,g,4.695160847484501,4.764045321356876,20.457635278248986,99.0,P48
159,2458207.8581886627,g,4.695160847484501,4.764045321356876,20.457635278248986,99.0,P48
160,2458207.8581886627,g,4.695160847484501,4.764045321356876,20.457635278248986,99.0,P48
161,2458207.8581886627,g,4.695160847484501,4.764045321356876,20.457635278248986,99.0,P48
162,2458207.8581886627,g,4.695160847484501,4.764045321356876,20.457635278248986,99.0,P48
163,2458207.8581886627,g,4.695160847484501,4.764045321356876,20.457635278248986,99.0,P48
164,2458207.8581886627,g,4.695160847484501,4.764045321356876,20.457635278248986,99.0,P48
165,2458208.9056481333,g,-13.080175992992508,20.00255810885211,18.899861137310637,99.0,P48
166,2458208.9056481333,g,-13.080175992992508,20.00255810885211,18.899861137310637,99.0,P48
167,2458208.9056481333,g,-13.080175992992508,20.00255810885211,18.899861137310637,99.0,P48
168,2458210.8870172002,g,5.319571676921119,5.2792129700366015,20.346152033321193,99.0,P48
169,2458210.8870172002,g,5.319571676921119,5.2792129700366015,20.346152033321193,99.0,P48
170,2458210.8870172002,g,5.319571676921119,5.2792129700366015,20.346152033321193,99.0,P48
171,2458210.8870172002,g,5.319571676921119,5.2792129700366015,20.346152033321193,99.0,P48
172,2458210.8870172002,g,5.319571676921119,5.2792129700366015,20.346152033321193,99.0,P48
173,2458210.8870172002,g,5.319571676921119,5.2792129700366015,20.346152033321193,99.0,P48
174,2458210.8870172002,g,5.319571676921119,5.2792129700366015,20.346152033321193,99.0,P48
175,2458211.8488773,g,-10.845860683075045,18.9344412514303,18.95944375473107,99.0,P48
176,2458228.9685532004,g,-1.7928926905959317,6.248618082731326,20.163115035961216,99.0,P48
177,2458229.7853587996,g,1.1519889162026613,7.183947149869971,20.01166716741588,99.0,P48
178,2458234.8874421,g,-5.727248972376185,9.313585718311717,19.72978269920206,99.0,P48
179,2458234.8874421,g,-5.727248972376185,9.313585718311717,19.72978269920206,99.0,P48
180,2458236.7988079,g,11.257492637544445,16.08388467060661,19.136597613319452,99.0,P48
181,2458237.8960789554,g,3.1537300673679343,5.78403447803797,20.246997806462005,99.0,P48
182,2458237.8960789554,g,3.1537300673679343,5.78403447803797,20.246997806462005,99.0,P48
183,2458237.8960789554,g,3.1537300673679343,5.78403447803797,20.246997806462005,99.0,P48
184,2458237.8960789554,g,3.1537300673679343,5.78403447803797,20.246997806462005,99.0,P48
185,2458237.8960789554,g,3.1537300673679343,5.78403447803797,20.246997806462005,99.0,P48
186,2458237.8960789554,g,3.1537300673679343,5.78403447803797,20.246997806462005,99.0,P48
187,2458237.8960789554,g,3.1537300673679343,5.78403447803797,20.246997806462005,99.0,P48
188,2458237.8960789554,g,3.1537300673679343,5.78403447803797,20.246997806462005,99.0,P48
189,2458237.8960789554,g,3.1537300673679343,5.78403447803797,20.246997806462005,99.0,P48
190,2458238.6974537005,g,-7.089470789081916,28.33847279713177,18.521633884759794,99.0,P48
191,2458244.7555556,g,-0.42372596520834693,7.620478957713616,19.947619318634068,99.0,P48
192,2458247.8238310004,g,2.0287397297297782,4.199350143630021,20.594619769636687,99.0,P48
193,2458255.8659953997,g,-0.14556039429057435,5.194327028622193,20.363751767120895,99.0,P48
194,2458261.7481134,g,-0.24969679512115248,8.519440875671782,19.826547255934067,99.0,P48
195,2458266.909456,g,9.043602213641586,17.011332598721584,19.075729149631368,99.0,P48
196,2458269.8064005002,g,1.2117755305872648,12.725862070106729,19.39085695965189,99.0,P48
197,2458272.8861921,g,-3.794704791089133,7.9024815608148264,19.908166261270885,99.0,P48
198,2458278.8662616,g,-1.677073416055342,4.433581726846294,20.535688192953014,99.0,P48
199,2458281.7638542005,g,-1.4420473400690745,4.245073804563226,20.582861876010426,99.0,P48
200,2458284.7635764,g,-3.064406854576464,5.337347749705007,20.334261239759243,99.0,P48
201,2458290.7234259,g,-1.9349694016244894,6.513578278598619,20.118025897265454,99.0,P48
202,2458293.7191435,g,-12.595587682606402,10.71563480476783,19.577530228727127,99.0,P48
203,2458297.7450231,g,-1.1537658092372551,14.57700820499034,19.243403993572556,99.0,P48
204,2458300.9522685003,g,3.0672832081926793,13.019300682743252,19.36610584612604,99.0,P48
205,2458314.865668375,g,-0.3338604540866488,2.8301438637776664,21.023053708072933,99.0,P48
206,2458314.865668375,g,-0.3338604540866488,2.8301438637776664,21.023053708072933,99.0,P48
207,2458314.865668375,g,-0.3338604540866488,2.8301438637776664,21.023053708072933,99.0,P48
208,2458314.865668375,g,-0.3338604540866488,2.8301438637776664,21.023053708072933,99.0,P48
209,2458315.9123494998,g,-1.5221737946275542,7.4456734004537095,19.972815033511086,99.0,P48
210,2458319.7000579,g,3.2146480336388827,9.398201156901683,19.71996314834987,99.0,P48
211,2458320.6885126997,g,0.8225018102246554,5.032580413250912,20.398098181648123,99.0,P48
212,2458320.6885126997,g,0.8225018102246554,5.032580413250912,20.398098181648123,99.0,P48
213,2458322.71118635,g,-5.289214683400186,5.376251342896513,20.32637607905604,99.0,P48
214,2458322.71118635,g,-5.289214683400186,5.376251342896513,20.32637607905604,99.0,P48
215,2458323.8561759396,g,-1.426569311021073,2.856868479830855,21.01284937052587,99.0,P48
216,2458323.8561759396,g,-1.426569311021073,2.856868479830855,21.01284937052587,99.0,P48
217,2458323.8561759396,g,-1.426569311021073,2.856868479830855,21.01284937052587,99.0,P48
218,2458323.8561759396,g,-1.426569311021073,2.856868479830855,21.01284937052587,99.0,P48
219,2458323.8561759396,g,-1.426569311021073,2.856868479830855,21.01284937052587,99.0,P48
220,2458324.8621257665,g,0.3291978622857005,8.18564860210624,19.86994224644993,99.0,P48
221,2458324.8621257665,g,0.3291978622857005,8.18564860210624,19.86994224644993,99.0,P48
222,2458324.8621257665,g,0.3291978622857005,8.18564860210624,19.86994224644993,99.0,P48
223,2458326.6886400497,g,9.234748587418078,9.917339489210987,19.66158703864489,99.0,P48
224,2458326.6886400497,g,9.234748587418078,9.917339489210987,19.66158703864489,99.0,P48
225,2458327.6987384,g,7.712219310430761,16.63589885169368,19.099959311316994,99.0,P48
226,2458329.9098785,g,-9.049022324103616,11.317460812575375,19.518202490665573,99.0,P48
227,2458329.9098785,g,-9.049022324103616,11.317460812575375,19.518202490665573,99.0,P48
228,2458330.7140431996,g,0.7977829357108198,3.8608749611714797,20.68586064733279,99.0,P48
229,2458330.7140431996,g,0.7977829357108198,3.8608749611714797,20.68586064733279,99.0,P48
230,2458330.7140431996,g,0.7977829357108198,3.8608749611714797,20.68586064733279,99.0,P48
231,2458332.6985185,g,1.1380362638270665,4.666030695649236,20.480206010437804,99.0,P48
232,2458338.67625,g,0.6486439793415089,4.840685382004784,20.44030784716187,99.0,P48
233,2458343.8113657003,g,-2.5913562963251002,5.097918064621797,20.384092861487964,99.0,P48
234,2458346.8382407003,g,-0.6885022466597966,5.460483514402254,20.30949723846974,99.0,P48
235,2458431.5751157003,g,-24.594186936494467,21.256744697517217,18.833833097881875,99.0,P48
236,2458481.0324884,g,9.327200153209514,13.09014818351423,19.36021358192778,99.0,P48
237,2458488.0116782,g,0.03451042977942178,5.514439688867273,20.29882151108857,99.0,P48
238,2458493.0295255003,g,-4.107777643446028,7.25925375349182,20.000345044640515,99.0,P48
239,2458504.0560417003,g,-3.3142573201925916,14.383384200343295,19.2579222861052,99.0,P48
240,2458507.0109143998,g,-9.342098490769628,20.280949017141914,18.884854305891228,99.0,P48
241,2458510.0277198995,g,1.93918158482401,14.980239897649025,19.21377806833629,99.0,P48
242,2458513.0511111,g,-1.137996840669645,6.764102383651952,20.07704955766527,99.0,P48
243,2458524.9337616,g,0.5274261316423983,7.141645971032137,20.01807919579992,99.0,P48
244,2458539.902075633,g,120.76652289460336,10.18529358733903,18.695199216558894,0.09154967721233098,P48
245,2458539.902075633,g,120.76652289460336,10.18529358733903,18.695199216558894,0.09154967721233098,P48
246,2458539.902075633,g,120.76652289460336,10.18529358733903,18.695199216558894,0.09154967721233098,P48
247,2458540.9289660663,g,372.3844917140541,5.249515631836824,17.472586657024905,0.015302326882974789,P48
248,2458540.9289660663,g,372.3844917140541,5.249515631836824,17.472586657024905,0.015302326882974789,P48
249,2458540.9289660663,g,372.3844917140541,5.249515631836824,17.472586657024905,0.015302326882974789,P48
250,2458541.96032405,g,483.14086864990577,6.50783135514878,17.18988118278646,0.014621513919438075,P48
251,2458541.96032405,g,483.14086864990577,6.50783135514878,17.18988118278646,0.014621513919438075,P48
252,2458556.9719521664,g,103.71798455219334,4.125137730452801,18.860430449859166,0.04317319725927726,P48
253,2458556.9719521664,g,103.71798455219334,4.125137730452801,18.860430449859166,0.04317319725927726,P48
254,2458556.9719521664,g,103.71798455219334,4.125137730452801,18.860430449859166,0.04317319725927726,P48
255,2458557.8958217497,g,94.98411595248983,5.608499262508965,18.95593815987465,0.06409520042802372,P48
256,2458557.8958217497,g,94.98411595248983,5.608499262508965,18.95593815987465,0.06409520042802372,P48
257,2458557.8958217497,g,94.98411595248983,5.608499262508965,18.95593815987465,0.06409520042802372,P48
258,2458557.8958217497,g,94.98411595248983,5.608499262508965,18.95593815987465,0.06409520042802372,P48
259,2458558.9102237667,g,90.1261056751846,5.8440260949000615,19.01293910797223,0.0703868238674013,P48
260,2458558.9102237667,g,90.1261056751846,5.8440260949000615,19.01293910797223,0.0703868238674013,P48
261,2458558.9102237667,g,90.1261056751846,5.8440260949000615,19.01293910797223,0.0703868238674013,P48
262,2458559.8208102,g,97.14499694776413,17.06128687647571,18.931514524866255,0.19064313640745484,P48
263,2458561.00695025,g,79.09554349398428,6.94589209869194,19.15468558580399,0.09532478746673695,P48
264,2458561.00695025,g,79.09554349398428,6.94589209869194,19.15468558580399,0.09532478746673695,P48
265,2458561.9854397997,g,163.92440170746886,169.2668154729926,16.58114543011892,99.0,P48
266,2458568.9054976753,g,46.33645270169617,4.977845879333164,19.735258664262734,0.11661340881664757,P48
267,2458568.9054976753,g,46.33645270169617,4.977845879333164,19.735258664262734,0.11661340881664757,P48
268,2458568.9054976753,g,46.33645270169617,4.977845879333164,19.735258664262734,0.11661340881664757,P48
269,2458568.9054976753,g,46.33645270169617,4.977845879333164,19.735258664262734,0.11661340881664757,P48
270,2458573.8614699,g,44.96832129481809,6.769685749654737,19.767798934049786,0.16341490341773152,P48
271,2458581.8255207995,g,27.24082321150727,5.920063481932365,20.312015052982403,0.23590435794623735,P48
272,2458587.8632292002,g,30.585231919230267,12.310034641466698,19.426926801474906,99.0,P48
273,2458591.7362847,g,14.130650646807846,8.966565599914365,19.771009663772844,99.0,P48
274,2458591.7362847,g,14.130650646807846,8.966565599914365,19.771009663772844,99.0,P48
275,2458591.7362847,g,14.130650646807846,8.966565599914365,19.771009663772844,99.0,P48
276,2458591.7362847,g,14.130650646807846,8.966565599914365,19.771009663772844,99.0,P48
277,2458594.7682292005,g,14.8350147304917,16.731943736827713,19.093709000300848,99.0,P48
278,2458597.9741435,g,13.501548119665324,7.7653369906656655,19.92717422051465,99.0,P48
279,2458867.0748611,g,5.601419738977324,8.889445136196649,19.780388354397086,99.0,P48
280,2458878.0412037005,g,5.806905842350652,6.456398326443079,20.12759919849024,99.0,P48
281,2458891.0234954,g,13.743787343317946,19.333989052655422,18.936771318286155,99.0,P48
282,2458893.987662,g,-1.4641138243013778,8.04028152068925,19.88939685088913,99.0,P48
283,2458895.0505207996,g,-5.480893058597306,6.314981590093425,20.151644767146344,99.0,P48
284,2458900.0357755,g,-6.185203331963803,5.695917097865009,20.263665839993926,99.0,P48
285,2458904.0340625,g,-0.4532981997271974,5.46110321440436,20.309374027301658,99.0,P48
286,2458906.031169,g,7.771907525526067,8.915345583886758,19.777229533374744,99.0,P48
287,2458909.0540741,g,-3.6549192544317775,8.555913590552244,19.82190901462156,99.0,P48
288,2458912.046794,g,0.10792869900333674,8.236179535638414,19.863260476711424,99.0,P48
289,2458913.0354744997,g,-3.091982397721227,4.987067645923803,20.40796184129693,99.0,P48
290,2458917.8850347,g,-30.280840537277403,147.4459718257867,16.730992708482113,99.0,P48
291,2458955.9643287,g,-3.0889715566287816,6.571279220694869,20.108450186108847,99.0,P48
292,2458956.8835069,g,29.951023381417926,23.92755932346862,18.705328985042563,99.0,P48
293,2458976.96735535,g,-1.5764857270078303,10.505609266194751,19.59902187889152,99.0,P48
294,2458976.96735535,g,-1.5764857270078303,10.505609266194751,19.59902187889152,99.0,P48
295,2458981.82612845,g,-6.368268490630688,8.123070083079147,19.878274488671885,99.0,P48
296,2458981.82612845,g,-6.368268490630688,8.123070083079147,19.878274488671885,99.0,P48
297,2458986.8892650497,g,-1.4605758746173858,2.7923224098542763,21.037661084711317,99.0,P48
298,2458986.8892650497,g,-1.4605758746173858,2.7923224098542763,21.037661084711317,99.0,P48
299,2459028.8457407,g,1.391788017513169,5.683168859433416,20.26609858896073,99.0,P48
300,2459088.8157755,g,-5.038488063838174,11.23365847342582,19.52627194844593,99.0,P48
301,2459090.7936573997,g,6.521652571407543,13.957831291673081,19.290530127400977,99.0,P48
302,2459093.6786227003,g,-3.062910231532757,14.0429989398261,19.283925331509664,99.0,P48
303,2459094.69594325,g,-8.604529446422625,11.855992145363127,19.46773023187567,99.0,P48
304,2459094.69594325,g,-8.604529446422625,11.855992145363127,19.46773023187567,99.0,P48
305,2459097.7052431,g,-2.428764931624126,11.75703233411215,19.476830707676946,99.0,P48
306,2459099.67949655,g,-4.193375601767364,3.3587367158001866,20.837135084763133,99.0,P48
307,2459099.67949655,g,-4.193375601767364,3.3587367158001866,20.837135084763133,99.0,P48
308,2459124.63235535,g,4.3232807062044385,10.486812883729613,19.60096619177442,99.0,P48
309,2459124.63235535,g,4.3232807062044385,10.486812883729613,19.60096619177442,99.0,P48
310,2459128.6738079,g,-2.782807961788121,9.038987663009154,19.76227550505889,99.0,P48
311,2459130.6773842997,g,0.33997048066239055,6.409524865208983,20.135510397447916,99.0,P48
312,2459135.6165509,g,1.7579689564058665,5.335476520562185,20.334641956464985,99.0,P48
313,2459146.6342014,g,298.3841970230871,250.01736804712053,16.15764954162957,99.0,P48
314,2458541.5669,i,252.08252383845561,18.574746161072532,17.89614315419055,0.08,LT+IOO
315,2458541.5679,z,195.00021484774499,7.18431297219287,18.174912275348337,0.04,LT+IOO
316,2458541.5689,r,349.6953093927949,3.220920230199824,17.540775482556086,0.01,LT+IOO
317,2458541.57,g,476.90287651999324,4.392584291424824,17.203925145094864,0.01,LT+IOO
318,2458542.6032,i,276.4029910176107,5.09170104112758,17.796143154190553,0.02,LT+IOO
319,2458542.6038,z,236.61108653452916,13.076047888064611,17.964912275348336,0.06,LT+IOO
320,2458542.6045,r,386.9811465194955,14.257387732135781,17.430775482556086,0.04,LT+IOO
321,2458542.6051,g,494.8002859748429,13.672293063687285,17.16392514509486,0.03,LT+IOO
322,2458543.7739,i,271.35806787611057,12.49691755899929,17.816143154190552,0.05,LT+IOO
323,2458543.7745,z,238.8004219627132,13.197039069506115,17.954912275348338,0.06,LT+IOO
324,2458543.7752,r,366.17594158468785,10.118152572110743,17.490775482556085,0.03,LT+IOO
325,2458543.7758,g,447.1260180188101,12.35496043157806,17.273925145094864,0.03,LT+IOO
326,2458544.5807,i,268.87024215603077,9.905876104118292,17.82614315419055,0.04,LT+IOO
327,2458544.5813,z,250.05473912375828,13.818996359422949,17.904912275348337,0.06,LT+IOO
328,2458544.582,r,330.89469690277133,12.191017662439764,17.600775482556084,0.04,LT+IOO
329,2458544.5826,g,382.32257447256234,17.607192340083003,17.443925145094862,0.05,LT+IOO
330,2458545.5842,i,245.21257522654807,6.775699785204423,17.92614315419055,0.03,LT+IOO
331,2458545.5848,z,234.44182305419824,19.434248940663018,17.974912275348338,0.09,LT+IOO
332,2458545.5855,r,280.34305840977163,2.5821410924727974,17.780775482556084,0.01,LT+IOO
333,2458545.5861,g,345.4855932142863,9.546438055106004,17.553925145094862,0.03,LT+IOO
334,2458546.5888,i,219.55469992753012,4.044481899742657,18.046143154190553,0.02,LT+IOO
335,2458546.5894,z,228.05263251318226,4.20102482293787,18.004912275348335,0.02,LT+IOO
336,2458546.5902,r,258.04164805724855,4.753461325545704,17.870775482556084,0.02,LT+IOO
337,2458546.5908,g,306.49962109255574,11.292239885513704,17.68392514509486,0.04,LT+IOO
338,2458547.5839,i,203.95893629223121,11.271563210402388,18.12614315419055,0.06,LT+IOO
339,2458547.5845,z,213.81348382378943,5.908081896208604,18.074912275348336,0.03,LT+IOO
340,2458547.5852,r,228.92319943017117,4.2170617929477965,18.000775482556087,0.02,LT+IOO
341,2458547.5858,g,284.7278455557708,2.6225278212744842,17.763925145094863,0.01,LT+IOO
342,2458547.8975,UVW1,187.06821403658034,10.338116277235716,18.22,0.06,Swift+UVOT
343,2458547.8983,u,300.5999465705474,19.381041042588485,17.705027752354468,0.07,Swift+UVOT
344,2458547.8987,B,304.78949896279795,22.458469113957662,17.69,0.08,Swift+UVOT
345,2458547.8999,UVW2,123.59474334445095,6.830325689110302,19.05,0.09,Swift+UVOT
346,2458547.901,V,195.8844673505987,36.084455623210594,18.17,0.2,Swift+UVOT
347,2458547.9028,UVM2,161.43585568264888,7.434643809645799,18.38,0.05,Swift+UVOT
348,2458549.5884,i,142.41073842034717,6.558475565089212,18.51614315419055,0.05,LT+IOO
349,2458549.5889,z,156.32739459932185,8.639259165477858,18.414912275348335,0.06,LT+IOO
350,2458549.5897,r,165.84019776263477,4.582486813004553,18.350775482556084,0.03,LT+IOO
351,2458549.5903,g,228.2600678176967,6.307269074818919,18.00392514509486,0.03,LT+IOO
352,2458551.1536,UVW1,99.08319448927686,7.300963027670764,18.91,0.08,Swift+UVOT
353,2458551.1545,u,191.42069956128373,15.867977305439377,18.195027752354466,0.09,Swift+UVOT
354,2458551.1549,B,244.3430552693974,20.255019779170826,17.93,0.09,Swift+UVOT
355,2458551.1564,UVW2,66.06934480075951,4.868331568629235,19.81,0.11,Swift+UVOT
356,2458551.1576,V,197.6969640111862,36.418340980231406,18.16,0.2,Swift+UVOT
357,2458551.1599,UVM2,80.1678063387679,5.168781840023721,19.14,0.07,Swift+UVOT
358,2458553.6052,UVW1,87.09635899560796,7.21992475785642,19.05,0.09,Swift+UVOT
359,2458553.6067,u,152.0508663722015,14.004869335194023,18.445027752354466,0.1,Swift+UVOT
360,2458553.6074,B,159.9558028614668,17.679558205191135,18.39,0.12,Swift+UVOT
361,2458553.6087,UVW2,46.98941086052161,3.8952261006235096,20.24,0.13,Swift+UVOT
362,2458553.6112,V,201.37242498623877,35.240638065197906,18.14,0.19,Swift+UVOT
363,2458553.6131,UVM2,53.95106225151279,3.9753937368711645,19.57,0.08,Swift+UVOT
364,2458554.5834,i,66.3044593768493,3.6642420213787945,19.346143154190553,0.06,LT+IOO
365,2458554.584,z,69.50804760083977,9.603211881851308,19.294912275348338,0.15,LT+IOO
366,2458554.5847,r,77.92733189858586,4.306567112383855,19.170775482556085,0.06,LT+IOO
367,2458555.5764,i,54.14305266959705,4.98692573174883,19.566143154190552,0.1,LT+IOO
368,2458555.577,z,89.95702615231473,7.457062129233052,19.014912275348337,0.09,LT+IOO
369,2458555.5777,r,69.7733872552827,5.141264603870881,19.290775482556086,0.08,LT+IOO
370,2458555.5783,g,109.2521373331558,4.025131706112399,18.803925145094862,0.04,LT+IOO
371,2458556.5628,i,55.659940574665896,2.5633204648920462,19.53614315419055,0.05,LT+IOO
372,2458556.5634,z,62.235056743936035,5.732251703411258,19.414912275348335,0.1,LT+IOO
373,2458556.5641,r,67.2496157131963,1.8582375162530063,19.330775482556085,0.03,LT+IOO
374,2458556.5647,g,111.28328621405817,7.174937860351912,18.783925145094862,0.07,LT+IOO
375,2458557.5563,i,55.14964717221201,11.175207127094632,19.546143154190553,0.22,LT+IOO
376,2458557.5574,z,63.97865264759207,8.83927226410501,19.384912275348338,0.15,LT+IOO
377,2458557.5587,r,59.1139264601236,4.9002978552188665,19.470775482556085,0.09,LT+IOO
378,2458557.5596,g,103.3784323032709,6.6652760995016695,18.863925145094864,0.07,LT+IOO
379,2458559.5479,i,44.212262341532806,6.515577023713041,19.78614315419055,0.16,LT+IOO
380,2458559.5503,r,47.39033808379366,7.856922589189331,19.710775482556084,0.18,LT+IOO
381,2458559.5515,g,82.87622140494058,12.213498595183285,19.103925145094863,0.16,LT+IOO
382,2458560.7143,i,43.405297610059755,5.9968634443298905,19.80614315419055,0.15,LT+IOO
383,2458560.7155,z,50.82005021759973,7.9574546716330055,19.634912275348338,0.17,LT+IOO
384,2458560.7167,r,45.67618328451262,6.310608356522881,19.750775482556087,0.15,LT+IOO
385,2458560.7179,g,79.87850755836804,15.450388309162095,19.14392514509486,0.21,LT+IOO
386,2458560.9073,r,41.65717425588281,2.6858268379034693,19.850775482556084,0.07,P60+SEDM
387,2458560.91,g,85.98643470325086,7.127916665094019,19.063925145094863,0.09,P60+SEDM
388,2458561.5301,i,38.507270729061396,7.4482148412111,19.936143154190553,0.21,LT+IOO
389,2458561.5313,z,53.21512539622906,6.86204067004888,19.584912275348337,0.14,LT+IOO
390,2458561.5326,r,53.41826853534957,12.792437891858604,19.580775482556085,0.26,LT+IOO
391,2458561.5338,g,90.87196974925266,8.369896817652451,19.00392514509486,0.1,LT+IOO
392,2458562.5486,i,47.592962426536324,4.821982008767611,19.706143154190553,0.11,LT+IOO
393,2458562.5498,z,54.20446844281886,9.485906792056353,19.564912275348338,0.19,LT+IOO
394,2458562.5522,g,85.19810633141711,14.909864790429447,19.07392514509486,0.19,LT+IOO
395,2458564.5492,g,47.69028765199933,14.05626973255944,19.703925145094864,0.32,LT+IOO
396,2458566.5354,g,54.75577647787116,3.5303530933508163,19.553925145094862,0.07,LT+IOO
397,2458566.5374,r,36.61759415846874,6.745435048073821,19.990775482556085,0.2,LT+IOO
398,2458566.5394,i,36.10295402597712,7.315694838090601,20.00614315419055,0.22,LT+IOO
399,2458566.5414,z,36.47834192831707,7.72775043153074,19.994912275348337,0.23,LT+IOO
400,2458566.5441,i,32.0289527164756,11.21028095446323,20.136143154190552,0.38,LT+IOO
401,2458566.5453,z,37.84731631255453,11.155145270348577,19.954912275348338,0.32,LT+IOO
402,2458566.5466,r,28.034305840977133,7.7464232774183825,20.280775482556084,0.3,LT+IOO
403,2458566.5477,g,52.29136057821394,4.334735610241553,19.603925145094863,0.09,LT+IOO
404,2458569.2984,UVW1,43.25138310350097,5.5772254163121815,19.81,0.14,Swift+UVOT
405,2458569.2992,u,82.79210010665224,15.251377011449247,19.105027752354466,0.2,Swift+UVOT
406,2458569.2997,B,123.59474334445095,23.906139911886058,18.67,0.21,Swift+UVOT
407,2458569.3013,UVW2,20.137242498623895,3.153109721622973,21.29,0.24,Swift+UVOT
408,2458569.3024,V,54.4502652842422,45.136998025069516,19.56,0.9,Swift+UVOT
409,2458569.3048,UVM2,25.351286304979073,3.0355229065554754,20.39,0.13,Swift+UVOT
410,2458581.6846,i,22.57058098557687,6.444579631140121,20.51614315419055,0.31,LT+IOO
411,2458581.69,r,23.317919946536822,7.087513661561344,20.480775482556083,0.33,LT+IOO
412,2458581.6922,g,29.002133142231077,5.342568507365032,20.243925145094863,0.2,LT+IOO
413,2458582.6083,i,19.122414964061203,2.113557884947356,20.69614315419055,0.12,LT+IOO
414,2458582.6102,r,22.474488015012444,4.140091740814671,20.520775482556086,0.2,LT+IOO
415,2458582.6117,g,29.814665550647536,3.8445732495999403,20.213925145094862,0.14,LT+IOO
416,2458583.6729,r,20.49697667866587,6.985245805569099,20.620775482556084,0.37,LT+IOO
417,2458583.6745,g,27.953097669488976,7.723983882146718,20.283925145094862,0.3,LT+IOO
418,2458586.5948,i,18.60127606820161,5.4825535063318735,20.726143154190552,0.32,LT+IOO
419,2458586.5967,r,17.68845116776853,4.3988963943055195,20.780775482556084,0.27,LT+IOO
420,2458586.5983,g,21.400796728419724,5.913455852008766,20.57392514509486,0.3,LT+IOO
421,2458587.627,g,21.010188167114876,4.450901057784306,20.59392514509486,0.23,LT+IOO
422,2458587.629,r,16.132059196422563,4.60618803618955,20.880775482556086,0.31,LT+IOO
423,2458587.631,i,19.299352491234686,6.221583652880297,20.686143154190553,0.35,LT+IOO
424,2458598.6717,i,10.128444165390013,4.198028805770936,21.386143154190552,0.45,LT+IOO
425,2458602.5514,g,6.229166537767516,0.9179945160198973,21.91392514509486,0.16,LT+IOO
426,2458575.2,UVW2,0,0,21.3,0.2,Swift+UVOT
