,JD,Filter,Flux,eFlux,Mag,eMag,Telescope
0,2458320.986875,r,18.915767935762364,48.87477088896674,17.929863152760923,99.0,P48
1,2458324.9864699,r,3.7370471986149303,5.791236910392102,20.245646660157785,99.0,P48
2,2458333.9869097,r,-9.777757498054646,10.916949161546539,19.557321769480033,99.0,P48
3,2458337.9843866,r,2.806187820012987,4.512018699959947,20.51664776190315,99.0,P48
4,2458340.9571412,r,-1.096555171436111,7.189811394480265,20.01078124422181,99.0,P48
5,2458343.9989815,r,-1.447131834624947,4.169507275636488,20.6023631491569,99.0,P48
6,2458346.9402198996,r,-1.287094065329718,4.26721793324113,20.57721293041388,99.0,P48
7,2458349.9941667,r,1.6397238051991836,3.5727237883153866,20.77007638501501,99.0,P48
8,2458352.9942361,r,3.3814182472827725,3.3764438609207414,20.831426156066712,99.0,P48
9,2458355.94074075,r,5.937563412315231,5.2644932743213255,20.34918355119043,99.0,P48
10,2458355.94074075,r,5.937563412315231,5.2644932743213255,20.34918355119043,99.0,P48
11,2458356.8871875,r,16.533420587590964,11.799239313881843,19.47293996505405,99.0,P48
12,2458356.8871875,r,16.533420587590964,11.799239313881843,19.47293996505405,99.0,P48
13,2458357.8942939998,r,2.9026016541458644,28.623371804192924,18.51077300944212,99.0,P48
14,2458358.9784491,r,5.466219272776012,8.300836180583877,19.854770381616746,99.0,P48
15,2458359.9342245,r,0.21484823887443905,61.712397558515576,17.676643940892312,99.0,P48
16,2458365.0129977,r,0.8227445168774397,6.056377791285739,20.1970425935899,99.0,P48
17,2458367.9987383997,r,-6.582708425169778,4.125431082560986,20.613901648159864,99.0,P48
18,2458370.9961806,r,-4.3210625959917,3.9787133642112127,20.653218357444615,99.0,P48
19,2458373.9642245,r,-5.41667531989294,3.8965321094737377,20.675879340647775,99.0,P48
20,2458376.9225347,r,-0.4069695900330361,3.6702096436630596,20.740847809125327,99.0,P48
21,2458379.9356829,r,-6.255093781364661,3.916627878416507,20.67029421195446,99.0,P48
22,2458382.9816319,r,-3.7641046999429357,4.779901691501438,20.454027577795713,99.0,P48
23,2458383.8956366,r,0.5335789668940892,18.497372831667285,18.984799863521513,99.0,P48
24,2458386.8738542004,r,-2.393610342073506,9.39553443428105,19.720271267755155,99.0,P48
25,2458386.8738542004,r,-2.393610342073506,9.39553443428105,19.720271267755155,99.0,P48
26,2458389.02375,r,6.341321432349624,12.897486520455523,19.376312282531003,99.0,P48
27,2458397.9347106004,r,4.284293472389378,3.364365111579801,20.83531718741242,99.0,P48
28,2458422.8661227003,r,-5.750713296764972,31.66805638891504,18.40102146520063,99.0,P48
29,2458423.8616204,r,-2.2524108605963584,4.765985477998627,20.45719320237697,99.0,P48
30,2458423.8616204,r,-2.2524108605963584,4.765985477998627,20.45719320237697,99.0,P48
31,2458424.7902431,r,-11.670470264608037,53.147783259598995,17.83886210102863,99.0,P48
32,2458425.8075810336,r,-0.28278350209062586,4.934340771038529,20.419502141541592,99.0,P48
33,2458425.8075810336,r,-0.28278350209062586,4.934340771038529,20.419502141541592,99.0,P48
34,2458425.8075810336,r,-0.28278350209062586,4.934340771038529,20.419502141541592,99.0,P48
35,2458428.7751505002,r,-5.772111588305909,4.981050474178622,20.409272632747992,99.0,P48
36,2458429.81873265,r,-1.3861277443771596,3.8935567792834815,20.676708708299902,99.0,P48
37,2458429.81873265,r,-1.3861277443771596,3.8935567792834815,20.676708708299902,99.0,P48
38,2458431.827901233,r,-2.673174479605238,6.861500516830873,20.06152723818783,99.0,P48
39,2458431.827901233,r,-2.673174479605238,6.861500516830873,20.06152723818783,99.0,P48
40,2458431.827901233,r,-2.673174479605238,6.861500516830873,20.06152723818783,99.0,P48
41,2458432.8045081003,r,-2.4988337483070366,5.419598540573255,20.317657196278553,99.0,P48
42,2458432.8045081003,r,-2.4988337483070366,5.419598540573255,20.317657196278553,99.0,P48
43,2458434.82851855,r,-5.333195775557052,6.318507688079419,20.151038693517748,99.0,P48
44,2458434.82851855,r,-5.333195775557052,6.318507688079419,20.151038693517748,99.0,P48
45,2458435.81440395,r,3.8269320631233024,11.477899233735057,19.502918969937998,99.0,P48
46,2458435.81440395,r,3.8269320631233024,11.477899233735057,19.502918969937998,99.0,P48
47,2458436.8096006997,r,4.908388554224118,15.110545787664558,19.204374611189593,99.0,P48
48,2458436.8096006997,r,4.908388554224118,15.110545787664558,19.204374611189593,99.0,P48
49,2458437.8260378004,r,-1.390669839835517,4.179356049369774,20.599801560888274,99.0,P48
50,2458437.8260378004,r,-1.390669839835517,4.179356049369774,20.599801560888274,99.0,P48
51,2458437.8260378004,r,-1.390669839835517,4.179356049369774,20.599801560888274,99.0,P48
52,2458438.7807292,r,1.5129327725354074,75.05461837883087,17.464131436428247,99.0,P48
53,2458439.7777662,r,2.348924861067857,6.925671998282509,20.051420190671948,99.0,P48
54,2458439.7777662,r,2.348924861067857,6.925671998282509,20.051420190671948,99.0,P48
55,2458441.8720254498,r,1.639639063576059,7.9282066765336445,19.904637581573063,99.0,P48
56,2458441.8720254498,r,1.639639063576059,7.9282066765336445,19.904637581573063,99.0,P48
57,2458447.8607407003,r,2.6463204401751983,11.990010667243407,19.455526065457263,99.0,P48
58,2458449.8440625,r,-21.709701653983974,369.44549516861525,15.733699050760048,99.0,P48
59,2458450.8401157,r,1.0674501758353407,15.611405485174064,19.16896997894498,99.0,P48
60,2458455.7843866004,r,2.0563821246945797,5.301115946549048,20.341656731001095,99.0,P48
61,2458455.7843866004,r,2.0563821246945797,5.301115946549048,20.341656731001095,99.0,P48
62,2458457.7369675497,r,7.602708922164811,7.130753501177106,20.019736429567793,99.0,P48
63,2458457.7369675497,r,7.602708922164811,7.130753501177106,20.019736429567793,99.0,P48
64,2458461.7565625,r,-2.0399418617921428,4.366873888831878,20.552148363933693,99.0,P48
65,2458464.7739352,r,4.7411651315450385,5.958399951057484,20.214750860665156,99.0,P48
66,2458474.8123264,r,15.154552237427158,15.88874598714237,19.149850934051408,99.0,P48
67,2458480.7985069,r,9.949327985308877,7.379013011462971,19.98257929880998,99.0,P48
68,2458482.7126331003,r,1.6577809528218683,6.488330668836105,20.12224255169189,99.0,P48
69,2458482.7126331003,r,1.6577809528218683,6.488330668836105,20.12224255169189,99.0,P48
70,2458487.7361457995,r,0.9004551893385072,4.772814341940856,20.455638636556102,99.0,P48
71,2458490.6858102,r,6.055914659366999,4.916446403721519,20.423446716423367,99.0,P48
72,2458493.6337963,r,4.527837428726695,5.981260792208797,20.210593142322132,99.0,P48
73,2458503.6439352003,r,-6.8713644568648,12.816251402430106,19.383172444397317,99.0,P48
74,2458506.7223264,r,30.31537080082349,13.22622427344247,19.348985282554146,99.0,P48
75,2458514.6283912,r,-0.011073910159410555,4.559555571410495,20.50526870612298,99.0,P48
76,2458523.6504977,r,-0.4542016739245329,5.416462537663198,20.318285629796627,99.0,P48
77,2458538.623044,r,-2.441536766151321,12.253732228159203,19.431904024709425,99.0,P48
78,2458542.6503819,r,7.762878951714669,6.5759006634002,20.107686879009634,99.0,P48
79,2458547.6441435004,r,6.706581436896675,6.194414137868786,20.172574395480055,99.0,P48
80,2458557.6213426003,r,-18.091808967866033,14.258408334639347,19.26739736928056,99.0,P48
81,2458572.635815975,r,31.703747833290844,46.05858843829948,17.99429842923462,99.0,P48
82,2458572.635815975,r,31.703747833290844,46.05858843829948,17.99429842923462,99.0,P48
83,2458572.635815975,r,31.703747833290844,46.05858843829948,17.99429842923462,99.0,P48
84,2458572.635815975,r,31.703747833290844,46.05858843829948,17.99429842923462,99.0,P48
85,2458692.9895718,r,14.923435110456117,7.450981498439767,19.972041276658302,99.0,P48
86,2458695.9870023,r,-7.655601882947441,5.810657512005294,20.242011793434138,99.0,P48
87,2458698.9871528,r,-37.50949033857086,62.55959311560115,17.66184020058034,99.0,P48
88,2458701.9840278,r,-18.581228762614586,24.19407897319537,18.693302254363953,99.0,P48
89,2458704.9974884,r,-2.339625139858432,7.361687376615461,19.98513156256834,99.0,P48
90,2458707.9976967997,r,1.4828300161342194,5.315900570986689,20.338632865986817,99.0,P48
91,2458711.9262963,r,1.6458535797062153,10.399543240638902,19.6100393265924,99.0,P48
92,2458714.9569444,r,1.6591625280849671,8.73060698943691,19.79996389221015,99.0,P48
93,2458719.9636921003,r,-6.7683982843632,9.798139714371324,19.67471591943738,99.0,P48
94,2458722.9860069,r,-0.5061630907282219,3.480115555335812,20.79859082741742,99.0,P48
95,2458725.998044,r,-2.702054966596967,3.377927118805406,20.830949301355265,99.0,P48
96,2458728.0161343,r,2.2437808337261282,21.381496005292004,18.827479768302474,99.0,P48
97,2458731.0075463,r,-4.7499107749861,5.368842444591813,20.327873341073605,99.0,P48
98,2458731.0075463,r,-4.7499107749861,5.368842444591813,20.327873341073605,99.0,P48
99,2458732.976794,r,-2.0263583726726586,3.970059788349682,20.655582371147112,99.0,P48
100,2458735.9872222,r,-0.27341878925240415,4.877807404378789,20.43201336763859,99.0,P48
101,2458739.0025347,r,6.434492618195354,6.939552199305309,20.049246371972835,99.0,P48
102,2458739.9530671,r,-7.239159902401518,18.14678361939265,19.00557583723559,99.0,P48
103,2458739.9530671,r,-7.239159902401518,18.14678361939265,19.00557583723559,99.0,P48
104,2458740.97760995,r,-0.6503787925721579,23.330544166661635,18.73276281793401,99.0,P48
105,2458740.97760995,r,-0.6503787925721579,23.330544166661635,18.73276281793401,99.0,P48
106,2458741.9793056,r,15.512473120208394,10.484358401454537,19.601220342603277,99.0,P48
107,2458747.9396758997,r,-9.109632887991207,7.8895262912059385,19.90994766975853,99.0,P48
108,2458748.8826214997,r,4.085299974516547,14.085960261789062,19.280608842009034,99.0,P48
109,2458748.8826214997,r,4.085299974516547,14.085960261789062,19.280608842009034,99.0,P48
110,2458750.9649537,r,-2.6439359809255056,6.836631027766658,20.065469634893617,99.0,P48
111,2458757.8178472,r,-4.169107888823856,18.451337603214142,18.987505351182673,99.0,P48
112,2458761.8959085997,r,55.08311347485434,12.806520897831136,19.547519422280903,0.25237277919923273,P48
113,2458761.8959085997,r,55.08311347485434,12.806520897831136,19.547519422280903,0.25237277919923273,P48
114,2458765.9329051003,r,50.24729899610551,11.288657989161775,19.647283818374998,0.24387058592313302,P48
115,2458765.9329051003,r,50.24729899610551,11.288657989161775,19.647283818374998,0.24387058592313302,P48
116,2458766.9871064997,r,26.84330824653747,7.07323742251209,20.32797552604007,0.28603028924824353,P48
117,2458769.9184838,r,16.485193498147027,14.487611108476594,19.250083039964082,99.0,P48
118,2458775.8387963,r,58.852525571560385,7.14832972615706,19.475652860524878,0.1318467107806357,P48
119,2458776.8196586,r,34.967601159144714,19.16071061777931,18.946545959603046,99.0,P48
120,2458776.8196586,r,34.967601159144714,19.16071061777931,18.946545959603046,99.0,P48
121,2458777.9323785,r,49.173450131085296,16.922792597306906,19.081394909552824,99.0,P48
122,2458777.9323785,r,49.173450131085296,16.922792597306906,19.081394909552824,99.0,P48
123,2458778.8956944332,r,37.58875046463879,7.873862239119967,19.962420899732997,0.22738392085167328,P48
124,2458778.8956944332,r,37.58875046463879,7.873862239119967,19.962420899732997,0.22738392085167328,P48
125,2458778.8956944332,r,37.58875046463879,7.873862239119967,19.962420899732997,0.22738392085167328,P48
126,2458783.8826909503,r,37.258706505958905,13.227102983969703,19.348913151905023,99.0,P48
127,2458783.8826909503,r,37.258706505958905,13.227102983969703,19.348913151905023,99.0,P48
128,2458784.8895718,r,6.74581983769335,11.107367682274209,19.538547118251294,99.0,P48
129,2458786.8484664,r,37.121430987841265,33.65883225054791,18.334827377613962,99.0,P48
130,2458786.8484664,r,37.121430987841265,33.65883225054791,18.334827377613962,99.0,P48
131,2458787.7903202334,r,33.24070071894528,11.427672548624924,19.507680520393066,99.0,P48
132,2458787.7903202334,r,33.24070071894528,11.427672548624924,19.507680520393066,99.0,P48
133,2458787.7903202334,r,33.24070071894528,11.427672548624924,19.507680520393066,99.0,P48
134,2458788.8448495,r,29.735072520657923,13.796712601720008,19.303135945079163,99.0,P48
135,2458788.8448495,r,29.735072520657923,13.796712601720008,19.303135945079163,99.0,P48
136,2458790.8721991,r,11.77051720385185,5.438767633574722,20.31382372822793,99.0,P48
137,2458793.8595602,r,13.714426849357334,6.792208902834971,20.072547402388942,99.0,P48
138,2458796.8169097,r,19.740217017736164,12.23185466424406,19.433844208511417,99.0,P48
139,2458801.8144676,r,3.9632984151982207,19.98278559518742,18.900934917536386,99.0,P48
140,2458803.8329572,r,12.183625351364254,19.822167838558627,18.909697116455884,99.0,P48
141,2458803.8329572,r,12.183625351364254,19.822167838558627,18.909697116455884,99.0,P48
142,2458804.83730325,r,11.236069521045774,7.721962607168368,19.933255753496134,99.0,P48
143,2458804.83730325,r,11.236069521045774,7.721962607168368,19.933255753496134,99.0,P48
144,2458811.7946296004,r,17.54616788091969,8.498454786339172,19.829225068630464,99.0,P48
145,2458812.7653511,r,16.762212522265845,4.421207088153512,20.839237265724325,0.2863118629366894,P48
146,2458812.7653511,r,16.762212522265845,4.421207088153512,20.839237265724325,0.2863118629366894,P48
147,2458812.7653511,r,16.762212522265845,4.421207088153512,20.839237265724325,0.2863118629366894,P48
148,2458814.7110301005,r,6.842800979593212,6.557122106935025,20.1107918111915,99.0,P48
149,2458819.7715625,r,68.76019510269705,28.80032262761003,18.504081607035666,99.0,P48
150,2458833.7677662005,r,-4.305128980968659,8.315379118779438,19.85286985273339,99.0,P48
151,2458846.7594097,r,2.1700226323836938,5.5546524415867315,20.2909327641015,99.0,P48
152,2458850.6299421,r,-16.461128768259186,14.260636164015477,19.267227739823532,99.0,P48
153,2458856.6679398,r,-6.5626180776941405,10.181705090564169,19.633023704910947,99.0,P48
154,2458859.7088425998,r,0.8149970419250092,7.281345926648296,19.997045828484083,99.0,P48
155,2458859.7088425998,r,0.8149970419250092,7.281345926648296,19.997045828484083,99.0,P48
156,2458860.6828587996,r,-16.67138485822615,10.771171580806406,19.571917628917177,99.0,P48
157,2458861.6737037003,r,6.649230236371132,8.899953325991174,19.77910566645712,99.0,P48
158,2458862.697338,r,-6.310495860817204,5.960691506802,20.214333374973986,99.0,P48
159,2458873.7034375,r,2.171324804042945,5.079036761146653,20.38812159869834,99.0,P48
160,2458877.6435532,r,3.2553882281612423,5.758022500955519,20.251891595002725,99.0,P48
161,2458880.6663078996,r,3.7399435103396486,9.388668091709482,19.721065023789883,99.0,P48
162,2458884.6481019,r,-15.412250405726205,14.341145078207118,19.2611154160445,99.0,P48
163,2458887.6283796,r,-6.687308228813847,8.008307338038172,19.89372315944633,99.0,P48
164,2458890.6492244997,r,3.30389069667797,10.381723426081622,19.61190135193275,99.0,P48
165,2458896.6399653,r,-2.2531095722331838,5.042763133527459,20.39590356629232,99.0,P48
166,2458899.624919,r,-1.1376625635652617,6.144188339944737,20.181413689641246,99.0,P48
167,2458904.6748957997,r,-1.6865318768419069,7.908250341230905,19.907373967268082,99.0,P48
168,2458913.6502431,r,10.57721132571381,14.130334211140681,19.27719390436558,99.0,P48
169,2459064.9508102,r,2.2257283212310774,13.307617476612771,19.342324217374014,99.0,P48
170,2459087.9505787003,r,8.615220324222241,5.528548117657752,20.29604725460424,99.0,P48
171,2459090.9861285,r,-3.5937809394772047,3.0369560424986113,20.94647872441076,99.0,P48
172,2459090.9861285,r,-3.5937809394772047,3.0369560424986113,20.94647872441076,99.0,P48
173,2459093.9822569,r,6.035120962337572,8.374140859976402,19.84522433463723,99.0,P48
174,2459094.9141551005,r,5.004102679784693,14.143743606811157,19.276164051682237,99.0,P48
175,2459095.9536806,r,-3.1033449823067047,11.02739801459845,19.546392364272094,99.0,P48
176,2459096.8887037,r,-0.24602339493163525,14.165236169979798,19.274515439924926,99.0,P48
177,2459102.9568403,r,-16.6120703976949,22.559317591034418,18.769260093405027,99.0,P48
178,2459108.9631712995,r,-3.6007788106430016,5.385640998232507,20.324481488214165,99.0,P48
179,2459111.9224653,r,-0.5692125162366617,4.543506156902598,20.509097186907105,99.0,P48
180,2459112.9150231,r,5.999178760257543,3.6776350084778966,20.738653426816228,99.0,P48
181,2459114.9606133997,r,-1.7435920273869725,4.339331661882334,20.559017876155053,99.0,P48
182,2459115.8888426004,r,-5.642531547139252,5.146810657578191,20.3737295101906,99.0,P48
183,2459116.8896065,r,-8.849529211096383,4.1141348463889305,20.616878683692903,99.0,P48
184,2459117.8991667004,r,-3.2245200088452157,3.8440560543814475,20.69060070924734,99.0,P48
185,2459123.0168403,r,-2.2953802380458765,7.275439604237458,19.99792688954206,99.0,P48
186,2459124.842419,r,1.5803526287733576,13.35203353260744,19.338706453235407,99.0,P48
187,2459125.9640625,r,0.7736342092514487,11.62567397778354,19.48902963980387,99.0,P48
188,2459131.95,r,437.2870196851456,354.5871764148425,15.778267425753597,99.0,P48
189,2459134.9356366,r,-0.3972547593271144,6.042878581888021,20.199465318757163,99.0,P48
190,2459140.8673957996,r,3.3248375723476205,4.84053284752308,20.440342060254757,99.0,P48
191,2459146.8957869997,r,-30.109848341905302,44.18861747221909,18.039298954114763,99.0,P48
192,2459149.8608449,r,-8.159507650312799,8.529826762023994,19.825224461962435,99.0,P48
193,2459150.80747685,r,-5.326181964784941,6.150586872372942,20.18028359676491,99.0,P48
194,2459150.80747685,r,-5.326181964784941,6.150586872372942,20.18028359676491,99.0,P48
195,2459151.8457292,r,2.966402317674321,10.20193166647196,19.63086896351411,99.0,P48
196,2459152.8898321497,r,1.127195626908998,8.106573369522197,19.880481694934808,99.0,P48
197,2459152.8898321497,r,1.127195626908998,8.106573369522197,19.880481694934808,99.0,P48
198,2458206.6390278,g,3.2300077779151906,26.694994602130645,18.586500395716726,99.0,P48
199,2458320.9648957998,g,3.3100064778172684,16.285668779813236,19.123060994646636,99.0,P48
200,2458327.9867824,g,7.051123244478658,23.043599105528312,18.74619921139673,99.0,P48
201,2458330.9867593,g,-2.2558922349663724,14.433084499148267,19.25417710359389,99.0,P48
202,2458333.9655323997,g,-10.92289077554381,12.537536783272836,19.407044438695152,99.0,P48
203,2458337.9277778,g,2.7550954160725105,6.736971019283922,20.081413291326033,99.0,P48
204,2458340.9855207996,g,-1.6449538462376763,5.75505735096284,20.25245084948757,99.0,P48
205,2458343.9410417005,g,2.9709954868380537,4.864095138575196,20.435069836988113,99.0,P48
206,2458346.9974653,g,-6.303012945080121,5.3306830410988,20.335617838087693,99.0,P48
207,2458349.9418056,g,5.126790349090195,4.052688189454236,20.63321701225622,99.0,P48
208,2458352.9523957996,g,-2.0688417480132073,3.050792752844119,20.94154322403073,99.0,P48
209,2458361.9538542004,g,-2.7165827134979037,9.369997608609719,19.723226289039687,99.0,P48
210,2458364.9734954,g,-0.5020077543665271,6.6181180420211225,20.10073871652874,99.0,P48
211,2458367.9467824,g,6.58866692836712,3.5212702888462513,20.785826583365235,99.0,P48
212,2458370.9520718,g,1.8294749601272184,3.777870424116989,20.70945734385081,99.0,P48
213,2458373.922338,g,-1.4746123365202586,3.6107781239983976,20.758572982634334,99.0,P48
214,2458376.9645486,g,-0.15851078874876792,3.3825892036072642,20.829451843226323,99.0,P48
215,2458379.9634606005,g,5.08454372082437,3.4967747433015743,20.79340584754328,99.0,P48
216,2458382.9410647997,g,1.4364612531752872,3.247546207174276,20.873686641469305,99.0,P48
217,2458384.85503475,g,-18.96166946967917,10.9255861530544,19.55646312420521,99.0,P48
218,2458384.85503475,g,-18.96166946967917,10.9255861530544,19.55646312420521,99.0,P48
219,2458385.9560417,g,4.673916571017093,11.401390537227474,19.51018043410459,99.0,P48
220,2458388.9262037,g,0.8894810016005568,8.601415883284261,19.81615012277073,99.0,P48
221,2458388.9262037,g,0.8894810016005568,8.601415883284261,19.81615012277073,99.0,P48
222,2458397.8793056,g,1.3400198700731225,3.250664309791026,20.872644681639862,99.0,P48
223,2458425.85285305,g,-2.2204499475001898,3.417208414894118,20.818396321298103,99.0,P48
224,2458425.85285305,g,-2.2204499475001898,3.417208414894118,20.818396321298103,99.0,P48
225,2458426.8430787004,g,1.105354780098894,7.712721895639483,19.93455580938798,99.0,P48
226,2458427.8267245,g,9.53453945673273,8.728154017071425,19.800268986130966,99.0,P48
227,2458428.8322453997,g,2.0804032682722,3.0899348710767613,20.927701675250027,99.0,P48
228,2458430.8034432996,g,3.01329780239111,2.775672858002767,21.04415429249869,99.0,P48
229,2458430.8034432996,g,3.01329780239111,2.775672858002767,21.04415429249869,99.0,P48
230,2458431.908125,g,17.567868946202584,9.225976799051038,19.740044093822057,99.0,P48
231,2458434.83835645,g,0.9221942739092112,6.8724878496366175,20.05979003742027,99.0,P48
232,2458434.83835645,g,0.9221942739092112,6.8724878496366175,20.05979003742027,99.0,P48
233,2458436.74304395,g,3.468280381057177,7.80247119118649,19.921994554638005,99.0,P48
234,2458436.74304395,g,3.468280381057177,7.80247119118649,19.921994554638005,99.0,P48
235,2458437.9003009,g,10.548182564301758,5.934023419709648,20.219201849142763,99.0,P48
236,2458441.7686806,g,-2.777537304914496,9.68485649932203,19.687342013774142,99.0,P48
237,2458443.7582639,g,-1.199994699926591,16.23578666418969,19.12639164886457,99.0,P48
238,2458450.9144907002,g,-16.091716783912904,15.060177721655002,19.20799974690219,99.0,P48
239,2458464.7413194,g,-0.9416837269036029,4.851843772825616,20.43780796832535,99.0,P48
240,2458467.8859143998,g,-107.1048516340851,287.70412091647063,16.0052097828312,99.0,P48
241,2458474.6204051003,g,-3.038747749472568,16.495130913111453,19.109185572509546,99.0,P48
242,2458480.7652431,g,-3.032132788506145,5.458620897363265,20.309867655437685,99.0,P48
243,2458483.6669328664,g,3.210884898139523,3.585381182487576,20.76623665215557,99.0,P48
244,2458483.6669328664,g,3.210884898139523,3.585381182487576,20.76623665215557,99.0,P48
245,2458483.6669328664,g,3.210884898139523,3.585381182487576,20.76623665215557,99.0,P48
246,2458487.67,g,-0.25231536985361785,4.417516244864861,20.539629601046173,99.0,P48
247,2458488.6747106,g,3.7322732223090385,15.547000647229597,19.173458447553372,99.0,P48
248,2458493.6910995,g,3.842512524824542,4.828208687196988,20.443109906361276,99.0,P48
249,2458494.6762558,g,-3.9814082341145296,4.209061469201485,20.592111818565094,99.0,P48
250,2458494.6762558,g,-3.9814082341145296,4.209061469201485,20.592111818565094,99.0,P48
251,2458495.6894675996,g,14.537200558300196,12.69995656906305,19.39306939973237,99.0,P48
252,2458495.6894675996,g,14.537200558300196,12.69995656906305,19.39306939973237,99.0,P48
253,2458503.7123843,g,-14.671706988926879,17.130185216748085,19.0681698423742,99.0,P48
254,2458509.7021412,g,8.968300519290313,9.277299570290717,19.73402103794232,99.0,P48
255,2458514.6693518995,g,7.286749758651085,4.762220950671038,20.458051135893975,99.0,P48
256,2458534.6475926004,g,-23.56842059754566,21.546562257194307,18.819130017747252,99.0,P48
257,2458538.6287847,g,-4.786826619930732,12.672165435209587,19.395447904160037,99.0,P48
258,2458557.6295832996,g,-35.6342809157472,22.221847184219474,18.785624597408134,99.0,P48
259,2458560.6636457997,g,-9.432578929298671,21.158792634593713,18.83884778338602,99.0,P48
260,2458695.9464582996,g,1.1361990981843637,6.243927863843491,20.16393029663199,99.0,P48
261,2458698.9678935003,g,-5.327839185801529,5.612740939980648,20.279637495375113,99.0,P48
262,2458701.9765741,g,34.588100706580015,37.75633820700091,18.210100319957707,99.0,P48
263,2458704.9548957995,g,-1.5326105402024872,5.452049548533339,20.311175503976752,99.0,P48
264,2458707.9468981004,g,-18.218368425583577,4.717802622225255,20.468225570566602,99.0,P48
265,2458711.9988194,g,-0.6538318962943981,10.459350603469275,19.603813186551925,99.0,P48
266,2458715.0037153,g,7.785079157182392,10.271886633525874,19.623449445093783,99.0,P48
267,2458719.9983218,g,-15.045142516136575,10.003721320874682,19.652171027038612,99.0,P48
268,2458722.9401968,g,-2.263532330080331,4.525200256943419,20.513480481378124,99.0,P48
269,2458723.9961632,g,-2.1929326287274793,4.006686028181315,20.64561171017501,99.0,P48
270,2458723.9961632,g,-2.1929326287274793,4.006686028181315,20.64561171017501,99.0,P48
271,2458725.9627082995,g,-3.4577738247042253,4.26214096281072,20.57850546630666,99.0,P48
272,2458726.99828125,g,-1.4279660095963291,5.860837355177615,20.232675815687557,99.0,P48
273,2458726.99828125,g,-1.4279660095963291,5.860837355177615,20.232675815687557,99.0,P48
274,2458730.9435764,g,4.524081958029716,5.0207555570177345,20.400652295125887,99.0,P48
275,2458732.9394329,g,-1.1918995717185719,4.5662671365330105,20.503671701493126,99.0,P48
276,2458734.9748842665,g,1.3997911860200734,4.010778444249033,20.644503308711972,99.0,P48
277,2458734.9748842665,g,1.3997911860200734,4.010778444249033,20.644503308711972,99.0,P48
278,2458734.9748842665,g,1.3997911860200734,4.010778444249033,20.644503308711972,99.0,P48
279,2458735.9422222,g,-0.9327906439341042,5.03232582496298,20.398153108284305,99.0,P48
280,2458738.9426157,g,29.749437403576177,10.87626310772562,19.5613757265046,99.0,P48
281,2458743.9481481332,g,8.065508444465907,17.8311217527299,19.024628325599522,99.0,P48
282,2458743.9481481332,g,8.065508444465907,17.8311217527299,19.024628325599522,99.0,P48
283,2458743.9481481332,g,8.065508444465907,17.8311217527299,19.024628325599522,99.0,P48
284,2458747.985706,g,9.444018533275857,7.931672347937749,19.904163075434482,99.0,P48
285,2458749.8941859333,g,-3.368759459281624,4.672551297796473,20.4786897941678,99.0,P48
286,2458749.8941859333,g,-3.368759459281624,4.672551297796473,20.4786897941678,99.0,P48
287,2458749.8941859333,g,-3.368759459281624,4.672551297796473,20.4786897941678,99.0,P48
288,2458750.9295399254,g,1.938657984319595,4.229187267291822,20.58693269911675,99.0,P48
289,2458750.9295399254,g,1.938657984319595,4.229187267291822,20.58693269911675,99.0,P48
290,2458750.9295399254,g,1.938657984319595,4.229187267291822,20.58693269911675,99.0,P48
291,2458750.9295399254,g,1.938657984319595,4.229187267291822,20.58693269911675,99.0,P48
292,2458751.9486863,g,0.6580237419244315,8.111751958544167,19.87978833336164,99.0,P48
293,2458751.9486863,g,0.6580237419244315,8.111751958544167,19.87978833336164,99.0,P48
294,2458756.9198264,g,3.502566002545513,4.6967532054000145,20.47308063806784,99.0,P48
295,2458758.9306790004,g,6.289852007440871,3.8308493886056967,20.694337294521524,99.0,P48
296,2458758.9306790004,g,6.289852007440871,3.8308493886056967,20.694337294521524,99.0,P48
297,2458758.9306790004,g,6.289852007440871,3.8308493886056967,20.694337294521524,99.0,P48
298,2458760.918155866,g,5.525041012674529,4.088914471771868,20.623554922988102,99.0,P48
299,2458760.918155866,g,5.525041012674529,4.088914471771868,20.623554922988102,99.0,P48
300,2458760.918155866,g,5.525041012674529,4.088914471771868,20.623554922988102,99.0,P48
301,2458763.917110333,g,99.03023772205097,4.27415471371129,18.91064606834479,0.046850285816293774,P48
302,2458763.917110333,g,99.03023772205097,4.27415471371129,18.91064606834479,0.046850285816293774,P48
303,2458763.917110333,g,99.03023772205097,4.27415471371129,18.91064606834479,0.046850285816293774,P48
304,2458764.84792245,g,79.4098507656798,8.274382094623235,19.150379672643464,0.11310740011609981,P48
305,2458764.84792245,g,79.4098507656798,8.274382094623235,19.150379672643464,0.11310740011609981,P48
306,2458765.9581481004,g,50.35451704658421,4.529165847688526,19.644969534838918,0.09763591860324274,P48
307,2458766.859795533,g,36.55419708790452,6.879807418777419,19.99272249958999,0.20430023220381435,P48
308,2458766.859795533,g,36.55419708790452,6.879807418777419,19.99272249958999,0.20430023220381435,P48
309,2458766.859795533,g,36.55419708790452,6.879807418777419,19.99272249958999,0.20430023220381435,P48
310,2458767.85270835,g,23.3010034990764,31.542324220161728,18.405340760431628,99.0,P48
311,2458767.85270835,g,23.3010034990764,31.542324220161728,18.405340760431628,99.0,P48
312,2458768.8631308004,g,16.223828300188543,16.740562286077,19.093149886432716,99.0,P48
313,2458768.8631308004,g,16.223828300188543,16.740562286077,19.093149886432716,99.0,P48
314,2458769.9817361,g,18.66159508790969,18.645199203759326,18.976157419939256,99.0,P48
315,2458775.8998611,g,46.71619518397522,9.120599387476604,19.72639696156616,0.21192673324778666,P48
316,2458778.7968403,g,28.393253575225014,6.748561188549344,20.26702771962157,0.2580036539582188,P48
317,2458779.8857696997,g,32.63000602485517,6.63400267255841,20.1160227373405,0.22069287684399427,P48
318,2458779.8857696997,g,32.63000602485517,6.63400267255841,20.1160227373405,0.22069287684399427,P48
319,2458781.9004514,g,30.36374431272907,5.947819628233878,20.19417730813592,0.21263379575164068,P48
320,2458784.9143866003,g,14.355076869111736,10.682272281248768,19.58091588031194,99.0,P48
321,2458785.833588,g,13.59917771882529,11.28055091649494,19.521749213855657,99.0,P48
322,2458787.8655035,g,18.53823087231328,5.7181012915446,20.729894906047438,0.33482153689442784,P48
323,2458787.8655035,g,18.53823087231328,5.7181012915446,20.729894906047438,0.33482153689442784,P48
324,2458789.84225115,g,9.942629718027836,7.8023282080498655,19.92201445133314,99.0,P48
325,2458789.84225115,g,9.942629718027836,7.8023282080498655,19.92201445133314,99.0,P48
326,2458790.8160301005,g,11.159839342266055,4.400660948358237,20.543780215747006,99.0,P48
327,2458793.8521065,g,15.124374221025732,5.3580398029860605,20.33006015039857,99.0,P48
328,2458801.7105903,g,40.271339905261335,26.08415828051071,18.611632921977602,99.0,P48
329,2458804.8798958,g,-0.373727333164129,11.054490157649765,19.543728195782066,99.0,P48
330,2458811.766741925,g,2.895802354414256,3.9762369135421687,20.65389435720418,99.0,P48
331,2458811.766741925,g,2.895802354414256,3.9762369135421687,20.65389435720418,99.0,P48
332,2458811.766741925,g,2.895802354414256,3.9762369135421687,20.65389435720418,99.0,P48
333,2458811.766741925,g,2.895802354414256,3.9762369135421687,20.65389435720418,99.0,P48
334,2458814.7676272998,g,13.3826873303089,7.874608551296561,19.912002553874828,99.0,P48
335,2458819.7297106003,g,-3.4679944927481037,18.999315925791077,18.95573007822557,99.0,P48
336,2458831.7340972,g,8.22277325270715,9.83556579711562,19.670576619066203,99.0,P48
337,2458831.7340972,g,8.22277325270715,9.83556579711562,19.670576619066203,99.0,P48
338,2458831.7340972,g,8.22277325270715,9.83556579711562,19.670576619066203,99.0,P48
339,2458833.67875,g,1.7277241566723431,7.896375223623565,19.90900554626316,99.0,P48
340,2458836.7157523,g,11.314775406033624,4.745869107222306,20.461785599038926,99.0,P48
341,2458839.7164815,g,204.95284875928928,185.42634661269975,16.482146385032735,99.0,P48
342,2458850.6835532,g,7.569058396107206,6.36810070263409,20.14255018279584,99.0,P48
343,2458851.6481828997,g,10.085397640473303,20.291587166855624,18.88428494416791,99.0,P48
344,2458851.6481828997,g,10.085397640473303,20.291587166855624,18.88428494416791,99.0,P48
345,2458856.6229977002,g,17.304388290837238,12.736053115704436,19.389987835104115,99.0,P48
346,2458859.6095602,g,-1.4685284123203948,12.848503229819327,19.38044364409506,99.0,P48
347,2458861.6024306,g,3.7238210154681997,5.782536658684583,20.247279002451727,99.0,P48
348,2458862.6479051,g,-0.6243070038101272,4.234427316297397,20.58558828259334,99.0,P48
349,2458867.6769271,g,6.195618883306325,5.606289569143748,20.28088617504566,99.0,P48
350,2458867.6769271,g,6.195618883306325,5.606289569143748,20.28088617504566,99.0,P48
351,2458871.6716898,g,4.463353431290545,6.035434641387265,20.200803611047085,99.0,P48
352,2458874.6712847,g,-5.514695446618154,7.77989908597311,19.925140079812103,99.0,P48
353,2458876.65625,g,6.450023036687823,5.015755072073375,20.401734186670733,99.0,P48
354,2458877.6705556,g,4.82952914595385,6.9866255839458775,20.041906314501713,99.0,P48
355,2458880.6299421,g,9.731341048030403,6.89077705752294,20.05690449144254,99.0,P48
356,2458884.6243171003,g,-14.080294779178699,17.13401083153204,19.0679273963826,99.0,P48
357,2458887.6684143995,g,-8.937773159787767,12.568536209578403,19.404363237490912,99.0,P48
358,2458893.6701852,g,12.034803642950925,5.316707385634476,20.338468092136623,99.0,P48
359,2458896.6861574,g,6.22383748872683,6.439137341048733,20.13050576839909,99.0,P48
360,2458899.6505556,g,5.707156994098648,4.734463019941047,20.464398167401548,99.0,P48
361,2458904.6357986,g,1.7868610847946325,6.1230558817722756,20.185154431606637,99.0,P48
362,2458913.6242361,g,-4.111957125702494,12.332308004576607,19.424964081967012,99.0,P48
363,2459064.9972917004,g,-38.40107866967826,13.092980165334227,19.35997871425542,99.0,P48
364,2459084.9293287,g,-2.5884442672961083,4.725434442714683,20.466470633025448,99.0,P48
365,2459087.9807292004,g,3.720246754350395,4.670089934626188,20.47926187889253,99.0,P48
366,2459090.9305556,g,4.427981067890518,4.335918239515683,20.559872278386454,99.0,P48
367,2459091.9118866003,g,9.072161443906454,8.291630161740729,19.855975182491925,99.0,P48
368,2459092.9292477,g,-14.112980556072989,10.19603751901953,19.631496426905706,99.0,P48
369,2459093.9615509,g,10.96089508009568,11.9266876668526,19.461275373644384,99.0,P48
370,2459107.0179514,g,9.891587166741015,9.538681653934079,19.703854102186426,99.0,P48
371,2459108.8691435,g,3.689053148492524,7.811890319773789,19.920684646428462,99.0,P48
372,2459114.8512616,g,6.826890966405832,4.604313584434356,20.494662753377376,99.0,P48
373,2459118.9772222,g,1.089695540638047,3.5266401404779892,20.784172123219246,99.0,P48
374,2459120.9012789503,g,-3.2556183675580805,4.408269371985485,20.541904677458696,99.0,P48
375,2459120.9012789503,g,-3.2556183675580805,4.408269371985485,20.541904677458696,99.0,P48
376,2459121.8621296003,g,-3.4085917070421834,10.06633714014702,19.64539631009558,99.0,P48
377,2459122.8537731003,g,8.519514423065402,13.137111541907796,19.356325270793782,99.0,P48
378,2459123.8990278,g,-2.4122499151916497,16.185175699030133,19.12978144348275,99.0,P48
379,2459140.9122222,g,11.18532267153328,4.2059366764639945,20.592918164735273,99.0,P48
380,2459142.9069212996,g,1.9247224584103972,3.6437958878348717,20.748689885689206,99.0,P48
381,2459146.956331,g,-96.72304527743205,224.86496748949466,16.27277048808858,99.0,P48
382,2459149.9152778,g,12.636873731118941,8.296653962316759,19.85531754698281,99.0,P48
383,2459150.9231249997,g,9.810283422224188,6.356944335022923,20.144453967858556,99.0,P48
384,2459150.9231249997,g,9.810283422224188,6.356944335022923,20.144453967858556,99.0,P48
385,2459151.8209491,g,25.090817063978985,12.109751802650338,19.44473688395385,99.0,P48
386,2459152.89578705,g,13.920765825027047,9.862371372636785,19.667621608950444,99.0,P48
387,2459152.89578705,g,13.920765825027047,9.862371372636785,19.667621608950444,99.0,P48
