,JD,Filter,Flux,eFlux,Mag,eMag,Telescope
0,2458320.9831481003,r,13.450842404734558,11.438726866276134,19.506630764057576,99.0,P48
1,2458323.9823611,r,8.79392693369368,15.094579983479358,19.205522406658993,99.0,P48
2,2458330.9182639,r,-8.143403892162542,76.90075122515783,17.437748533305687,99.0,P48
3,2458333.9858796,r,-4.794156344865547,37.87917843520107,18.206573611703565,99.0,P48
4,2458336.9596758997,r,-1.4759279631424382,15.026066571644897,19.21046171763274,99.0,P48
5,2458338.9780093,r,8.573182361465951,17.389180259023526,19.051877215489263,99.0,P48
6,2458344.9589583,r,5.447691102825528,14.213920071305587,19.27079031676338,99.0,P48
7,2458345.87872105,r,7.0450770279767125,11.291581084098233,19.52068809536987,99.0,P48
8,2458345.87872105,r,7.0450770279767125,11.291581084098233,19.52068809536987,99.0,P48
9,2458346.9173611,r,5.579767082523404,12.372690055553077,19.42141465494752,99.0,P48
10,2458347.9185069,r,7.330600424884397,12.959791608699058,19.371079943641362,99.0,P48
11,2458348.9177141,r,3.700316208290862,8.057879514184407,19.88702306592843,99.0,P48
12,2458348.9177141,r,3.700316208290862,8.057879514184407,19.88702306592843,99.0,P48
13,2458350.0025462997,r,-0.6408174164857844,14.712290501215834,19.233374259992353,99.0,P48
14,2458350.9131134,r,1.2479131118720472,10.565069694812433,19.59289407336716,99.0,P48
15,2458352.0028125,r,4.725049192657523,8.042997898954738,19.889030101026776,99.0,P48
16,2458352.0028125,r,4.725049192657523,8.042997898954738,19.889030101026776,99.0,P48
17,2458353.0025810003,r,7.545248695366973,13.023773865156576,19.365732872026115,99.0,P48
18,2458353.94021995,r,3.4070879231078983,10.156221463963895,19.63574458311202,99.0,P48
19,2458353.94021995,r,3.4070879231078983,10.156221463963895,19.63574458311202,99.0,P48
20,2458354.8779716496,r,12.134489435544518,13.653499040829063,19.314465078778756,99.0,P48
21,2458354.8779716496,r,12.134489435544518,13.653499040829063,19.314465078778756,99.0,P48
22,2458354.8779716496,r,12.134489435544518,13.653499040829063,19.314465078778756,99.0,P48
23,2458354.8779716496,r,12.134489435544518,13.653499040829063,19.314465078778756,99.0,P48
24,2458356.94201385,r,87.58537365991454,25.848988875267853,19.043986654497544,0.32036259310891235,P48
25,2458356.94201385,r,87.58537365991454,25.848988875267853,19.043986654497544,0.32036259310891235,P48
26,2458357.929791675,r,125.07838568383002,17.972708014668168,18.65710995374932,0.15597718537267982,P48
27,2458357.929791675,r,125.07838568383002,17.972708014668168,18.65710995374932,0.15597718537267982,P48
28,2458357.929791675,r,125.07838568383002,17.972708014668168,18.65710995374932,0.15597718537267982,P48
29,2458357.929791675,r,125.07838568383002,17.972708014668168,18.65710995374932,0.15597718537267982,P48
30,2458360.9821817,r,209.80936868682537,24.290145071902817,18.095503429819658,0.12567099667940698,P48
31,2458360.9821817,r,209.80936868682537,24.290145071902817,18.095503429819658,0.12567099667940698,P48
32,2458361.8375462997,r,183.97286035799553,31.419691310344323,18.238181220547776,0.18538644695207349,P48
33,2458362.8971412,r,173.0484744834529,24.42986834382386,18.304646184520628,0.1532438940382369,P48
34,2458363.9400578504,r,167.84079313038652,16.946104762435596,18.337821814508256,0.10959788962230267,P48
35,2458363.9400578504,r,167.84079313038652,16.946104762435596,18.337821814508256,0.10959788962230267,P48
36,2458364.8775579,r,137.42235984579,21.663452129544858,18.554922117118483,0.17111973126505262,P48
37,2458365.8797338,r,133.62525301018675,18.153484947094817,18.58534427097169,0.14746919063696134,P48
38,2458366.88114005,r,126.10494370733662,12.099597250003804,18.64823534076763,0.10415224358975708,P48
39,2458366.88114005,r,126.10494370733662,12.099597250003804,18.64823534076763,0.10415224358975708,P48
40,2458367.8761111,r,100.97756464428147,14.82248601780546,18.889503391625794,0.15934043001540163,P48
41,2458368.9195139,r,92.84980103252897,15.47252045631612,18.980613178710055,0.18088806619463882,P48
42,2458369.8976272997,r,79.41020505877195,17.313653355703206,19.15037482855957,0.23666946463249028,P48
43,2458370.9349073996,r,62.78709021416669,16.22672371129675,19.405389730499266,0.2805371060918879,P48
44,2458371.9187268997,r,55.4388135891128,13.05287083013842,19.54053080317612,0.25557710147133766,P48
45,2458372.8591551,r,42.26643324120376,11.758480971329742,19.835076621412117,0.30198505328184433,P48
46,2458372.8591551,r,42.26643324120376,11.758480971329742,19.835076621412117,0.30198505328184433,P48
47,2458373.9431481003,r,33.37416599011453,15.973499998687712,19.144074774021085,99.0,P48
48,2458374.8647106,r,23.758423745003405,16.60396018731649,19.10204578074979,99.0,P48
49,2458375.8749073995,r,21.048034134096763,15.898938099135544,19.149154692995083,99.0,P48
50,2458376.9121065,r,22.79348387498926,14.322402140838225,19.262535330225376,99.0,P48
51,2458377.9009144,r,14.859000490020042,15.48079090722948,19.17809212706037,99.0,P48
52,2458378.91412615,r,13.323596776860645,10.275881899507507,19.623027228445626,99.0,P48
53,2458378.91412615,r,13.323596776860645,10.275881899507507,19.623027228445626,99.0,P48
54,2458382.8557060002,r,14.081348130385182,22.240385556071107,18.784719209557707,99.0,P48
55,2458383.893669,r,12.677943537083681,27.39047341464015,18.558576142589573,99.0,P48
56,2458385.8025984,r,17.760652490331545,35.06731741095229,18.290318628218746,99.0,P48
57,2458385.8025984,r,17.760652490331545,35.06731741095229,18.290318628218746,99.0,P48
58,2458386.8770602,r,10.50089618221676,58.48397666930428,17.734982751189605,99.0,P48
59,2458388.788125,r,9.302348658724767,45.09835544534772,18.017173226152018,99.0,P48
60,2458397.7902546003,r,6.460382849159412,14.162189604463935,19.27474897801764,99.0,P48
61,2458423.8117130003,r,2.3878945142573915,21.557568084437566,18.818575573183992,99.0,P48
62,2458426.751412,r,7.187594830629251,24.104591475137614,18.69732555052474,99.0,P48
63,2458429.7735880003,r,10.459013953951402,13.507608615009426,19.326128818165536,99.0,P48
64,2458432.7741435003,r,3.0522802615511355,23.88553495774352,18.707237557904662,99.0,P48
65,2458438.7718518996,r,-30.225721809967073,113.3006004163097,17.01699446082098,99.0,P48
66,2458441.7928935,r,-1.4686347151196928,71.69263617803887,17.513888614337755,99.0,P48
67,2458447.8143287003,r,4.61039436613648,59.42797169399873,17.717597719594536,99.0,P48
68,2458456.7595486,r,0.8139845723027055,18.32321264965558,18.995070934594615,99.0,P48
69,2458466.7145948997,r,-6.666401444270196,75.54045203341668,17.457126040875615,99.0,P48
70,2458471.6736227,r,42.967182486235785,100.3129168628255,17.14918284202608,99.0,P48
71,2458474.6651272997,r,20.18497979616639,32.523457956357916,18.372083203164344,99.0,P48
72,2458488.60625,r,299.4325743725537,695.9304677418918,15.046160363497469,99.0,P48
73,2458492.626088,r,-27.05909153694647,325.9880692010671,15.869570724994388,99.0,P48
74,2458505.6147569,r,-3.6410728619480515,42.47853184118517,18.082151243946434,99.0,P48
75,2458688.9214236,r,6.036611973262097,39.08809910771501,18.172463612203366,99.0,P48
76,2458690.9232639,r,16.9870186950118,19.259571700538825,18.94095842680975,99.0,P48
77,2458691.9358332995,r,8.930707454603956,18.559085387426745,18.98118356443412,99.0,P48
78,2458692.9845832996,r,9.159140262785256,19.146472955839734,18.947353032549092,99.0,P48
79,2458693.9814931,r,0.0,,,99.0,P48
80,2458694.9828935,r,3.307111761304474,14.135806123864684,19.276773538956114,99.0,P48
81,2458695.98523725,r,6.370553756628804,9.714903031507436,19.68397881395154,99.0,P48
82,2458695.98523725,r,6.370553756628804,9.714903031507436,19.68397881395154,99.0,P48
83,2458696.9799421,r,9.244950996978872,13.498418349909421,19.326867779431375,99.0,P48
84,2458704.9797685,r,-0.6775259894846576,16.598428346889424,19.102407569148234,99.0,P48
85,2458708.0009491,r,5.414740840029488,17.52624427202479,19.04335283821346,99.0,P48
86,2458711.9199537,r,8.532374420266072,26.4073989622979,18.598260922147098,99.0,P48
87,2458711.9199537,r,8.532374420266072,26.4073989622979,18.598260922147098,99.0,P48
88,2458716.9592361,r,14.400126995352995,32.23465819987945,18.381767315332336,99.0,P48
89,2458719.9598495,r,-2.183279742725283,20.892951406237227,18.852575503749122,99.0,P48
90,2458722.9818287003,r,4.362300980871806,19.239503016193655,18.942090365658114,99.0,P48
91,2458725.9818634,r,6.171043299361944,18.065279082559375,19.010463301208695,99.0,P48
92,2458730.9931134,r,1.971491100673295,22.115271310752405,18.790844309972783,99.0,P48
93,2458732.9612731,r,12.075047837380225,19.752647149466398,18.913511724650213,99.0,P48
94,2458735.8766435003,r,5.639046717275949,20.563854869601304,18.869813663781116,99.0,P48
95,2458738.8565856004,r,2.0844191073727028,41.228657712335725,18.11457700005949,99.0,P48
96,2458741.8973148,r,20.39504684144577,73.200916169248,17.491283697553627,99.0,P48
97,2458744.8780903,r,-6.074349884266579,34.86681470395381,18.296544304809714,99.0,P48
98,2458747.8983218,r,7.769442418618484,22.782374378264127,18.758577528515872,99.0,P48
99,2458750.8131366,r,7.3105969216145406,22.4501442191004,18.774527151050094,99.0,P48
100,2458765.9212037004,r,3.208986383727929,22.725881823314694,18.76127312921929,99.0,P48
101,2458771.8968981,r,47.64325729130534,103.87667718697297,17.11127986680247,99.0,P48
102,2458775.7828472,r,-1.2887455194342516,21.143301858595205,18.83964296373322,99.0,P48
103,2458779.7929977,r,11.418232695347646,18.888157836618884,18.96210098112138,99.0,P48
104,2458782.8309143996,r,18.45408726407431,20.87305380724703,18.853610007534456,99.0,P48
105,2458789.7721412,r,10.351511440479959,23.49423941557888,18.7251715139817,99.0,P48
106,2458792.6693981,r,10.07381138054426,29.02957769053193,18.4954731942764,99.0,P48
107,2458795.7935532,r,24.41506742483234,43.25273230953604,18.062541120670964,99.0,P48
108,2458798.7302314998,r,10.3067006437369,60.136159695333774,17.70473576282062,99.0,P48
109,2458801.7509954,r,-3.7027039020554304,47.22052675949149,17.96724792051451,99.0,P48
110,2458805.7307060002,r,0.9826269231681162,22.82605051284437,18.7564980541553,99.0,P48
111,2458812.6887037004,r,7.03264522862507,22.689106665428405,18.76303149712419,99.0,P48
112,2458852.6485417006,r,-9.131478198464954,57.87574134773939,17.746333571484982,99.0,P48
113,2458855.6898495,r,4.736459984551354,51.58586633993097,17.871248167813732,99.0,P48
114,2458861.6282755,r,1.7963119947045512,23.667911188908246,18.717175161739057,99.0,P48
115,2458872.6273148,r,5.7144962622214175,26.01217860446493,18.61463317092763,99.0,P48
116,2458875.5912153,r,15.50609758294152,33.366607628986394,18.344294853321863,99.0,P48
117,2458881.5991319,r,-6.6000808868695735,40.166555173053666,18.14291352244505,99.0,P48
118,2458885.6288889,r,-5.2696351357625515,72.68407805108444,17.498976773974835,99.0,P48
119,2459061.9510995,r,4.8076930707739844,14.91205040397409,19.218731581750056,99.0,P48
120,2459064.9181133998,r,-16.509558931475652,41.64355139811348,18.10370559059185,99.0,P48
121,2459096.9262268995,r,-9.527917795476792,52.97070919519713,17.842485520408893,99.0,P48
122,2459108.887338,r,7.091274151773241,27.026104550180413,18.573116357920767,99.0,P48
123,2459111.9011689997,r,-4.9348215363724774,17.95665067908968,19.01701165377135,99.0,P48
124,2459114.8986457996,r,4.436386732571998,13.596997185591501,19.318967470021008,99.0,P48
125,2459115.8763079,r,5.309239931036269,17.767711548888705,19.028496251623466,99.0,P48
126,2459116.8783102003,r,-0.18115851119791257,14.164125938291333,19.27460054023434,99.0,P48
127,2459118.834537,r,5.150293561893573,16.472263759431332,19.110691769822296,99.0,P48
128,2459128.8840798503,r,0.8169868277896218,36.53689182603397,18.245745990692047,99.0,P48
129,2459128.8840798503,r,0.8169868277896218,36.53689182603397,18.245745990692047,99.0,P48
130,2459129.771169,r,7.447441343215721,22.21850602047681,18.78578785544668,99.0,P48
131,2459130.7941782,r,10.816172625623377,14.5089469239028,19.248485259191554,99.0,P48
132,2459134.81900465,r,5.11765140075291,13.467501945728307,19.329357371752337,99.0,P48
133,2459134.81900465,r,5.11765140075291,13.467501945728307,19.329357371752337,99.0,P48
134,2459135.8916319,r,8.596372584772125,17.856984487122286,19.023054685809797,99.0,P48
135,2459137.8454051004,r,3.608683296201318,16.76411381778801,19.09162348726452,99.0,P48
136,2459138.8173148497,r,6.396643573292554,11.87481291872708,19.466008048471274,99.0,P48
137,2459138.8173148497,r,6.396643573292554,11.87481291872708,19.466008048471274,99.0,P48
138,2459139.8039468,r,13.635238289561466,16.993157005304838,19.076889814115653,99.0,P48
139,2459140.7675926,r,4.135078825103835,11.846095189791026,19.468636943884118,99.0,P48
140,2459140.7675926,r,4.135078825103835,11.846095189791026,19.468636943884118,99.0,P48
141,2459141.8444792004,r,-0.678374552092194,25.14814589059924,18.651310061322697,99.0,P48
142,2459144.7341087996,r,2.6007063683607545,12.010638438911165,19.45365975559717,99.0,P48
143,2459149.8365509,r,17.393278042688934,48.36801637982855,17.941179296890972,99.0,P48
144,2459150.7745832996,r,9.8945085977738,40.565007694937975,18.13219608241763,99.0,P48
145,2459152.7133333,r,1.9510979508077697,44.47276500004373,18.03233966008836,99.0,P48
146,2458320.9611806,g,10.635222721383228,9.637675287743207,19.692644264221283,99.0,P48
147,2458323.9402198996,g,9.99137958421787,7.719600115191382,19.933587979338682,99.0,P48
148,2458327.9630092997,g,-14.809943281237869,78.82927256158278,17.410856191906245,99.0,P48
149,2458330.9608796,g,-9.978573741017405,34.371056972961874,18.312092769926387,99.0,P48
150,2458333.9396643997,g,1.0460970898004749,22.469910059304496,18.773571653998417,99.0,P48
151,2458336.9840741,g,5.105461510125107,9.813611893354704,19.673002792664214,99.0,P48
152,2458338.9392244997,g,9.594142140924278,8.792131128676175,19.792339597481067,99.0,P48
153,2458342.91940975,g,3.596774523726425,5.86683240411755,20.231565784047177,99.0,P48
154,2458342.91940975,g,3.596774523726425,5.86683240411755,20.231565784047177,99.0,P48
155,2458343.9362383997,g,2.1537367556959235,5.6889583304576234,20.26499310733263,99.0,P48
156,2458344.8992014,g,7.641408471568479,6.744449331992713,20.080208748261626,99.0,P48
157,2458345.9266550997,g,2.694814013657826,5.20142594467585,20.36226894016419,99.0,P48
158,2458345.9266550997,g,2.694814013657826,5.20142594467585,20.36226894016419,99.0,P48
159,2458346.9766319,g,8.350062420181219,7.259771329915119,20.000267635660435,99.0,P48
160,2458347.9789352003,g,4.395599755755307,5.231966075625066,20.355912690823843,99.0,P48
161,2458348.87907985,g,4.242962346121128,5.039275201135729,20.39665479823626,99.0,P48
162,2458348.87907985,g,4.242962346121128,5.039275201135729,20.39665479823626,99.0,P48
163,2458350.9387847,g,2.3769588250468328,5.305111256261078,20.34083874878634,99.0,P48
164,2458351.92708335,g,3.20133077921774,3.8272410687508573,20.695360443521004,99.0,P48
165,2458351.92708335,g,3.20133077921774,3.8272410687508573,20.695360443521004,99.0,P48
166,2458360.9389931,g,238.15877409490383,24.163862873752674,17.957899156919908,0.11013607728349405,P48
167,2458361.9566667005,g,231.9859965689576,18.960443973120192,17.98641119665389,0.08871898406464425,P48
168,2458362.9856018997,g,212.91626704457755,16.294267753691827,18.079543514038527,0.08307222314267476,P48
169,2458363.89769095,g,193.7178546736283,10.600719767729501,18.18214149525373,0.059401242736542056,P48
170,2458363.89769095,g,193.7178546736283,10.600719767729501,18.18214149525373,0.059401242736542056,P48
171,2458364.9018287,g,172.04784785666936,12.622598195070847,18.310942511258915,0.0796396497337427,P48
172,2458365.9141204,g,147.61527147417945,10.189026863099672,18.47723739838373,0.07492577529032501,P48
173,2458366.933397,g,132.29264173246995,6.3280658865828485,18.596226400019372,0.05192364012033879,P48
174,2458366.933397,g,132.29264173246995,6.3280658865828485,18.596226400019372,0.05192364012033879,P48
175,2458367.9378009,g,121.59270456597375,8.587686432628653,18.687796826013386,0.07666523790134554,P48
176,2458368.8857639,g,88.89088012857711,7.516470099174968,19.02792260661161,0.09178813710532029,P48
177,2458369.9579514,g,79.40381924332831,6.052145156472914,19.150462142146118,0.08273661934596856,P48
178,2458369.9579514,g,79.40381924332831,6.052145156472914,19.150462142146118,0.08273661934596856,P48
179,2458371.8764699,g,42.4769875914949,6.855866566397046,19.829681348260443,0.1752017640562181,P48
180,2458372.9156307997,g,34.07808932771682,6.298511034342641,20.068877529822213,0.2006284349462678,P48
181,2458372.9156307997,g,34.07808932771682,6.298511034342641,20.068877529822213,0.2006284349462678,P48
182,2458373.9116319,g,25.717662801204657,7.2431873402830576,20.3744868779291,0.30572295463446886,P48
183,2458374.8977893996,g,17.14030922267016,6.688857951213351,20.089195056409203,99.0,P48
184,2458375.9377198997,g,16.07801300884398,7.910324106366848,19.90708929409369,99.0,P48
185,2458376.9407639,g,14.182501379028386,7.15678476896959,20.015780097743924,99.0,P48
186,2458377.8570022997,g,13.880263230907218,6.955488131249598,20.046755954465162,99.0,P48
187,2458378.9400867997,g,13.698731335812848,5.495177306685778,20.302620714470947,99.0,P48
188,2458378.9400867997,g,13.698731335812848,5.495177306685778,20.302620714470947,99.0,P48
189,2458380.8565394,g,9.266796493143687,9.130344656518188,19.75135705967283,99.0,P48
190,2458382.8813599497,g,6.455244815100118,10.0650908555517,19.645530740331587,99.0,P48
191,2458382.8813599497,g,6.455244815100118,10.0650908555517,19.645530740331587,99.0,P48
192,2458384.9720718,g,5.183589421952484,24.20162652459823,18.69296360241963,99.0,P48
193,2458385.88270835,g,1.2127331152208713,22.684655390316603,18.763244523787296,99.0,P48
194,2458385.88270835,g,1.2127331152208713,22.684655390316603,18.763244523787296,99.0,P48
195,2458386.9621412004,g,34.15299265410347,51.41863461850455,17.874773638883035,99.0,P48
196,2458388.8559606,g,14.950649742538308,24.88400086731288,18.662774469640866,99.0,P48
197,2458397.8362153,g,-1.2612565056844978,7.665171684780283,19.94127027255459,99.0,P48
198,2458426.8151042005,g,4.384837482547583,11.658554671813455,19.485963205075596,99.0,P48
199,2458429.7343634,g,5.31758890161461,7.056421862469621,20.031113647049963,99.0,P48
200,2458432.7411574,g,2.334372150716283,9.704517969016136,19.685140067874613,99.0,P48
201,2458435.7092593,g,5.369293183109289,13.409182937901347,19.334069199708345,99.0,P48
202,2458441.7513542003,g,-3.9572386989450195,28.54303060472259,18.51382478120849,99.0,P48
203,2458466.7524537,g,48.9359623709023,202.12162216883823,16.388543051409272,99.0,P48
204,2458471.5932176,g,38.74478452126482,56.296646787860126,17.776368670099906,99.0,P48
205,2458474.6249653,g,-8.256342806549691,23.987909926323496,18.702593965635515,99.0,P48
206,2458482.6500347,g,-7.928978319808864,16.498882297974983,19.108938678362065,99.0,P48
207,2458510.6638194,g,29.14781912907952,40.404287847602916,18.13650634805803,99.0,P48
208,2458688.9797569,g,0.8018751425853387,16.644176827275277,19.099419186464928,99.0,P48
209,2458690.9824769,g,3.6540760162820787,10.816421742769025,19.56736595793359,99.0,P48
210,2458691.9808796,g,6.8200216785691925,10.959745609348307,19.553073804915556,99.0,P48
211,2458694.9398264,g,7.683976599905014,6.374669475669548,20.14143080996915,99.0,P48
212,2458695.9401389,g,3.61245966519958,8.095432185899393,19.88197489135279,99.0,P48
213,2458696.9338078997,g,3.16852204650808,7.630620537988323,19.946175346348163,99.0,P48
214,2458698.9552315,g,0.6331931570716811,6.836120282162587,20.06555075024216,99.0,P48
215,2458701.9596643997,g,6.388222239737908,7.780225017264563,19.925094594904515,99.0,P48
216,2458704.9184028,g,9.013379203417378,9.473378368825905,19.71131278048697,99.0,P48
217,2458707.9160301,g,-0.498696490150557,13.206974904444733,19.35056660764411,99.0,P48
218,2458719.9821181,g,5.82674494422688,12.798868866830254,19.38464601554825,99.0,P48
219,2458725.9178241002,g,-0.5704664685733285,7.416880581575485,19.97702177281569,99.0,P48
220,2458730.9589699,g,10.621526682627024,9.120753068006676,19.752498244277067,99.0,P48
221,2458732.8983565,g,2.957977322801303,7.090124561911424,20.025940326422457,99.0,P48
222,2458735.9202893996,g,6.75335522006293,7.752947843518451,19.928907833295362,99.0,P48
223,2458738.9385069,g,-7.5461842299368165,21.792308158998413,18.806816910374494,99.0,P48
224,2458741.9817244997,g,20.781489089541232,49.52693482100523,17.9154713623956,99.0,P48
225,2458747.813669,g,16.952437594330053,14.005822289791249,19.286803460199685,99.0,P48
226,2458750.8573843,g,11.46614631228104,11.760872400170056,19.47647614388124,99.0,P48
227,2458756.8983796,g,-0.573405851182803,10.454940875368438,19.604271036298165,99.0,P48
228,2458765.9393056,g,7.365708382217602,10.20102320220998,19.630965650738773,99.0,P48
229,2458771.6903704,g,-2.346720440677459,61.66146683042764,17.677540359900263,99.0,P48
230,2458785.8151968,g,10.517687928458148,12.870506914593562,19.37858585851994,99.0,P48
231,2458789.8353704,g,-0.9149415097751862,11.971315930292603,19.457220258538086,99.0,P48
232,2458801.688831,g,11.190662100031453,25.150490376410012,18.651208846128128,99.0,P48
233,2458805.6893287003,g,7.609295113606676,10.992603320759224,19.54982359842156,99.0,P48
234,2458812.6570369997,g,-1.4694981787520147,10.230656638098516,19.62781621642626,99.0,P48
235,2458838.6452431,g,-9.314287264168328,23.43365029339475,18.72797512780414,99.0,P48
236,2458852.6052198997,g,7.090466824964046,17.0329544632863,19.074350025769206,99.0,P48
237,2458861.6062153,g,8.280597626409714,11.796163810586922,19.473223001989375,99.0,P48
238,2458864.6068981,g,2.213868870882562,8.257268210607961,19.86048401047409,99.0,P48
239,2458872.6495832996,g,5.298666509403958,13.642179197728836,19.31536561432019,99.0,P48
240,2458875.6267477,g,-1.0921592520864416,11.223312497169559,19.52727235066442,99.0,P48
241,2458881.6287847,g,2.828498963954993,22.613163578437042,18.766671678326645,99.0,P48
242,2458885.5985532003,g,30.484031002303624,37.32857408898797,18.2224714874966,99.0,P48
243,2459064.9617477003,g,4.110411220034577,28.90269351973888,18.500229194876688,99.0,P48
244,2459084.9246643996,g,0.723089740733724,7.672302178069308,19.94026074056142,99.0,P48
245,2459091.9294097,g,6.54770311788565,11.434528788775683,19.507029308528246,99.0,P48
246,2459092.9537153,g,-3.589504062428027,19.015651471395906,18.954796967106788,99.0,P48
247,2459094.9679397997,g,-43.63322494105394,44.62555779296382,18.028615845216905,99.0,P48
248,2459099.8961227,g,-9.925132533456372,28.952921433211493,18.49834400956177,99.0,P48
249,2459108.8752198997,g,3.641247845862161,11.77625815602215,19.475056695193082,99.0,P48
250,2459111.8566203997,g,7.983139049200764,9.024059785031554,19.764070079459145,99.0,P48
251,2459114.8377662003,g,3.202314258871405,7.892711705114985,19.909509389806605,99.0,P48
252,2459115.9183796,g,6.0694836933278635,8.987143519950813,19.768520796159294,99.0,P48
253,2459116.812037,g,0.26428500494839247,7.888318787089084,19.910113856070176,99.0,P48
254,2459118.9398495,g,3.0600474521771748,7.3178400839386875,19.991617702513956,99.0,P48
255,2459125.8916435,g,7.426886190450767,32.36446227360137,18.377403999825574,99.0,P48
256,2459128.8155150497,g,-2.153626471515974,15.143887431456884,19.201981557306592,99.0,P48
257,2459128.8155150497,g,-2.153626471515974,15.143887431456884,19.201981557306592,99.0,P48
258,2459129.8324421,g,4.121738991734907,12.087830343769195,19.446704099350466,99.0,P48
259,2459130.8570486,g,-0.12239989207732846,12.267314488142194,19.43070124139559,99.0,P48
260,2459134.79078125,g,3.2943925551137436,6.756061940741464,20.07834093265005,99.0,P48
261,2459134.79078125,g,3.2943925551137436,6.756061940741464,20.07834093265005,99.0,P48
262,2459135.7973611,g,9.1660035613509,7.443696813469376,19.97310329984237,99.0,P48
263,2459136.8563136496,g,2.7793262702185584,5.42038199483716,20.317500254177446,99.0,P48
264,2459136.8563136496,g,2.7793262702185584,5.42038199483716,20.317500254177446,99.0,P48
265,2459137.7516782,g,2.3222653660829304,16.400088652956235,19.115459499927045,99.0,P48
266,2459138.8580787005,g,1.9717738848823618,7.789747999130844,19.923766468328076,99.0,P48
267,2459138.8580787005,g,1.9717738848823618,7.789747999130844,19.923766468328076,99.0,P48
268,2459139.8945949,g,10.924243726697911,19.24788483154133,18.941617460582588,99.0,P48
269,2459140.7970949,g,3.892972753808276,5.142157712220141,20.374711507879155,99.0,P48
270,2459140.7970949,g,3.892972753808276,5.142157712220141,20.374711507879155,99.0,P48
271,2459141.8060301,g,0.13720850579618712,8.886988565821051,19.78068843566851,99.0,P48
272,2459142.8823900498,g,0.5136162474067056,5.86064330426604,20.232711764746618,99.0,P48
273,2459142.8823900498,g,0.5136162474067056,5.86064330426604,20.232711764746618,99.0,P48
274,2459144.8349653,g,3.688745039678774,6.940937545233369,20.049029647597415,99.0,P48
275,2459149.9115393995,g,8.251984121074972,31.48813203738101,18.407207744516832,99.0,P48
276,2459152.7650926,g,-8.276251952140587,31.186184079534144,18.417669394090318,99.0,P48
277,2458359.8261,r,184.71892853836175,11.909666572428224,18.233721498018813,0.07,P60+SEDM
