,JD,Filter,Flux,eFlux,Mag,eMag,Telescope
0,2458288.9659722,r,4.234776474144705,10.487126678583532,19.600933703988062,99.0,P48
1,2458300.9207176003,r,-1.3111350308824996,12.239203261428289,19.43319212078549,99.0,P48
2,2458303.9662037003,r,2.879348472810202,6.905390647313322,20.05460435856644,99.0,P48
3,2458310.9523727,r,5.656416776220282,6.036107292490349,20.200682612145616,99.0,P48
4,2458313.9275694,r,-2.4367738161600494,5.038330457892856,20.396858366818066,99.0,P48
5,2458319.9661457995,r,3.594452868601167,4.423520539284921,20.538154868840593,99.0,P48
6,2458322.9870718,r,3.1252953392021614,4.812853768222109,20.446568323029616,99.0,P48
7,2458325.9839352,r,1.4762379661499905,6.157098484754771,20.17913473834534,99.0,P48
8,2458328.9329051003,r,-4.0618870584037925,14.315615903856711,19.263049895396144,99.0,P48
9,2458335.9720832994,r,5.377646531194751,5.269833030192223,20.348082851135665,99.0,P48
10,2458336.976545125,r,2.597123372392314,3.30821428305464,20.85359090825994,99.0,P48
11,2458336.976545125,r,2.597123372392314,3.30821428305464,20.85359090825994,99.0,P48
12,2458336.976545125,r,2.597123372392314,3.30821428305464,20.85359090825994,99.0,P48
13,2458336.976545125,r,2.597123372392314,3.30821428305464,20.85359090825994,99.0,P48
14,2458338.9751967997,r,4.32324173250729,4.027432566607899,20.64000429532397,99.0,P48
15,2458342.9743981003,r,3.051178243783303,4.206785163157014,20.592699155301094,99.0,P48
16,2458344.0075,r,2.8828115612262475,5.771570484948173,20.249339979605644,99.0,P48
17,2458344.9546585497,r,10.34518722281579,3.56924661910768,20.771133597123658,99.0,P48
18,2458344.9546585497,r,10.34518722281579,3.56924661910768,20.771133597123658,99.0,P48
19,2458345.96998845,r,4.51411008606367,2.687786070590294,21.07908824195129,99.0,P48
20,2458345.96998845,r,4.51411008606367,2.687786070590294,21.07908824195129,99.0,P48
21,2458346.923912,r,10.199737064133654,3.7732013906703132,20.710800024578703,99.0,P48
22,2458347.9218056,r,2.876661432889364,3.426159851025744,20.815555935260704,99.0,P48
23,2458348.9260359,r,3.556102026837287,2.518220796665736,21.149840473608826,99.0,P48
24,2458348.9260359,r,3.556102026837287,2.518220796665736,21.149840473608826,99.0,P48
25,2458349.9773148,r,2.1629350715285836,3.464812468516606,20.803375655204846,99.0,P48
26,2458350.9066667003,r,0.48667078417021986,3.626137120587043,20.753964432405773,99.0,P48
27,2458351.9976620004,r,6.937406761928544,2.3011486049395975,21.797072724046224,0.36006203706693674,P48
28,2458351.9976620004,r,6.937406761928544,2.3011486049395975,21.797072724046224,0.36006203706693674,P48
29,2458352.9786227,r,6.569065754322817,3.177371925084274,20.897404854548952,99.0,P48
30,2458353.923422067,r,4.619741854953184,2.4154411663956044,21.195083829874683,99.0,P48
31,2458353.923422067,r,4.619741854953184,2.4154411663956044,21.195083829874683,99.0,P48
32,2458353.923422067,r,4.619741854953184,2.4154411663956044,21.195083829874683,99.0,P48
33,2458354.9584236005,r,3.425783716232224,1.8553089896676873,21.481534366906853,99.0,P48
34,2458354.9584236005,r,3.425783716232224,1.8553089896676873,21.481534366906853,99.0,P48
35,2458354.9584236005,r,3.425783716232224,1.8553089896676873,21.481534366906853,99.0,P48
36,2458354.9584236005,r,3.425783716232224,1.8553089896676873,21.481534366906853,99.0,P48
37,2458354.9584236005,r,3.425783716232224,1.8553089896676873,21.481534366906853,99.0,P48
38,2458355.9135918003,r,3.8454230772127795,4.143282706512636,20.609213570897552,99.0,P48
39,2458355.9135918003,r,3.8454230772127795,4.143282706512636,20.609213570897552,99.0,P48
40,2458355.9135918003,r,3.8454230772127795,4.143282706512636,20.609213570897552,99.0,P48
41,2458356.9250887334,r,10.12179035464648,5.26725543409079,20.34861403951353,99.0,P48
42,2458356.9250887334,r,10.12179035464648,5.26725543409079,20.34861403951353,99.0,P48
43,2458356.9250887334,r,10.12179035464648,5.26725543409079,20.34861403951353,99.0,P48
44,2458357.9337662,r,3.102957315469537,3.8499185321485894,20.688946140331993,99.0,P48
45,2458357.9337662,r,3.102957315469537,3.8499185321485894,20.688946140331993,99.0,P48
46,2458357.9337662,r,3.102957315469537,3.8499185321485894,20.688946140331993,99.0,P48
47,2458357.9337662,r,3.102957315469537,3.8499185321485894,20.688946140331993,99.0,P48
48,2458357.9337662,r,3.102957315469537,3.8499185321485894,20.688946140331993,99.0,P48
49,2458358.9275694,r,-13.307451318046796,10.638625069802284,19.585361230160462,99.0,P48
50,2458359.9450154337,r,4.926304148678026,33.243356938702,18.34831280740098,99.0,P48
51,2458359.9450154337,r,4.926304148678026,33.243356938702,18.34831280740098,99.0,P48
52,2458359.9450154337,r,4.926304148678026,33.243356938702,18.34831280740098,99.0,P48
53,2458360.8439988503,r,0.06622342176096538,8.725292126701182,19.800625048537356,99.0,P48
54,2458360.8439988503,r,0.06622342176096538,8.725292126701182,19.800625048537356,99.0,P48
55,2458362.9048090503,r,3.7001975182556954,6.636592000601388,20.09771219107487,99.0,P48
56,2458362.9048090503,r,3.7001975182556954,6.636592000601388,20.09771219107487,99.0,P48
57,2458363.9655382,r,5.408451293897199,4.528950018605608,20.5125811695477,99.0,P48
58,2458363.9655382,r,5.408451293897199,4.528950018605608,20.5125811695477,99.0,P48
59,2458364.8865625,r,0.7147749566268248,5.3423177407005005,20.333250702574247,99.0,P48
60,2458364.8865625,r,0.7147749566268248,5.3423177407005005,20.333250702574247,99.0,P48
61,2458365.8897917005,r,2.9820071612792742,4.659559292600156,20.48171288297298,99.0,P48
62,2458366.8816088,r,6.4453179992958916,3.158227809046554,20.903966355913774,99.0,P48
63,2458366.8816088,r,6.4453179992958916,3.158227809046554,20.903966355913774,99.0,P48
64,2458367.8926852,r,2.8850668001853768,3.737333433184991,20.72117037423049,99.0,P48
65,2458368.9308796003,r,3.5737944967982203,4.077455685069334,20.626601864900284,99.0,P48
66,2458369.90409145,r,1.0297386249894913,2.5652503806599145,21.129750587341455,99.0,P48
67,2458369.90409145,r,1.0297386249894913,2.5652503806599145,21.129750587341455,99.0,P48
68,2458370.9148148,r,9.473912152573464,3.702856446898806,20.731232800265204,99.0,P48
69,2458371.92563655,r,7.302402141586703,3.3924160922880584,20.826302202499228,99.0,P48
70,2458371.92563655,r,7.302402141586703,3.3924160922880584,20.826302202499228,99.0,P48
71,2458372.8762037335,r,0.38338618332225943,2.7689655394441126,21.04678111200475,99.0,P48
72,2458372.8762037335,r,0.38338618332225943,2.7689655394441126,21.04678111200475,99.0,P48
73,2458372.8762037335,r,0.38338618332225943,2.7689655394441126,21.04678111200475,99.0,P48
74,2458373.9481713,r,0.6912147035193411,4.002638397874611,20.646709095898903,99.0,P48
75,2458374.8904398,r,1.379897211609864,3.7670845675530393,20.71256156460786,99.0,P48
76,2458375.8712326502,r,5.021711196940607,2.7809424362513955,21.042094990819326,99.0,P48
77,2458375.8712326502,r,5.021711196940607,2.7809424362513955,21.042094990819326,99.0,P48
78,2458377.925625,r,1047.041159234766,8.4970717859399,16.350156236907484,0.008809177502037116,P48
79,2458378.9071720666,r,1618.3712863143353,7.09793551195168,15.87737021120004,0.004760841386262119,P48
80,2458378.9071720666,r,1618.3712863143353,7.09793551195168,15.87737021120004,0.004760841386262119,P48
81,2458378.9071720666,r,1618.3712863143353,7.09793551195168,15.87737021120004,0.004760841386262119,P48
82,2458379.9127546,r,1770.7969777903477,10.188013268941798,15.77964369203375,0.0062452604912598035,P48
83,2458380.934537,r,1767.0123492450828,10.142678800254908,15.781966660526844,0.006230787148929904,P48
84,2458382.98765625,r,1538.6010097638812,6.929758724842133,15.932250589473092,0.004889021291472131,P48
85,2458382.98765625,r,1538.6010097638812,6.929758724842133,15.932250589473092,0.004889021291472131,P48
86,2458383.8619618,r,1499.9447749788592,10.876376999824647,15.959877448582127,0.007871161278905123,P48
87,2458383.8619618,r,1499.9447749788592,10.876376999824647,15.959877448582127,0.007871161278905123,P48
88,2458385.8231192,r,1073.3611091199793,8.649088247803347,16.323200983456424,0.008746902802066294,P48
89,2458385.8231192,r,1073.3611091199793,8.649088247803347,16.323200983456424,0.008746902802066294,P48
90,2458386.8694444504,r,960.6072467635173,12.626995130580676,16.443700975765097,0.014268686042527451,P48
91,2458386.8694444504,r,960.6072467635173,12.626995130580676,16.443700975765097,0.014268686042527451,P48
92,2458390.7575116,r,748.3735065649315,11.013889774792515,16.714769611063176,0.015975415010899996,P48
93,2458397.9056597,r,635.0288890471403,6.877246407698815,16.893081915082316,0.011755765925482001,P48
94,2458422.8211689997,r,172.18695314808596,8.341750100049564,18.310065019157918,0.052588013017549916,P48
95,2458423.8463889,r,254.90687683620243,67.97426500482749,17.884111742399472,0.28946282492862496,P48
96,2458424.7677082997,r,270.84165354176537,110.59242365647862,17.04326154960643,99.0,P48
97,2458425.7530092997,r,209.37212562429838,33.160290683546,18.09776846681142,0.171921144849913,P48
98,2458425.7530092997,r,209.37212562429838,33.160290683546,18.09776846681142,0.171921144849913,P48
99,2458426.7712383997,r,262.93999846843286,68.69703171303404,17.850423982113227,0.2836032112225443,P48
100,2458427.7659028,r,241.09140366009714,83.67489246015656,17.346087081984003,99.0,P48
101,2458428.7551852,r,163.56240217050748,6.601482021320991,18.365856921719686,0.04381146668825365,P48
102,2458429.8247222,r,232.366549750278,56.52914584497866,17.984631598533568,0.2640758227923506,P48
103,2458431.76249425,r,143.16526802137193,11.109690025911492,18.510471445652186,0.08423529456408836,P48
104,2458431.76249425,r,143.16526802137193,11.109690025911492,18.510471445652186,0.08423529456408836,P48
105,2458432.8159606005,r,204.9087333035371,61.48535880889328,18.121164450721558,0.32571748363788045,P48
106,2458434.6986227003,r,134.92116495904338,7.647372322886985,18.574865416302472,0.06152646739311611,P48
107,2458435.8121991,r,194.3745887975247,98.92257952168282,17.1643364077293,99.0,P48
108,2458436.7967244997,r,193.76256820977497,96.42677971050684,17.192080831130937,99.0,P48
109,2458437.7904514,r,137.626477373747,5.7909603993278465,18.553310637258736,0.04567498662629784,P48
110,2458437.7904514,r,137.626477373747,5.7909603993278465,18.553310637258736,0.04567498662629784,P48
111,2458438.758912,r,766.7788359000702,1132.6391791702194,14.51734603853667,99.0,P48
112,2458439.7605903,r,225.32001760663263,179.32726231795726,16.51845919310969,99.0,P48
113,2458443.6550694,r,189.26865015101768,117.00195470215294,16.982092195707637,99.0,P48
114,2458447.8397685,r,103.75393869723679,11.395565460824443,18.860054141424133,0.11922329371824002,P48
115,2458448.8908912004,r,162.1389043823339,99.83839428073618,17.1543310202688,99.0,P48
116,2458449.8828009,r,221.40688452316857,198.8778017061257,16.406109212024433,99.0,P48
117,2458450.8113773,r,78.3960552039066,77.19991394453159,17.433532948600273,99.0,P48
118,2458455.8042014,r,76.77584940410155,6.259770384213357,19.18700404746341,0.08850414296687148,P48
119,2458456.7012616,r,69.49474087130393,47.25202622025579,17.966523898453694,99.0,P48
120,2458457.6820949,r,68.62913116766691,69.54282069611523,17.54694423432457,99.0,P48
121,2458461.76395255,r,69.54319307389288,3.4838469891379704,19.294429053720158,0.05437938264771675,P48
122,2458461.76395255,r,69.54319307389288,3.4838469891379704,19.294429053720158,0.05437938264771675,P48
123,2458462.7868056,r,76.02694652324597,21.099389735587135,19.197646751705715,0.30125355029189427,P48
124,2458464.75587965,r,63.97679516930245,3.697994633988716,19.38500942003095,0.06274420537277622,P48
125,2458464.75587965,r,63.97679516930245,3.697994633988716,19.38500942003095,0.06274420537277622,P48
126,2458465.7695255,r,53.01737802758345,6.471653656859795,19.58902000750461,0.13250334712641595,P48
127,2458466.7450231,r,54.212213580779775,11.575539573805635,19.56482277064176,0.23177891802265124,P48
128,2458468.7589815,r,49.70257138063422,6.057629441328507,19.65911847803781,0.13229812011545444,P48
129,2458469.6938194,r,54.41045476977696,8.28663188925408,19.560859732752753,0.16532004655807025,P48
130,2458472.61760995,r,52.561965495226964,7.742725380306988,19.598386630266916,0.15990133399951434,P48
131,2458472.61760995,r,52.561965495226964,7.742725380306988,19.598386630266916,0.15990133399951434,P48
132,2458475.649456,r,53.23986326840989,5.4390525720022325,19.584473293679626,0.11089606930699315,P48
133,2458475.649456,r,53.23986326840989,5.4390525720022325,19.584473293679626,0.11089606930699315,P48
134,2458481.7986689997,r,34.93935265264495,7.2015800046479,20.041778486720233,0.22373955158134604,P48
135,2458486.6204803,r,35.159960878475346,3.6724982164726496,20.034944664346135,0.11338171927323057,P48
136,2458486.6204803,r,35.159960878475346,3.6724982164726496,20.034944664346135,0.11338171927323057,P48
137,2458487.6163426004,r,31.680985510541696,4.527514608016808,20.148068915120135,0.15512828997592037,P48
138,2458488.6184143997,r,36.90526935627999,31.078945369808686,18.42140930648928,99.0,P48
139,2458490.65748265,r,29.644789664709336,3.5346808799348604,20.220194689052548,0.12942902070028606,P48
140,2458490.65748265,r,29.644789664709336,3.5346808799348604,20.220194689052548,0.12942902070028606,P48
141,2458491.6083681,r,32.59438076394757,5.270653075424436,20.117208785728906,0.1755300692719866,P48
142,2458492.6382407,r,34.30460876132074,30.790391067456213,18.431536976924715,99.0,P48
143,2458493.6117303,r,29.935696867033187,3.633405407283126,20.20959219115025,0.13175111931164857,P48
144,2458493.6117303,r,29.935696867033187,3.633405407283126,20.20959219115025,0.13175111931164857,P48
145,2458494.6125578997,r,27.79741219436538,5.245754310911004,20.290054704611066,0.20484879184718283,P48
146,2458503.61920715,r,16.05516876167225,7.591353814622633,19.951776905880344,99.0,P48
147,2458503.61920715,r,16.05516876167225,7.591353814622633,19.951776905880344,99.0,P48
148,2458510.6155787003,r,24.934885707990688,5.2672828212210225,20.40804716748568,0.22930265529964444,P48
149,2458511.6246181,r,14.612372972918738,6.238908629622854,20.164803425845857,99.0,P48
150,2458523.65960065,r,9.32232181764869,3.8303130491645345,20.694489314049893,99.0,P48
151,2458523.65960065,r,9.32232181764869,3.8303130491645345,20.694489314049893,99.0,P48
152,2458540.6230208,r,10.877296032831627,5.763209781541857,20.250913918556442,99.0,P48
153,2458557.62453705,r,-6.1472154986530025,10.192853069619398,19.63183557944753,99.0,P48
154,2458557.62453705,r,-6.1472154986530025,10.192853069619398,19.63183557944753,99.0,P48
155,2458648.963382525,r,0.9541249957312277,5.150193572451036,20.37301610788345,99.0,P48
156,2458648.963382525,r,0.9541249957312277,5.150193572451036,20.37301610788345,99.0,P48
157,2458648.963382525,r,0.9541249957312277,5.150193572451036,20.37301610788345,99.0,P48
158,2458648.963382525,r,0.9541249957312277,5.150193572451036,20.37301610788345,99.0,P48
159,2458655.9477431,r,1.157098836919968,17.11646301244219,19.06903992429998,99.0,P48
160,2458667.976794,r,4.135854514562933,6.871217021261235,20.059990825256463,99.0,P48
161,2458670.9743981003,r,13.940044233014627,4.553894269088669,21.03940524273312,0.35460807343699075,P48
162,2458673.9516319,r,3.2017734374443605,5.234094738307732,20.35547104114967,99.0,P48
163,2458676.9669444,r,7.279723827098381,4.743142742203855,20.462409502420297,99.0,P48
164,2458679.990162,r,0.32171845123256515,7.609004593348117,19.949255373479104,99.0,P48
165,2458680.9323611,r,-1.723221413874177,8.481317548730406,19.83141667936257,99.0,P48
166,2458680.9323611,r,-1.723221413874177,8.481317548730406,19.83141667936257,99.0,P48
167,2458681.9561111,r,7.063827252808832,9.152720586276805,19.74869947804075,99.0,P48
168,2458682.9278587997,r,1.8425105005980649,8.759702755569554,19.796351565579403,99.0,P48
169,2458683.9534838,r,8.492652080088503,5.520312746414928,20.297665782067618,99.0,P48
170,2458683.9534838,r,8.492652080088503,5.520312746414928,20.297665782067618,99.0,P48
171,2458684.9634491,r,3.568282056143569,8.311744491918294,19.853344528465545,99.0,P48
172,2458685.9481944,r,3.685838324548715,6.96731015521618,20.04491212935835,99.0,P48
173,2458686.9252661997,r,6.804523828165075,10.677507635715019,19.581400262479242,99.0,P48
174,2458686.9252661997,r,6.804523828165075,10.677507635715019,19.581400262479242,99.0,P48
175,2458688.9341667006,r,9.701519450077576,7.0243257474759755,20.03606338060114,99.0,P48
176,2458690.927853,r,8.73214704735932,4.675969881097244,20.477895726367542,99.0,P48
177,2458690.927853,r,8.73214704735932,4.675969881097244,20.477895726367542,99.0,P48
178,2458691.9241203996,r,2.363446588998539,6.05527058309552,20.19724110265894,99.0,P48
179,2458693.9896238493,r,6.86726367619267,3.051868462979079,20.941160460704985,99.0,P48
180,2458693.9896238493,r,6.86726367619267,3.051868462979079,20.941160460704985,99.0,P48
181,2458694.9973032,r,6.82908620960523,3.8369633342231224,20.692605866340507,99.0,P48
182,2458695.9679861,r,1.37032904889723,4.310396001196772,20.56628206130204,99.0,P48
183,2458696.96739005,r,5.129510404667188,2.801363873704241,21.0341511799017,99.0,P48
184,2458696.96739005,r,5.129510404667188,2.801363873704241,21.0341511799017,99.0,P48
185,2458697.9257523,r,2.924058417770898,4.034070186229558,20.63821636426789,99.0,P48
186,2458699.9923958504,r,3.2026603891697456,2.8512238432947323,21.01499670378565,99.0,P48
187,2458699.9923958504,r,3.2026603891697456,2.8512238432947323,21.01499670378565,99.0,P48
188,2458700.9442593,r,-1.0265648404596226,4.041747695145862,20.636151990844297,99.0,P48
189,2458701.9957176005,r,17.667999785122205,5.868345937760257,20.782097159021045,0.36054389817249466,P48
190,2458703.94832755,r,3.6555250147270666,2.8897823509950022,21.000412153307842,99.0,P48
191,2458703.94832755,r,3.6555250147270666,2.8897823509950022,21.000412153307842,99.0,P48
192,2458704.9628472,r,2.812728490322176,4.004249632500405,20.646272128181963,99.0,P48
193,2458705.9642014,r,7.874839277733127,3.7938537247729838,20.704873533445564,99.0,P48
194,2458706.9905439503,r,3.598565913938776,2.912890080550437,20.99176474764836,99.0,P48
195,2458706.9905439503,r,3.598565913938776,2.912890080550437,20.99176474764836,99.0,P48
196,2458707.9688426005,r,2.5348885217187496,3.5506330964823136,20.776810496807585,99.0,P48
197,2458708.9983681,r,2.914829154792588,3.982273990848075,20.65224714587584,99.0,P48
198,2458709.9024132,r,-1.950443062384051,5.01146290852193,20.40266368828488,99.0,P48
199,2458709.9024132,r,-1.950443062384051,5.01146290852193,20.40266368828488,99.0,P48
200,2458710.9031771002,r,-0.0028330886271144174,60.978167657738325,17.68963906404921,99.0,P48
201,2458710.9031771002,r,-0.0028330886271144174,60.978167657738325,17.68963906404921,99.0,P48
202,2458711.9187384,r,-1.076152489498848,7.273035702080957,19.998285690526053,99.0,P48
203,2458711.9187384,r,-1.076152489498848,7.273035702080957,19.998285690526053,99.0,P48
204,2458711.9187384,r,-1.076152489498848,7.273035702080957,19.998285690526053,99.0,P48
205,2458712.92471065,r,11.333354883555254,5.710590230436895,20.26087249412573,99.0,P48
206,2458712.92471065,r,11.333354883555254,5.710590230436895,20.26087249412573,99.0,P48
207,2458713.910771567,r,-3.13221754873413,8.988911889359647,19.768307180585346,99.0,P48
208,2458713.910771567,r,-3.13221754873413,8.988911889359647,19.768307180585346,99.0,P48
209,2458713.910771567,r,-3.13221754873413,8.988911889359647,19.768307180585346,99.0,P48
210,2458714.9317901,r,2.693829054929304,6.94306696842369,20.048696603644736,99.0,P48
211,2458714.9317901,r,2.693829054929304,6.94306696842369,20.048696603644736,99.0,P48
212,2458714.9317901,r,2.693829054929304,6.94306696842369,20.048696603644736,99.0,P48
213,2458715.94060765,r,0.8439269699190769,5.4445504715385855,20.312669918870554,99.0,P48
214,2458715.94060765,r,0.8439269699190769,5.4445504715385855,20.312669918870554,99.0,P48
215,2458716.9708507,r,-1.2573511303234464,51.673810321801206,17.869398772361787,99.0,P48
216,2458716.9708507,r,-1.2573511303234464,51.673810321801206,17.869398772361787,99.0,P48
217,2458718.0019618,r,2.315879906535923,59.44035526068239,17.717371498075558,99.0,P48
218,2458718.0019618,r,2.315879906535923,59.44035526068239,17.717371498075558,99.0,P48
219,2458718.98833335,r,-0.6199310367530123,8.759674533071962,19.796355063670333,99.0,P48
220,2458718.98833335,r,-0.6199310367530123,8.759674533071962,19.796355063670333,99.0,P48
221,2458719.9168634,r,0.41046159069081783,49.794190942243574,17.90962828832903,99.0,P48
222,2458721.9614757,r,73.99699788552297,72.51413834388399,17.50151826217715,99.0,P48
223,2458721.9614757,r,73.99699788552297,72.51413834388399,17.50151826217715,99.0,P48
224,2458724.9162731003,r,6.153922109048602,4.850200427910653,20.43817577516095,99.0,P48
225,2458726.8893113,r,1.2119479605990822,26.035545017921898,18.613658305515493,99.0,P48
226,2458726.8893113,r,1.2119479605990822,26.035545017921898,18.613658305515493,99.0,P48
227,2458727.9834606005,r,2.7249875661163037,4.443776067915326,20.533194574850974,99.0,P48
228,2458730.9240508997,r,1.4074804344135579,4.116395698855286,20.61628219980293,99.0,P48
229,2458733.9074306,r,3.7719305032247963,4.094220545213765,20.622146905929505,99.0,P48
230,2458736.9376042006,r,4.370988866215726,4.011228080677137,20.644381596881402,99.0,P48
231,2458738.9113657335,r,0.4778876197409506,5.075838856952699,20.388805424007103,99.0,P48
232,2458738.9113657335,r,0.4778876197409506,5.075838856952699,20.388805424007103,99.0,P48
233,2458738.9113657335,r,0.4778876197409506,5.075838856952699,20.388805424007103,99.0,P48
234,2458739.8980353004,r,4.799644919940028,5.66726963524292,20.269140299574747,99.0,P48
235,2458739.8980353004,r,4.799644919940028,5.66726963524292,20.269140299574747,99.0,P48
236,2458739.8980353004,r,4.799644919940028,5.66726963524292,20.269140299574747,99.0,P48
237,2458739.8980353004,r,4.799644919940028,5.66726963524292,20.269140299574747,99.0,P48
238,2458740.9191377,r,-0.5257783078279632,65.05324285795857,17.61940261238813,99.0,P48
239,2458740.9191377,r,-0.5257783078279632,65.05324285795857,17.61940261238813,99.0,P48
240,2458741.8943287004,r,-1.3576231024337082,66.34637201954202,17.598032040223313,99.0,P48
241,2458741.8943287004,r,-1.3576231024337082,66.34637201954202,17.598032040223313,99.0,P48
242,2458743.8573264,r,-7.038652620290886,15.315681728010658,19.18973415719414,99.0,P48
243,2458745.9468634,r,-1.8406779106734925,68.69176738966766,17.560313262649444,99.0,P48
244,2458745.9468634,r,-1.8406779106734925,68.69176738966766,17.560313262649444,99.0,P48
245,2458747.9530960997,r,3.6928802223576893,46.10190666987248,17.99327777118036,99.0,P48
246,2458747.9530960997,r,3.6928802223576893,46.10190666987248,17.99327777118036,99.0,P48
247,2458748.8510012003,r,17.092980961230236,58.06898615123541,17.74271438019717,99.0,P48
248,2458748.8510012003,r,17.092980961230236,58.06898615123541,17.74271438019717,99.0,P48
249,2458749.7998957997,r,6.219406169125502,4.448506599156243,20.532039391258007,99.0,P48
250,2458750.8118692003,r,8.596727684471196,33.21896131935224,18.34910986681899,99.0,P48
251,2458750.8118692003,r,8.596727684471196,33.21896131935224,18.34910986681899,99.0,P48
252,2458751.8331191996,r,6.509135021548822,37.43025309918557,18.219518079722278,99.0,P48
253,2458751.8331191996,r,6.509135021548822,37.43025309918557,18.219518079722278,99.0,P48
254,2458756.8945139,r,4.1442360538931124,5.110249586372414,20.381469709793205,99.0,P48
255,2458757.8303356003,r,5.31592050112367,5.016852287873577,20.401496703655454,99.0,P48
256,2458758.8258835,r,9.068424654343305,4.890679467812858,20.429151988272032,99.0,P48
257,2458758.8258835,r,9.068424654343305,4.890679467812858,20.429151988272032,99.0,P48
258,2458758.8258835,r,9.068424654343305,4.890679467812858,20.429151988272032,99.0,P48
259,2458759.8332899497,r,1.0925241677159974,3.0400183924567705,20.945384461290764,99.0,P48
260,2458759.8332899497,r,1.0925241677159974,3.0400183924567705,20.945384461290764,99.0,P48
261,2458759.8332899497,r,1.0925241677159974,3.0400183924567705,20.945384461290764,99.0,P48
262,2458759.8332899497,r,1.0925241677159974,3.0400183924567705,20.945384461290764,99.0,P48
263,2458760.8197917,r,-1.672014159644582,4.664654175254194,20.480526359492778,99.0,P48
264,2458761.895154333,r,2.2960144241937592,5.56974775551528,20.287986171274284,99.0,P48
265,2458761.895154333,r,2.2960144241937592,5.56974775551528,20.287986171274284,99.0,P48
266,2458761.895154333,r,2.2960144241937592,5.56974775551528,20.287986171274284,99.0,P48
267,2458763.82287325,r,0.4659250701589034,3.593460057260904,20.76379293450111,99.0,P48
268,2458763.82287325,r,0.4659250701589034,3.593460057260904,20.76379293450111,99.0,P48
269,2458763.82287325,r,0.4659250701589034,3.593460057260904,20.76379293450111,99.0,P48
270,2458763.82287325,r,0.4659250701589034,3.593460057260904,20.76379293450111,99.0,P48
271,2458764.6505324,r,0.1969000350398287,9.431881173433547,19.716079187389994,99.0,P48
272,2458765.7894405997,r,15.381684734804189,10.736875064806505,19.575380240031315,99.0,P48
273,2458765.7894405997,r,15.381684734804189,10.736875064806505,19.575380240031315,99.0,P48
274,2458765.7894405997,r,15.381684734804189,10.736875064806505,19.575380240031315,99.0,P48
275,2458766.6449189996,r,2.417077750026976,18.25915467939995,18.99887331993341,99.0,P48
276,2458767.6424073996,r,6.829308595238266,26.237417753631423,18.605272263633076,99.0,P48
277,2458768.6399653,r,0.0,,,99.0,P48
278,2458769.6377083,r,1.428550035158145,27.478329860061635,18.555099157510835,99.0,P48
279,2458770.6369328997,r,24.469220146764542,34.2626018119668,18.315524141500685,99.0,P48
280,2458771.783256167,r,-45.584022638869314,37.65836141256708,18.212921441392368,99.0,P48
281,2458771.783256167,r,-45.584022638869314,37.65836141256708,18.212921441392368,99.0,P48
282,2458771.783256167,r,-45.584022638869314,37.65836141256708,18.212921441392368,99.0,P48
283,2458772.806192133,r,-38.556930310237256,22.947554723520792,18.75073395365552,99.0,P48
284,2458772.806192133,r,-38.556930310237256,22.947554723520792,18.75073395365552,99.0,P48
285,2458772.806192133,r,-38.556930310237256,22.947554723520792,18.75073395365552,99.0,P48
286,2458773.6375,r,-5.062941876997734,13.044453606205805,19.364010257913073,99.0,P48
287,2458774.6377894,r,11.04968002828923,11.331373030153879,19.516868647138075,99.0,P48
288,2458775.6375116003,r,-5.351943673371896,6.810193703616814,20.069676327140286,99.0,P48
289,2458776.6373147997,r,-3.130514621916941,7.290532639259686,19.995676842630782,99.0,P48
290,2458777.6377199,r,-2.707376775072186,10.604216642431338,19.58887850986563,99.0,P48
291,2458778.6379167004,r,0.061672073796604096,7.331410662693336,19.989606122107148,99.0,P48
292,2458779.6377199,r,10.270405648088056,9.523658606970795,19.70556544183807,99.0,P48
293,2458781.6376273,r,-17.79216883240989,13.713010760189414,19.30974294719241,99.0,P48
294,2458782.6367361,r,3.164478658594354,8.094062821194155,19.882158562164122,99.0,P48
295,2458783.6379398,r,6.765150045908604,8.705012216934293,19.803151526763386,99.0,P48
296,2458785.637581,r,-4.899973786269003,7.402515996915946,19.97912660271657,99.0,P48
297,2458786.6444907,r,3.8808313218212773,8.623537761552337,19.813361315572337,99.0,P48
298,2458787.6368403,r,15.450843264050922,12.17209416310377,19.43916173067619,99.0,P48
299,2458788.6377431,r,6.618167846658554,9.023398977792548,19.764149587865674,99.0,P48
300,2458789.70438655,r,7.014660965878164,5.787769233627875,20.246296971985075,99.0,P48
301,2458789.70438655,r,7.014660965878164,5.787769233627875,20.246296971985075,99.0,P48
302,2458791.8445602003,r,2.030533426737072,5.862830648949067,20.232306615325605,99.0,P48
303,2458792.8590741,r,-0.37701287775399217,6.409345571316107,20.135540769214565,99.0,P48
304,2458793.8690972,r,3.4515029813961857,6.102562105505914,20.1887944693911,99.0,P48
305,2458794.7996759,r,6.062955057757167,7.028518425378559,20.03541551995844,99.0,P48
306,2458795.8148727003,r,1.7248622227056536,7.709573959951674,19.93499904142373,99.0,P48
307,2458796.7965162,r,8.388007576235738,10.765703375928055,19.572468965000148,99.0,P48
308,2458797.8295833,r,10.976155664322166,15.001435236212865,19.21224296062921,99.0,P48
309,2458800.8176389,r,14.68424922303964,15.671565354185475,19.164794043819413,99.0,P48
310,2458801.7790972,r,7.121336824863353,8.979667908517987,19.769424300098876,99.0,P48
311,2458801.7790972,r,7.121336824863353,8.979667908517987,19.769424300098876,99.0,P48
312,2458803.7787384,r,4.224081764261231,6.777861928633722,20.07484319513997,99.0,P48
313,2458803.7787384,r,4.224081764261231,6.777861928633722,20.07484319513997,99.0,P48
314,2458804.7280671,r,9.342775917634576,8.748231057145695,19.797774376543224,99.0,P48
315,2458806.7457755003,r,1.543675445518174,5.022075760652575,20.400366839192813,99.0,P48
316,2458811.6625231,r,-1.2052000993055674,6.838760671352133,20.065131475488233,99.0,P48
317,2458812.7020602003,r,2.0888970682993175,6.956493184119282,20.046599079284626,99.0,P48
318,2458814.6751968,r,-5.131539802326567,15.55714840148426,19.1727500028655,99.0,P48
319,2458819.64818865,r,3.0382855610712816,6.143196727932777,20.181588931006083,99.0,P48
320,2458819.64818865,r,3.0382855610712816,6.143196727932777,20.181588931006083,99.0,P48
321,2458827.7396180998,r,19.83855317586779,19.63660155093472,18.919909169456503,99.0,P48
322,2458830.7329051,r,4.711804633071538,8.660727061244872,19.808689108587593,99.0,P48
323,2458831.7038021004,r,2.2151484180490844,2.9194601967467904,20.9893185927701,99.0,P48
324,2458831.7038021004,r,2.2151484180490844,2.9194601967467904,20.9893185927701,99.0,P48
325,2458833.69782985,r,-1.0921711818955224,5.6331715839306,20.2756925395203,99.0,P48
326,2458833.69782985,r,-1.0921711818955224,5.6331715839306,20.2756925395203,99.0,P48
327,2458836.5959491003,r,-5.230700846862257,6.5851013694193075,20.106168827232615,99.0,P48
328,2458846.6276852,r,1.9420483984490529,6.014987530891561,20.204488160706205,99.0,P48
329,2458849.6488426,r,4.140264978931581,4.531832133935468,20.511890452783348,99.0,P48
330,2458852.6658448996,r,9.319739052953222,6.4528972707581165,20.128188111026425,99.0,P48
331,2458855.7065394,r,-1.0903614246247373,9.559526236327537,19.701484065490384,99.0,P48
332,2458859.695816,r,10.619311348949015,6.7102868006347,20.085722282898715,99.0,P48
333,2458859.695816,r,10.619311348949015,6.7102868006347,20.085722282898715,99.0,P48
334,2458860.6544329,r,6.893897087653476,9.475838856033487,19.7110308226598,99.0,P48
335,2458861.6560532004,r,12.024560719716142,7.647426209023965,19.94378675137263,99.0,P48
336,2458867.5880787005,r,15.878746763495744,9.89720819761419,19.66379322371671,99.0,P48
337,2458871.60462965,r,2.137527516393131,3.3284438837572896,20.84697189086787,99.0,P48
338,2458871.60462965,r,2.137527516393131,3.3284438837572896,20.84697189086787,99.0,P48
339,2458872.6343287,r,-3.2773074949647016,5.585076923095061,20.285002091616086,99.0,P48
340,2458873.6529282,r,7.178986374853469,4.137026792553676,20.610854155364166,99.0,P48
341,2458874.61824075,r,5.312238872921137,4.776515945639457,20.454796909391682,99.0,P48
342,2458874.61824075,r,5.312238872921137,4.776515945639457,20.454796909391682,99.0,P48
343,2458875.61030675,r,0.8760680323669181,3.1605864458052633,20.903155805915482,99.0,P48
344,2458875.61030675,r,0.8760680323669181,3.1605864458052633,20.903155805915482,99.0,P48
345,2458876.6208448997,r,3.5413536979206555,4.2613213767708835,20.578714267426125,99.0,P48
346,2458877.6370486002,r,3.9764754723184645,3.971594082922525,20.655162851683222,99.0,P48
347,2458877.6370486002,r,3.9764754723184645,3.971594082922525,20.655162851683222,99.0,P48
348,2458878.6308333,r,-9.581146541578374,8.515138090796254,19.82709575078436,99.0,P48
349,2458882.6314294003,r,2.622227177920572,5.906261165279267,20.224293372033657,99.0,P48
350,2458882.6314294003,r,2.622227177920572,5.906261165279267,20.224293372033657,99.0,P48
351,2458884.651875,r,-4.013628713702867,12.484938778975618,19.41160894643398,99.0,P48
352,2458885.64106485,r,8.400017303293643,8.21040507661275,19.866663528091607,99.0,P48
353,2458885.64106485,r,8.400017303293643,8.21040507661275,19.866663528091607,99.0,P48
354,2458886.6216088,r,12.323455075853357,8.104970188748258,19.880696434685955,99.0,P48
355,2458887.6051331,r,2.5933899185063085,5.526191125189424,20.29651023650544,99.0,P48
356,2458887.6051331,r,2.5933899185063085,5.526191125189424,20.29651023650544,99.0,P48
357,2458891.6463194,r,-5.154660928538207,6.390666432060591,20.13870961501791,99.0,P48
358,2458892.68526045,r,3.416122452652025,3.5944324895534887,20.763499161341233,99.0,P48
359,2458892.68526045,r,3.416122452652025,3.5944324895534887,20.763499161341233,99.0,P48
360,2458894.6227546004,r,3.3827689631000926,5.605956846979361,20.28095061324773,99.0,P48
361,2458895.6177778,r,2.7494664607523984,5.84161656744852,20.236242370877612,99.0,P48
362,2458899.6101619997,r,4.291010585780016,6.96117203807976,20.045869071592683,99.0,P48
363,2458900.6540741003,r,24.04674614842606,20.7670765034861,18.859136582170798,99.0,P48
364,2458903.6636227,r,10.96151340517894,9.207349909516978,19.742238368957793,99.0,P48
365,2458905.6170891,r,-10.685986820512255,7.925784993894358,19.904969271988072,99.0,P48
366,2458905.6170891,r,-10.685986820512255,7.925784993894358,19.904969271988072,99.0,P48
367,2458913.6574884,r,12.762101087774251,12.6317343424661,19.398917530496888,99.0,P48
368,2458913.6574884,r,12.762101087774251,12.6317343424661,19.398917530496888,99.0,P48
369,2459013.9683796503,r,11.556831672811192,6.960511552658258,20.045972092600266,99.0,P48
370,2459013.9683796503,r,11.556831672811192,6.960511552658258,20.045972092600266,99.0,P48
371,2459013.9683796503,r,11.556831672811192,6.960511552658258,20.045972092600266,99.0,P48
372,2459013.9683796503,r,11.556831672811192,6.960511552658258,20.045972092600266,99.0,P48
373,2459015.96989005,r,-9.737172575469142,7.819626407525622,19.919609977682285,99.0,P48
374,2459015.96989005,r,-9.737172575469142,7.819626407525622,19.919609977682285,99.0,P48
375,2459015.96989005,r,-9.737172575469142,7.819626407525622,19.919609977682285,99.0,P48
376,2459015.96989005,r,-9.737172575469142,7.819626407525622,19.919609977682285,99.0,P48
377,2459017.9704022,r,6.190362996314915,4.560208430401715,20.50511325634502,99.0,P48
378,2459017.9704022,r,6.190362996314915,4.560208430401715,20.50511325634502,99.0,P48
379,2459017.9704022,r,6.190362996314915,4.560208430401715,20.50511325634502,99.0,P48
380,2459017.9704022,r,6.190362996314915,4.560208430401715,20.50511325634502,99.0,P48
381,2459019.9706076253,r,3.7899694670890955,3.783188907908438,20.70792991995276,99.0,P48
382,2459019.9706076253,r,3.7899694670890955,3.783188907908438,20.70792991995276,99.0,P48
383,2459019.9706076253,r,3.7899694670890955,3.783188907908438,20.70792991995276,99.0,P48
384,2459019.9706076253,r,3.7899694670890955,3.783188907908438,20.70792991995276,99.0,P48
385,2459046.9493866,r,-0.030971347754834726,4.939545085414669,20.418357604700773,99.0,P48
386,2459048.9333448997,r,1.3936801179121108,5.2853183361676,20.344897113893616,99.0,P48
387,2459049.93126735,r,1.1520989469976262,3.5500815356027986,20.776979169863253,99.0,P48
388,2459049.93126735,r,1.1520989469976262,3.5500815356027986,20.776979169863253,99.0,P48
389,2459050.9634028,r,3.3869850335657334,5.408344662435566,20.319914087935366,99.0,P48
390,2459051.935544,r,4.25477563879453,5.349654436241722,20.33176066554632,99.0,P48
391,2459052.9296412,r,4.019781522955415,3.3276767330301524,20.847222163773246,99.0,P48
392,2459052.9296412,r,4.019781522955415,3.3276767330301524,20.847222163773246,99.0,P48
393,2459053.9681597,r,-2.333128086320765,4.315783874291191,20.564925769239878,99.0,P48
394,2459054.9318981003,r,-3.9963176848511135,5.000650395851917,20.40500875583999,99.0,P48
395,2459055.9673264003,r,0.38587048568220683,3.174750037524629,20.89830114666259,99.0,P48
396,2459055.9673264003,r,0.38587048568220683,3.174750037524629,20.89830114666259,99.0,P48
397,2459056.9757639,r,6.465963710928216,3.1310800561137757,20.913339559431005,99.0,P48
398,2459056.9757639,r,6.465963710928216,3.1310800561137757,20.913339559431005,99.0,P48
399,2459057.9715046003,r,-2.978711945079875,5.012288225969043,20.402484897526257,99.0,P48
400,2459060.94576965,r,2.77402779128481,3.1639622458329026,20.9019967576302,99.0,P48
401,2459060.94576965,r,2.77402779128481,3.1639622458329026,20.9019967576302,99.0,P48
402,2459061.91425345,r,0.669809695410621,4.284392756094208,20.572851798287758,99.0,P48
403,2459061.91425345,r,0.669809695410621,4.284392756094208,20.572851798287758,99.0,P48
404,2459062.9851099504,r,4.31376043477164,3.568394569298414,20.77139281478567,99.0,P48
405,2459062.9851099504,r,4.31376043477164,3.568394569298414,20.77139281478567,99.0,P48
406,2459063.90804395,r,9.987861734283948,6.879830875055581,20.0586305835904,99.0,P48
407,2459063.90804395,r,9.987861734283948,6.879830875055581,20.0586305835904,99.0,P48
408,2459064.9143673,r,10.746278066335936,5.81204980937341,20.241751670275946,99.0,P48
409,2459064.9143673,r,10.746278066335936,5.81204980937341,20.241751670275946,99.0,P48
410,2459064.9143673,r,10.746278066335936,5.81204980937341,20.241751670275946,99.0,P48
411,2459065.936685967,r,5.894179940331187,6.063239609889231,20.19581316110243,99.0,P48
412,2459065.936685967,r,5.894179940331187,6.063239609889231,20.19581316110243,99.0,P48
413,2459065.936685967,r,5.894179940331187,6.063239609889231,20.19581316110243,99.0,P48
414,2459066.9725385667,r,-1.2213020595867083,4.805140348265981,20.448309796564097,99.0,P48
415,2459066.9725385667,r,-1.2213020595867083,4.805140348265981,20.448309796564097,99.0,P48
416,2459066.9725385667,r,-1.2213020595867083,4.805140348265981,20.448309796564097,99.0,P48
417,2459067.9470197,r,-0.6573665689025568,5.686663497200807,20.265431164016007,99.0,P48
418,2459067.9470197,r,-0.6573665689025568,5.686663497200807,20.265431164016007,99.0,P48
419,2459068.9304918502,r,12.035452894486083,5.5741172243875985,20.287134744807453,99.0,P48
420,2459068.9304918502,r,12.035452894486083,5.5741172243875985,20.287134744807453,99.0,P48
421,2459069.96856485,r,2.3647219912547355,4.263218035728293,20.578231127814128,99.0,P48
422,2459069.96856485,r,2.3647219912547355,4.263218035728293,20.578231127814128,99.0,P48
423,2459073.96693285,r,6.1055396358832,4.345231039812341,20.557542806100436,99.0,P48
424,2459073.96693285,r,6.1055396358832,4.345231039812341,20.557542806100436,99.0,P48
425,2459074.8990683,r,15.641074191172489,10.87196670090337,19.56180470528026,99.0,P48
426,2459074.8990683,r,15.641074191172489,10.87196670090337,19.56180470528026,99.0,P48
427,2459075.9728356497,r,-1.559315443786941,3.4468509605919126,20.80901872609401,99.0,P48
428,2459075.9728356497,r,-1.559315443786941,3.4468509605919126,20.80901872609401,99.0,P48
429,2459076.93154515,r,0.2251595528431308,4.192877331020913,20.596294597544084,99.0,P48
430,2459076.93154515,r,0.2251595528431308,4.192877331020913,20.596294597544084,99.0,P48
431,2459077.948101833,r,0.18759410546545557,2.6078187971313427,21.11188146067815,99.0,P48
432,2459077.948101833,r,0.18759410546545557,2.6078187971313427,21.11188146067815,99.0,P48
433,2459077.948101833,r,0.18759410546545557,2.6078187971313427,21.11188146067815,99.0,P48
434,2459080.99671875,r,4.441781679240417,3.4186112542645875,20.817950694119773,99.0,P48
435,2459080.99671875,r,4.441781679240417,3.4186112542645875,20.817950694119773,99.0,P48
436,2459081.9311285,r,1.4859289603794739,3.4528308949128967,20.80713671676198,99.0,P48
437,2459081.9311285,r,1.4859289603794739,3.4528308949128967,20.80713671676198,99.0,P48
438,2459082.9957812503,r,6.913830287761293,4.494645241518198,20.52083644182954,99.0,P48
439,2459082.9957812503,r,6.913830287761293,4.494645241518198,20.52083644182954,99.0,P48
440,2459083.9661748,r,2.4580468905362336,3.9163214263548243,20.670379167463707,99.0,P48
441,2459083.9661748,r,2.4580468905362336,3.9163214263548243,20.670379167463707,99.0,P48
442,2459084.99828705,r,-0.4973108228984603,3.2886157711771293,20.86004215115513,99.0,P48
443,2459084.99828705,r,-0.4973108228984603,3.2886157711771293,20.86004215115513,99.0,P48
444,2459085.98542245,r,-2.009373349070798,2.7305448469571187,21.061951704508918,99.0,P48
445,2459085.98542245,r,-2.009373349070798,2.7305448469571187,21.061951704508918,99.0,P48
446,2459086.9190547667,r,2.260100238319623,2.5198789691361863,21.14912578432771,99.0,P48
447,2459086.9190547667,r,2.260100238319623,2.5198789691361863,21.14912578432771,99.0,P48
448,2459086.9190547667,r,2.260100238319623,2.5198789691361863,21.14912578432771,99.0,P48
449,2459087.9489892,r,1.0198047263153485,2.849902446887607,21.015500003615443,99.0,P48
450,2459087.9489892,r,1.0198047263153485,2.849902446887607,21.015500003615443,99.0,P48
451,2459087.9489892,r,1.0198047263153485,2.849902446887607,21.015500003615443,99.0,P48
452,2459088.918341067,r,1.9097334213044435,2.9839498295401152,20.96559619696489,99.0,P48
453,2459088.918341067,r,1.9097334213044435,2.9839498295401152,20.96559619696489,99.0,P48
454,2459088.918341067,r,1.9097334213044435,2.9839498295401152,20.96559619696489,99.0,P48
455,2459089.9542978,r,4.691356576374177,2.391279565420351,21.205999107609692,99.0,P48
456,2459089.9542978,r,4.691356576374177,2.391279565420351,21.205999107609692,99.0,P48
457,2459089.9542978,r,4.691356576374177,2.391279565420351,21.205999107609692,99.0,P48
458,2459090.9673997,r,3.062675520042529,2.107433737715764,21.343190168280763,99.0,P48
459,2459090.9673997,r,3.062675520042529,2.107433737715764,21.343190168280763,99.0,P48
460,2459090.9673997,r,3.062675520042529,2.107433737715764,21.343190168280763,99.0,P48
461,2459091.9626968,r,0.40503315223246456,3.5433426470330107,20.779042110782292,99.0,P48
462,2459093.8893808,r,7.5613031103312025,6.05185384352448,20.197853911749235,99.0,P48
463,2459093.8893808,r,7.5613031103312025,6.05185384352448,20.197853911749235,99.0,P48
464,2459094.888572533,r,2.720920214332948,7.365305811871537,19.984598029865385,99.0,P48
465,2459094.888572533,r,2.720920214332948,7.365305811871537,19.984598029865385,99.0,P48
466,2459094.888572533,r,2.720920214332948,7.365305811871537,19.984598029865385,99.0,P48
467,2459095.923966067,r,5.250958956800553,5.796522064339226,20.244656255818427,99.0,P48
468,2459095.923966067,r,5.250958956800553,5.796522064339226,20.244656255818427,99.0,P48
469,2459095.923966067,r,5.250958956800553,5.796522064339226,20.244656255818427,99.0,P48
470,2459096.8535185,r,0.3395328116103451,9.264378155199072,19.735534304504334,99.0,P48
471,2459102.93140625,r,27.28227722283823,13.428043420327956,19.332543146925715,99.0,P48
472,2459102.93140625,r,27.28227722283823,13.428043420327956,19.332543146925715,99.0,P48
473,2459104.9228704,r,7.928127221064606,9.391417376499632,19.720747134069917,99.0,P48
474,2459106.8814005,r,9.724845793688795,5.448248760931353,20.31193266726828,99.0,P48
475,2459109.9122743,r,0.8034710921030025,3.9317690147823607,20.666104999672765,99.0,P48
476,2459109.9122743,r,0.8034710921030025,3.9317690147823607,20.666104999672765,99.0,P48
477,2459110.9694560003,r,0.45275275601633214,4.6647185124819845,20.48051138458292,99.0,P48
478,2459111.9109028,r,0.314562303051863,3.649706633990569,20.746930096758135,99.0,P48
479,2459112.87162615,r,4.159111796799225,2.653965059324891,21.092836986963142,99.0,P48
480,2459112.87162615,r,4.159111796799225,2.653965059324891,21.092836986963142,99.0,P48
481,2459113.8250347,r,-0.7447768630132816,4.717208047392568,20.46836241226095,99.0,P48
482,2459115.8567708004,r,3.46220083057814,3.0768713398828567,20.932301647913377,99.0,P48
483,2459115.8567708004,r,3.46220083057814,3.0768713398828567,20.932301647913377,99.0,P48
484,2459116.8527778,r,2.9901290302407215,3.8214342362014246,20.697009013840386,99.0,P48
485,2459117.8872222,r,2.447379694386337,3.9468469575980536,20.661949272714665,99.0,P48
486,2459118.8151388494,r,2.520928213438127,3.522241859820094,20.785527053878745,99.0,P48
487,2459118.8151388494,r,2.520928213438127,3.522241859820094,20.785527053878745,99.0,P48
488,2459122.8828935,r,-21.625327898172333,11.494623844049054,19.501338079752358,99.0,P48
489,2459123.8236111,r,10.82656148381585,9.248007772735694,19.737454523932378,99.0,P48
490,2459123.8236111,r,10.82656148381585,9.248007772735694,19.737454523932378,99.0,P48
491,2459124.8301967997,r,8.910242252733193,12.248640815193726,19.432355240716934,99.0,P48
492,2459125.8172454,r,-8.358670335145472,11.319800120018147,19.517978093305725,99.0,P48
493,2459127.8847685,r,-17.794379753499733,21.35589200822613,18.828780698996603,99.0,P48
494,2459129.7641204,r,14.820016276748603,8.366907627855948,19.846162553349757,99.0,P48
495,2459131.936331,r,-9.823110467775109,12.834987160686543,19.381586392742932,99.0,P48
496,2459134.8094907003,r,7.088675052365675,5.986030756733036,20.20972762928061,99.0,P48
497,2459136.8269097,r,8.771698521687545,3.9900219397423005,20.650136779841063,99.0,P48
498,2459138.8238889,r,-10.33435137347,4.453498166785489,20.530821794457275,99.0,P48
499,2459140.7614698997,r,4.09286392771093,4.535780368860468,20.51094494659359,99.0,P48
500,2459142.7885532,r,1.9790060181161886,4.127203040368609,20.613435402171987,99.0,P48
501,2459144.9160069,r,3.857254599133643,3.2595780176573506,20.86967153842646,99.0,P48
502,2459146.8012847,r,-35.353313499043246,56.37174051800256,17.774921378706317,99.0,P48
503,2459150.7904167003,r,9.811798871619844,7.903307053720189,19.908052851233997,99.0,P48
504,2459152.7148611,r,1.8858731812279872,11.698968826683632,19.482206029798203,99.0,P48
505,2458296.983044,g,-2.0787220028963143,21.479047336744415,18.822537451336288,99.0,P48
506,2458300.9642593,g,-16.156275478019754,11.22032548712313,19.52756135060042,99.0,P48
507,2458303.9543518997,g,-6.509034582168485,10.966632076352637,19.55239180564486,99.0,P48
508,2458313.967338,g,-6.116175577148448,6.607202392089763,20.102530963314614,99.0,P48
509,2458319.9335764,g,4.282527061505812,5.642588540684499,20.273879032820894,99.0,P48
510,2458322.9646064998,g,-0.21533083759624846,6.520760524412956,20.116829361680615,99.0,P48
511,2458325.9444329,g,6.93886497580662,13.549694578660668,19.32275122425147,99.0,P48
512,2458332.9683680497,g,-18.94633751829687,31.10096827106397,18.42064021368016,99.0,P48
513,2458332.9683680497,g,-18.94633751829687,31.10096827106397,18.42064021368016,99.0,P48
514,2458335.9859027998,g,3.3651026977140557,8.930132461976292,19.775430236933353,99.0,P48
515,2458338.9548380002,g,-6.158423830403148,5.355657411673108,20.330543017982595,99.0,P48
516,2458345.92456015,g,2.142058902190268,3.5658785742008,20.77215861307424,99.0,P48
517,2458345.92456015,g,2.142058902190268,3.5658785742008,20.77215861307424,99.0,P48
518,2458346.9696759,g,-0.7656267776180881,5.096789389378454,20.38433326928498,99.0,P48
519,2458347.992033167,g,3.4046355804399413,3.1019837069600356,20.923476208235115,99.0,P48
520,2458347.992033167,g,3.4046355804399413,3.1019837069600356,20.923476208235115,99.0,P48
521,2458347.992033167,g,3.4046355804399413,3.1019837069600356,20.923476208235115,99.0,P48
522,2458348.9707060503,g,-4.859581070271592,3.264951780103957,20.86788306019303,99.0,P48
523,2458348.9707060503,g,-4.859581070271592,3.264951780103957,20.86788306019303,99.0,P48
524,2458349.9343981002,g,3.833298805923582,4.636255126888576,20.487156672682975,99.0,P48
525,2458350.9511921,g,-4.95391069891869,4.821967043604078,20.444514394644195,99.0,P48
526,2458351.93835645,g,0.06631565019317953,2.367557248393997,21.21682376615857,99.0,P48
527,2458351.93835645,g,0.06631565019317953,2.367557248393997,21.21682376615857,99.0,P48
528,2458352.9305439997,g,-0.8287674481417043,3.9196063384994493,20.66946886089611,99.0,P48
529,2458360.9422974503,g,1.0858075194249923,9.085779523477033,19.756669504237664,99.0,P48
530,2458360.9422974503,g,1.0858075194249923,9.085779523477033,19.756669504237664,99.0,P48
531,2458362.9866319,g,-10.423718970259898,10.238478865441897,19.62698639380473,99.0,P48
532,2458363.8794039497,g,7.523667345167966,7.853028124432165,19.914982107122224,99.0,P48
533,2458363.8794039497,g,7.523667345167966,7.853028124432165,19.914982107122224,99.0,P48
534,2458364.9277314497,g,-2.6509766756528834,8.32208761358691,19.85199428000302,99.0,P48
535,2458364.9277314497,g,-2.6509766756528834,8.32208761358691,19.85199428000302,99.0,P48
536,2458365.9298900496,g,-0.47936540794843413,5.013572884162896,20.402206657102994,99.0,P48
537,2458365.9298900496,g,-0.47936540794843413,5.013572884162896,20.402206657102994,99.0,P48
538,2458366.92644675,g,-2.220906632183399,3.111997512195896,20.91997688632857,99.0,P48
539,2458366.92644675,g,-2.220906632183399,3.111997512195896,20.91997688632857,99.0,P48
540,2458367.9374768664,g,-2.46351734140921,2.709300765342305,21.0704319399602,99.0,P48
541,2458367.9374768664,g,-2.46351734140921,2.709300765342305,21.0704319399602,99.0,P48
542,2458367.9374768664,g,-2.46351734140921,2.709300765342305,21.0704319399602,99.0,P48
543,2458368.9098843,g,-2.8766164193484967,4.266421189237534,20.577415670136222,99.0,P48
544,2458369.95194445,g,-1.9285248177145393,2.5355382616716704,21.14239956789629,99.0,P48
545,2458369.95194445,g,-1.9285248177145393,2.5355382616716704,21.14239956789629,99.0,P48
546,2458370.8873147997,g,0.21641936344489016,4.218674471811835,20.589634951807522,99.0,P48
547,2458371.884294,g,-0.036476093905432126,3.5920951435440633,20.764205410980704,99.0,P48
548,2458372.919814834,g,-0.5972120084480702,3.1137437139419903,20.91936782969181,99.0,P48
549,2458372.919814834,g,-0.5972120084480702,3.1137437139419903,20.91936782969181,99.0,P48
550,2458372.919814834,g,-0.5972120084480702,3.1137437139419903,20.91936782969181,99.0,P48
551,2458373.9066088,g,1.8936692499878058,3.8710326919389364,20.68300789148209,99.0,P48
552,2458374.93096065,g,-0.1070606259596971,3.902359297911104,20.674256856039314,99.0,P48
553,2458374.93096065,g,-0.1070606259596971,3.902359297911104,20.674256856039314,99.0,P48
554,2458375.9327083,g,-1.14468721238275,2.61356492048327,21.10949175824822,99.0,P48
555,2458375.9327083,g,-1.14468721238275,2.61356492048327,21.10949175824822,99.0,P48
556,2458376.9783796,g,361.61661630007353,6.001938202000649,17.504444676999352,0.018016605500410406,P48
557,2458377.8897337997,g,1384.1243471925475,10.188355745490817,16.047127852049545,0.00799022153187497,P48
558,2458378.9675694667,g,2001.1603425887688,8.317884047375513,15.646860902801071,0.004511913883794947,P48
559,2458378.9675694667,g,2001.1603425887688,8.317884047375513,15.646860902801071,0.004511913883794947,P48
560,2458378.9675694667,g,2001.1603425887688,8.317884047375513,15.646860902801071,0.004511913883794947,P48
561,2458379.9449306,g,2128.052406555494,12.253674386118238,15.580109824975626,0.006250486832540551,P48
562,2458382.9457059996,g,1623.915621180686,7.5507439133067855,15.873656973516333,0.005047265024727873,P48
563,2458382.9457059996,g,1623.915621180686,7.5507439133067855,15.873656973516333,0.005047265024727873,P48
564,2458383.9785764,g,1380.0236918277947,10.0177944004459,16.050349266529583,0.007879803720819721,P48
565,2458384.90429975,g,1083.3417502204281,10.073008608805363,16.313151921110926,0.010093076208531079,P48
566,2458384.90429975,g,1083.3417502204281,10.073008608805363,16.313151921110926,0.010093076208531079,P48
567,2458385.933213733,g,946.053156835046,9.333562074062792,16.46027677421762,0.010709315389094679,P48
568,2458385.933213733,g,946.053156835046,9.333562074062792,16.46027677421762,0.010709315389094679,P48
569,2458385.933213733,g,946.053156835046,9.333562074062792,16.46027677421762,0.010709315389094679,P48
570,2458386.9667361,g,774.6056958110291,15.917032948045678,16.677363907019693,0.022305463745671536,P48
571,2458388.843912,g,881.9997623779393,417.52265945265714,15.600874863813242,99.0,P48
572,2458389.8916435,g,820.0728067405015,360.1541530162753,15.761353921444456,99.0,P48
573,2458390.8683275497,g,568.2702833739412,13.127154651909562,17.01367825721947,0.025075262232692106,P48
574,2458390.8683275497,g,568.2702833739412,13.127154651909562,17.01367825721947,0.025075262232692106,P48
575,2458397.8735069,g,338.51362201945807,5.728193435978735,17.576125248083457,0.0183684010636284,P48
576,2458425.8592014,g,79.81828145195881,4.670337648564559,19.144809690133215,0.06351491695004936,P48
577,2458426.8388773,g,332.07823771786946,143.12461039277198,16.763289195487154,99.0,P48
578,2458427.7069213,g,1702.4177509329022,1434.2058228379926,14.261046285676267,99.0,P48
579,2458428.7193171,g,60.50618165101213,5.641921049518871,19.445566255081673,0.10121784472496602,P48
580,2458430.7759259,g,307.8788875197648,114.04206435127185,17.0099123137552,99.0,P48
581,2458431.7402199,g,60.751598308271646,8.227221465008933,19.441171351695587,0.14700269867716784,P48
582,2458434.766169,g,56.54392053163301,6.6468454953276,19.519100828637736,0.12760259135447913,P48
583,2458435.7037731004,g,302.8998347130495,204.50468546196774,16.375816832421762,99.0,P48
584,2458436.6816667,g,299.33952532815454,282.7223999453831,16.024174442226165,99.0,P48
585,2458437.7447454,g,62.87736201820631,6.750215226388652,19.403829840155854,0.11653412918505111,P48
586,2458440.7347569,g,113.85918914765443,160.31630110527377,16.640130779030468,99.0,P48
587,2458443.7231134,g,300.438757445256,463.4217123550878,15.487634045137156,99.0,P48
588,2458450.7866204,g,2.4899677460067537,190.10703587285698,16.455079513090354,99.0,P48
589,2458462.7647337997,g,46.99863953489868,10.208329760017195,19.719852405689625,0.23577580253722877,P48
590,2458466.7565856003,g,8.531279536647263,29.986248192099755,18.4602696609896,99.0,P48
591,2458469.6630903,g,26.64306385319809,8.528550723142022,20.336105208233786,0.3474728680222494,P48
592,2458472.696603,g,31.20578612381513,7.420926858351114,20.164477803208637,0.2581385411275549,P48
593,2458472.696603,g,31.20578612381513,7.420926858351114,20.164477803208637,0.2581385411275549,P48
594,2458472.696603,g,31.20578612381513,7.420926858351114,20.164477803208637,0.2581385411275549,P48
595,2458472.696603,g,31.20578612381513,7.420926858351114,20.164477803208637,0.2581385411275549,P48
596,2458474.60375,g,7.492589385284181,14.41086917587238,19.25584955015389,99.0,P48
597,2458475.6223958503,g,22.81917469205109,9.610077081575572,19.695757811359904,99.0,P48
598,2458475.6223958503,g,22.81917469205109,9.610077081575572,19.695757811359904,99.0,P48
599,2458483.6748842997,g,45.63084806103499,187.44118619905305,16.47041242921467,99.0,P48
600,2458487.677419,g,15.392506503753166,4.250455150675168,20.93179225787022,0.299747741859514,P48
601,2458488.6602199,g,4.5533842345879325,53.98344160638539,17.82192356746124,99.0,P48
602,2458490.6231712997,g,15.09842105948582,4.4141795084219195,20.952736790639822,0.3173571486391685,P48
603,2458490.6231712997,g,15.09842105948582,4.4141795084219195,20.952736790639822,0.3173571486391685,P48
604,2458491.6578935003,g,28.65226566992049,5.489608772030609,20.257168198841356,0.20797553640915134,P48
605,2458492.6751505,g,-6.134671936903325,12.589564171460836,19.40254824951496,99.0,P48
606,2458493.6723900503,g,19.21442370632972,3.514687149616146,20.690997214022428,0.19855879932800197,P48
607,2458493.6723900503,g,19.21442370632972,3.514687149616146,20.690997214022428,0.19855879932800197,P48
608,2458494.6694792,g,25.33164861068658,4.8316326950656,20.390906984637184,0.2070428723806443,P48
609,2458495.6737731,g,33.44771459166265,17.80998984045421,19.025915809849955,99.0,P48
610,2458503.6500462997,g,18.952318763620603,8.870956162495512,19.782648906402663,99.0,P48
611,2458503.6500462997,g,18.952318763620603,8.870956162495512,19.782648906402663,99.0,P48
612,2458505.6529051,g,1.7805419607736535,12.947365202222294,19.37212149370724,99.0,P48
613,2458509.68259835,g,18.34628142945262,5.2911289189562885,20.741195494180378,0.3130618301922786,P48
614,2458509.68259835,g,18.34628142945262,5.2911289189562885,20.741195494180378,0.3130618301922786,P48
615,2458510.6431829,g,21.331446247270375,8.339811312390324,19.849684426988475,99.0,P48
616,2458511.6426272998,g,10.03310753111702,6.7552247069074385,20.07847548905616,99.0,P48
617,2458522.6449073995,g,-0.1286096499264348,9.523208636706668,19.705616741508575,99.0,P48
618,2458523.6220486,g,20.792648675743198,9.64444790753234,19.691881559955362,99.0,P48
619,2458534.6324074,g,21.714457923465375,12.074442119603981,19.447907304156907,99.0,P48
620,2458534.6324074,g,21.714457923465375,12.074442119603981,19.447907304156907,99.0,P48
621,2458539.6339178,g,7.895989223267431,4.599133158595097,20.49588502947476,99.0,P48
622,2458539.6339178,g,7.895989223267431,4.599133158595097,20.49588502947476,99.0,P48
623,2458540.6419213,g,-5.902204641398243,10.20522088585594,19.630518966169568,99.0,P48
624,2458557.64065395,g,-28.424749744232233,13.740544293994178,19.307565148035934,99.0,P48
625,2458557.64065395,g,-28.424749744232233,13.740544293994178,19.307565148035934,99.0,P48
626,2458655.9734491003,g,8.461590963807787,23.237963423009045,18.737079829703475,99.0,P48
627,2458667.9476505,g,0.6689908419559589,5.474802515569871,20.30665384382482,99.0,P48
628,2458670.9519676003,g,2.426102889337956,4.3390680061615745,20.559083846972868,99.0,P48
629,2458673.9706134,g,-1.8543771192178553,4.861150778658324,20.43572725959448,99.0,P48
630,2458676.9361227,g,-5.547950478843758,6.159813159078803,20.17865614105883,99.0,P48
631,2458680.9903704,g,-13.949947742519974,20.15810254077745,18.89145086402838,99.0,P48
632,2458681.9908681,g,-14.077667011071023,17.519116435243202,19.043794491568185,99.0,P48
633,2458682.9635069002,g,-7.3867516471846235,11.021799025077481,19.546943769908566,99.0,P48
634,2458683.97872105,g,-1.8943753843915265,9.363527927889063,19.72397621375164,99.0,P48
635,2458683.97872105,g,-1.8943753843915265,9.363527927889063,19.72397621375164,99.0,P48
636,2458684.9261573995,g,3.7343390034051307,13.26003383394004,19.346213408649696,99.0,P48
637,2458685.9739698996,g,-9.22526862634008,9.586073927377894,19.698473054338685,99.0,P48
638,2458686.9891435,g,-7.665577431814783,8.585663925999675,19.81814027761937,99.0,P48
639,2458686.9891435,g,-7.665577431814783,8.585663925999675,19.81814027761937,99.0,P48
640,2458688.9782407,g,-2.3602590081344847,8.874757472976226,19.78218375514841,99.0,P48
641,2458690.9696006505,g,0.08485498265822328,5.0941665924063155,20.384892130631915,99.0,P48
642,2458690.9696006505,g,0.08485498265822328,5.0941665924063155,20.384892130631915,99.0,P48
643,2458691.9823611,g,-3.8615409571291335,5.841532608165246,20.23625797585401,99.0,P48
644,2458693.94890625,g,2.7427756065087943,2.809815871651067,21.030880335790442,99.0,P48
645,2458693.94890625,g,2.7427756065087943,2.809815871651067,21.030880335790442,99.0,P48
646,2458694.9412963,g,1.7845510244890792,3.662165072921621,20.743230198336953,99.0,P48
647,2458695.9542245,g,5.538133809233003,4.557673123987647,20.50571705318498,99.0,P48
648,2458696.9485127497,g,0.11545270427694393,2.947064653882427,20.979100829958988,99.0,P48
649,2458696.9485127497,g,0.11545270427694393,2.947064653882427,20.979100829958988,99.0,P48
650,2458697.982322533,g,-6.575678898300501,4.09346955439569,20.622346077591594,99.0,P48
651,2458697.982322533,g,-6.575678898300501,4.09346955439569,20.622346077591594,99.0,P48
652,2458697.982322533,g,-6.575678898300501,4.09346955439569,20.622346077591594,99.0,P48
653,2458698.966088,g,-8.35588774591885,4.611317772074262,20.493012361499567,99.0,P48
654,2458699.9717766,g,2.8917836293217127,2.8645887296964783,21.00991929185214,99.0,P48
655,2458699.9717766,g,2.8917836293217127,2.8645887296964783,21.00991929185214,99.0,P48
656,2458700.9634491,g,2.738386645995551,4.077319016144969,20.62663825741993,99.0,P48
657,2458701.9637268996,g,-1.9023721570596162,3.8420362602120135,20.691171340880853,99.0,P48
658,2458703.9916088004,g,-2.0587247661807657,3.3609751236896153,20.836411744050164,99.0,P48
659,2458703.9916088004,g,-2.0587247661807657,3.3609751236896153,20.836411744050164,99.0,P48
660,2458704.9426389,g,-6.150783559037966,4.414395339042253,20.540396927700677,99.0,P48
661,2458705.9953125,g,-0.760111467111225,5.891083104526886,20.22708711591237,99.0,P48
662,2458706.9675346995,g,-3.2045959084641384,2.7409399251580373,21.057826196789026,99.0,P48
663,2458706.9675346995,g,-3.2045959084641384,2.7409399251580373,21.057826196789026,99.0,P48
664,2458707.9446412004,g,-1.1102897799184814,4.047115326197493,20.634711038708858,99.0,P48
665,2458708.9784606,g,1.6104125972565981,3.795913810454822,20.704284132082684,99.0,P48
666,2458710.00059315,g,-6.424977523471509,5.5766618310933875,20.286639215004275,99.0,P48
667,2458710.00059315,g,-6.424977523471509,5.5766618310933875,20.286639215004275,99.0,P48
668,2458710.00059315,g,-6.424977523471509,5.5766618310933875,20.286639215004275,99.0,P48
669,2458710.00059315,g,-6.424977523471509,5.5766618310933875,20.286639215004275,99.0,P48
670,2458711.9951157,g,2.2642037366485077,9.555001352595328,19.701998106986757,99.0,P48
671,2458712.9715914503,g,7.10712054969878,6.7704286075759,20.07603458184404,99.0,P48
672,2458712.9715914503,g,7.10712054969878,6.7704286075759,20.07603458184404,99.0,P48
673,2458714.9645022997,g,13.998992492602605,9.422227606743501,19.717191011650534,99.0,P48
674,2458716.00551505,g,-8.675567987465623,7.41692451297956,19.97701534184055,99.0,P48
675,2458716.00551505,g,-8.675567987465623,7.41692451297956,19.97701534184055,99.0,P48
676,2458718.9404282,g,-8.490607077112964,8.100080318046464,19.88135167606474,99.0,P48
677,2458724.9366897997,g,-1.8833035725290175,4.143499765616487,20.60915669262701,99.0,P48
678,2458725.9357928,g,-16.201714060564875,96.79148901767148,17.187982061673182,99.0,P48
679,2458725.9357928,g,-16.201714060564875,96.79148901767148,17.187982061673182,99.0,P48
680,2458726.9611979,g,-9.634831493968788,96.8981846943582,17.1867858866932,99.0,P48
681,2458726.9611979,g,-9.634831493968788,96.8981846943582,17.1867858866932,99.0,P48
682,2458727.9178356,g,-3.3612726236479724,4.086125465489824,20.6242957451092,99.0,P48
683,2458730.9678819,g,-2.8134628186667134,4.389391188116153,20.54656427054629,99.0,P48
684,2458733.9651794,g,-2.2805720957670026,98.6686627618398,17.16712688333667,99.0,P48
685,2458733.9651794,g,-2.2805720957670026,98.6686627618398,17.16712688333667,99.0,P48
686,2458734.9474479,g,4.417758262450023,101.04222786427633,17.14131770580011,99.0,P48
687,2458734.9474479,g,4.417758262450023,101.04222786427633,17.14131770580011,99.0,P48
688,2458736.9822801,g,-0.3652618146030997,3.921213958074627,20.66902363941808,99.0,P48
689,2458737.945544,g,15.144628398832031,156.8205265173267,16.664067720046535,99.0,P48
690,2458737.945544,g,15.144628398832031,156.8205265173267,16.664067720046535,99.0,P48
691,2458738.9443634334,g,11.42742760912381,8.077572274041774,19.884372857772455,99.0,P48
692,2458738.9443634334,g,11.42742760912381,8.077572274041774,19.884372857772455,99.0,P48
693,2458738.9443634334,g,11.42742760912381,8.077572274041774,19.884372857772455,99.0,P48
694,2458740.0190914497,g,-1.3066223978396898,7.2997212302552255,19.99430930134977,99.0,P48
695,2458740.0190914497,g,-1.3066223978396898,7.2997212302552255,19.99430930134977,99.0,P48
696,2458746.9285339336,g,-13.585882659009059,10.07185809840463,19.644800993152387,99.0,P48
697,2458746.9285339336,g,-13.585882659009059,10.07185809840463,19.644800993152387,99.0,P48
698,2458746.9285339336,g,-13.585882659009059,10.07185809840463,19.644800993152387,99.0,P48
699,2458749.843294733,g,-6.638858030050377,4.988016397342632,20.407755307945756,99.0,P48
700,2458749.843294733,g,-6.638858030050377,4.988016397342632,20.407755307945756,99.0,P48
701,2458749.843294733,g,-6.638858030050377,4.988016397342632,20.407755307945756,99.0,P48
702,2458751.9573437497,g,642.815777538731,414.95124271339614,15.607582315238286,99.0,P48
703,2458751.9573437497,g,642.815777538731,414.95124271339614,15.607582315238286,99.0,P48
704,2458756.9379977,g,-6.276801139988537,4.950406577857138,20.415972816437865,99.0,P48
705,2458757.9277160666,g,-1.9557947078667746,5.412571659602763,20.319065841084786,99.0,P48
706,2458757.9277160666,g,-1.9557947078667746,5.412571659602763,20.319065841084786,99.0,P48
707,2458757.9277160666,g,-1.9557947078667746,5.412571659602763,20.319065841084786,99.0,P48
708,2458758.911593367,g,-0.1545785966613146,5.049276298425921,20.394502148874697,99.0,P48
709,2458758.911593367,g,-0.1545785966613146,5.049276298425921,20.394502148874697,99.0,P48
710,2458758.911593367,g,-0.1545785966613146,5.049276298425921,20.394502148874697,99.0,P48
711,2458759.9127025,g,-0.8123397527129966,2.966066825262215,20.97212266059855,99.0,P48
712,2458759.9127025,g,-0.8123397527129966,2.966066825262215,20.97212266059855,99.0,P48
713,2458760.898028566,g,4.768592956534428,4.8453356465740445,20.439265321861214,99.0,P48
714,2458760.898028566,g,4.768592956534428,4.8453356465740445,20.439265321861214,99.0,P48
715,2458760.898028566,g,4.768592956534428,4.8453356465740445,20.439265321861214,99.0,P48
716,2458761.7917245,g,4.44481762924065,5.632651651642176,20.27579275577581,99.0,P48
717,2458762.7918229,g,5.370300424244399,115.32299241457635,16.997785231693214,99.0,P48
718,2458762.7918229,g,5.370300424244399,115.32299241457635,16.997785231693214,99.0,P48
719,2458763.9186632005,g,-2.0309295530800116,3.381165830426396,20.82990881063877,99.0,P48
720,2458763.9186632005,g,-2.0309295530800116,3.381165830426396,20.82990881063877,99.0,P48
721,2458763.9186632005,g,-2.0309295530800116,3.381165830426396,20.82990881063877,99.0,P48
722,2458763.9186632005,g,-2.0309295530800116,3.381165830426396,20.82990881063877,99.0,P48
723,2458764.7569907666,g,2.4558739890613444,12.323335990037418,19.425754265459844,99.0,P48
724,2458764.7569907666,g,2.4558739890613444,12.323335990037418,19.425754265459844,99.0,P48
725,2458764.7569907666,g,2.4558739890613444,12.323335990037418,19.425754265459844,99.0,P48
726,2458765.6701389,g,-11.978803727636006,11.832135107501434,19.469917188930232,99.0,P48
727,2458766.7571488996,g,-8.924576642591715,15.23538858856718,19.195441149996853,99.0,P48
728,2458766.7571488996,g,-8.924576642591715,15.23538858856718,19.195441149996853,99.0,P48
729,2458766.7571488996,g,-8.924576642591715,15.23538858856718,19.195441149996853,99.0,P48
730,2458767.6662037005,g,-4.431835037125569,33.18920441535365,18.35008288421279,99.0,P48
731,2458768.766936733,g,0.5520693019139938,20.83274410485608,18.85570879087433,99.0,P48
732,2458768.766936733,g,0.5520693019139938,20.83274410485608,18.85570879087433,99.0,P48
733,2458768.766936733,g,0.5520693019139938,20.83274410485608,18.85570879087433,99.0,P48
734,2458769.6667245,g,-6.103119165315736,28.99159800291149,18.496894603866664,99.0,P48
735,2458770.6667823996,g,-18.43948156309542,36.58061193439797,18.24444757354861,99.0,P48
736,2458771.6670139,g,-34.03671336388679,35.88445451360866,18.265309117095413,99.0,P48
737,2458772.7534837667,g,-8.321361652371275,24.099968519957283,18.69753380094039,99.0,P48
738,2458772.7534837667,g,-8.321361652371275,24.099968519957283,18.69753380094039,99.0,P48
739,2458772.7534837667,g,-8.321361652371275,24.099968519957283,18.69753380094039,99.0,P48
740,2458773.6659838,g,10.988643269242173,37.286861850170474,18.223685405019516,99.0,P48
741,2458774.6659259,g,-0.18810608292330527,11.033813811605743,19.545760861039682,99.0,P48
742,2458775.6660301,g,-1.4670495383208975,6.100297990822235,20.189197363678602,99.0,P48
743,2458776.6652546003,g,-6.623881787088531,6.314027353220642,20.15180884170315,99.0,P48
744,2458777.6656944,g,-1.2059860901534423,7.942372827607513,19.902699314960458,99.0,P48
745,2458778.6659028,g,1.2253166902707626,6.170196344935766,20.176827528766715,99.0,P48
746,2458779.8166628,g,-3.1434735805217966,6.777941323071213,20.074830477130767,99.0,P48
747,2458779.8166628,g,-3.1434735805217966,6.777941323071213,20.074830477130767,99.0,P48
748,2458779.8166628,g,-3.1434735805217966,6.777941323071213,20.074830477130767,99.0,P48
749,2458781.6656712997,g,-1.832104127392491,9.714256732187382,19.684051046675926,99.0,P48
750,2458782.73868055,g,-3.0793434124057697,8.436991986275274,19.83710589765841,99.0,P48
751,2458782.73868055,g,-3.0793434124057697,8.436991986275274,19.83710589765841,99.0,P48
752,2458783.7133063334,g,-3.5773580625692203,6.999577565389674,20.03989541289438,99.0,P48
753,2458783.7133063334,g,-3.5773580625692203,6.999577565389674,20.03989541289438,99.0,P48
754,2458783.7133063334,g,-3.5773580625692203,6.999577565389674,20.03989541289438,99.0,P48
755,2458785.8096257667,g,-2.1446110014568625,6.767858872719915,20.07644675424138,99.0,P48
756,2458785.8096257667,g,-2.1446110014568625,6.767858872719915,20.07644675424138,99.0,P48
757,2458785.8096257667,g,-2.1446110014568625,6.767858872719915,20.07644675424138,99.0,P48
758,2458786.7035339666,g,2.162906379361284,7.1298644126710355,20.01987181158102,99.0,P48
759,2458786.7035339666,g,2.162906379361284,7.1298644126710355,20.01987181158102,99.0,P48
760,2458786.7035339666,g,2.162906379361284,7.1298644126710355,20.01987181158102,99.0,P48
761,2458787.6650347,g,-10.810861324848652,7.9821326604711365,19.897277635804343,99.0,P48
762,2458788.800509267,g,-2.7900081108355286,8.645522759654908,19.810596843090707,99.0,P48
763,2458788.800509267,g,-2.7900081108355286,8.645522759654908,19.810596843090707,99.0,P48
764,2458788.800509267,g,-2.7900081108355286,8.645522759654908,19.810596843090707,99.0,P48
765,2458789.818472225,g,-0.9424847203960718,5.282299169504805,20.345517503237087,99.0,P48
766,2458789.818472225,g,-0.9424847203960718,5.282299169504805,20.345517503237087,99.0,P48
767,2458789.818472225,g,-0.9424847203960718,5.282299169504805,20.345517503237087,99.0,P48
768,2458789.818472225,g,-0.9424847203960718,5.282299169504805,20.345517503237087,99.0,P48
769,2458790.786137175,g,-5.14162018763169,3.809286327228939,20.700465944445106,99.0,P48
770,2458790.786137175,g,-5.14162018763169,3.809286327228939,20.700465944445106,99.0,P48
771,2458790.786137175,g,-5.14162018763169,3.809286327228939,20.700465944445106,99.0,P48
772,2458790.786137175,g,-5.14162018763169,3.809286327228939,20.700465944445106,99.0,P48
773,2458791.7939931,g,-0.06546807038260995,4.361176890442256,20.55356573384707,99.0,P48
774,2458792.8514698995,g,0.8686689183399188,5.299947095554023,20.34189615299932,99.0,P48
775,2458797.729375,g,-11.830221214022547,11.543305495472163,19.49674951544614,99.0,P48
776,2458797.729375,g,-11.830221214022547,11.543305495472163,19.49674951544614,99.0,P48
777,2458800.7174074,g,-5.2858343443804765,25.361250687436073,18.64214832184759,99.0,P48
778,2458801.7289005,g,-13.561188480808106,21.009501783455306,18.84653560484446,99.0,P48
779,2458802.744471433,g,-15.606291791033833,27.573656588369314,18.551339083067568,99.0,P48
780,2458802.744471433,g,-15.606291791033833,27.573656588369314,18.551339083067568,99.0,P48
781,2458802.744471433,g,-15.606291791033833,27.573656588369314,18.551339083067568,99.0,P48
782,2458803.7128704,g,1.3765142332387221,12.403354843290789,19.41872706801471,99.0,P48
783,2458806.6968171,g,-4.045165568843617,5.172551175311305,20.368312998889294,99.0,P48
784,2458812.6555671003,g,-11.602339446454488,4.954191808863474,20.4151429468386,99.0,P48
785,2458813.6653009,g,-16.658123971566187,9.523322097470762,19.705603805981248,99.0,P48
786,2458814.7337731,g,-1.6718583380485783,11.28418507615495,19.52139948773857,99.0,P48
787,2458819.7107869997,g,-8.693294036017733,6.254748019045661,20.162050443551717,99.0,P48
788,2458820.6646875,g,14.391465361277424,24.697680458664713,18.67093457071782,99.0,P48
789,2458828.6086111,g,0.7173803125956353,23.348174058348345,18.731942683477527,99.0,P48
790,2458830.6660358505,g,-2.435277975827029,8.813710988700215,19.789677975628592,99.0,P48
791,2458830.6660358505,g,-2.435277975827029,8.813710988700215,19.789677975628592,99.0,P48
792,2458831.6739390665,g,0.1582281554762385,3.639161993202573,20.750071518792794,99.0,P48
793,2458831.6739390665,g,0.1582281554762385,3.639161993202573,20.750071518792794,99.0,P48
794,2458831.6739390665,g,0.1582281554762385,3.639161993202573,20.750071518792794,99.0,P48
795,2458833.6764236,g,-7.181647658454109,7.085807791438092,20.02660157028545,99.0,P48
796,2458836.6309722,g,-3.5677783362530557,5.420625539639637,20.317451471735644,99.0,P48
797,2458846.7173032,g,-0.7753921059876693,5.277267034971541,20.346552312993047,99.0,P48
798,2458849.6143866,g,2.1806042424254355,3.645285996915997,20.74824597096125,99.0,P48
799,2458849.6143866,g,2.1806042424254355,3.645285996915997,20.74824597096125,99.0,P48
800,2458852.60247685,g,-2.1676095842049263,6.895449513278103,20.05616853159933,99.0,P48
801,2458852.60247685,g,-2.1676095842049263,6.895449513278103,20.05616853159933,99.0,P48
802,2458855.65176505,g,8.600336338783535,9.522712383064706,19.705673320609726,99.0,P48
803,2458855.65176505,g,8.600336338783535,9.522712383064706,19.705673320609726,99.0,P48
804,2458859.5853125,g,-15.056612718303855,13.758868045994287,19.30611822519613,99.0,P48
805,2458861.5978819,g,-10.432206603170721,6.06787399826372,20.19498360436883,99.0,P48
806,2458862.6392245,g,-6.1360911260213715,4.1717306845712345,20.601784329646623,99.0,P48
807,2458864.641169,g,-0.04526735941280944,4.461913488215633,20.528772125363247,99.0,P48
808,2458867.6524363505,g,-7.547437242070199,12.397023116075928,19.41928146163213,99.0,P48
809,2458867.6524363505,g,-7.547437242070199,12.397023116075928,19.41928146163213,99.0,P48
810,2458871.6551388996,g,-5.388671601637136,4.788165930390576,20.452152008777468,99.0,P48
811,2458871.6551388996,g,-5.388671601637136,4.788165930390576,20.452152008777468,99.0,P48
812,2458873.6210069,g,-3.3149856524826267,4.652742605920341,20.483302420109418,99.0,P48
813,2458874.663125,g,-9.026890006162837,6.134011591939886,20.183213508237962,99.0,P48
814,2458874.663125,g,-9.026890006162837,6.134011591939886,20.183213508237962,99.0,P48
815,2458875.6429861,g,-7.15975764023087,4.160513956803369,20.604707531092878,99.0,P48
816,2458876.6302662003,g,5.058125037368012,5.86165916123805,20.23252358453213,99.0,P48
817,2458877.6870659497,g,3.5691122670006954,4.6229781302298045,20.490270391809062,99.0,P48
818,2458877.6870659497,g,3.5691122670006954,4.6229781302298045,20.490270391809062,99.0,P48
819,2458882.6066319332,g,-2.161788108202764,6.056534429840567,20.197014513117267,99.0,P48
820,2458882.6066319332,g,-2.161788108202764,6.056534429840567,20.197014513117267,99.0,P48
821,2458882.6066319332,g,-2.161788108202764,6.056534429840567,20.197014513117267,99.0,P48
822,2458884.6080903,g,11.148044013346889,19.32107903107931,18.93749654677729,99.0,P48
823,2458885.6164699,g,-0.2095856570930609,8.362741600308315,19.846703294756857,99.0,P48
824,2458885.6164699,g,-0.2095856570930609,8.362741600308315,19.846703294756857,99.0,P48
825,2458886.6594907003,g,4.495439642286308,16.61504646307349,19.101321088916656,99.0,P48
826,2458887.6929745,g,-13.876721346373694,15.904965062183834,19.148743190543236,99.0,P48
827,2458890.7193403,g,17.524743936427246,24.434488252156534,18.682566869811467,99.0,P48
828,2458891.6574074,g,-0.5214207154333503,4.98080444434451,20.409326262016954,99.0,P48
829,2458891.6574074,g,-0.5214207154333503,4.98080444434451,20.409326262016954,99.0,P48
830,2458892.68065395,g,-1.4413759986140777,3.691360115204503,20.734608950664708,99.0,P48
831,2458892.68065395,g,-1.4413759986140777,3.691360115204503,20.734608950664708,99.0,P48
832,2458893.6517361,g,-4.138881181217361,6.501092778732882,20.120109079135776,99.0,P48
833,2458894.65811345,g,-1.1019466973569116,4.3540629915593865,20.55533821960629,99.0,P48
834,2458894.65811345,g,-1.1019466973569116,4.3540629915593865,20.55533821960629,99.0,P48
835,2458895.6370602003,g,-1.858582468521497,6.633770232689551,20.098173926116555,99.0,P48
836,2458896.6807176,g,-0.5529408653269157,7.3199776688606875,19.99130059877674,99.0,P48
837,2458898.67532985,g,0.8783246431213967,5.366738306660287,20.328298942410733,99.0,P48
838,2458898.67532985,g,0.8783246431213967,5.366738306660287,20.328298942410733,99.0,P48
839,2458899.6555556,g,6.894496597001695,7.440015600787136,19.97364037363912,99.0,P48
840,2458900.6410764,g,-2.326148256013747,9.406751555004915,19.7189758044764,99.0,P48
841,2458903.6089699,g,7.7185965823528555,11.073281517793644,19.541884136176904,99.0,P48
842,2458905.6365798498,g,-1.322226483977391,8.00180404141983,19.894605210146644,99.0,P48
843,2458905.6365798498,g,-1.322226483977391,8.00180404141983,19.894605210146644,99.0,P48
844,2458913.6333044004,g,-16.210654182295887,13.74985223260876,19.30682991190924,99.0,P48
845,2458913.6333044004,g,-16.210654182295887,13.74985223260876,19.30682991190924,99.0,P48
846,2459036.9819329,g,8.526908191852877,17.876754438856167,19.02185330273604,99.0,P48
847,2459040.9823611,g,0.5450646834258441,10.200415632551268,19.631030318763507,99.0,P48
848,2459046.9760764,g,-3.8905104481909283,5.830539845232098,20.238303070122114,99.0,P48
849,2459048.9714814997,g,-0.9105595371291703,5.1320894782415465,20.376839439871652,99.0,P48
850,2459049.96585065,g,-4.037985246580392,3.6406187973739317,20.749636971352786,99.0,P48
851,2459049.96585065,g,-4.037985246580392,3.6406187973739317,20.749636971352786,99.0,P48
852,2459050.9334259,g,-2.5492674664428328,5.230331450161541,20.356251960866018,99.0,P48
853,2459051.9641087996,g,-1.4118767075896526,5.7097453466104415,20.26103314106201,99.0,P48
854,2459052.9725521,g,-5.658296044715471,3.2516125815497263,20.872328000881758,99.0,P48
855,2459052.9725521,g,-5.658296044715471,3.2516125815497263,20.872328000881758,99.0,P48
856,2459053.9236111,g,-10.23296964278135,4.748117603346707,20.461271321155756,99.0,P48
857,2459054.9749537003,g,-0.5305054663370992,4.581768369176845,20.499992164919952,99.0,P48
858,2459055.93389465,g,-0.12462196580046368,3.692579113985135,20.734250466912165,99.0,P48
859,2459055.93389465,g,-0.12462196580046368,3.692579113985135,20.734250466912165,99.0,P48
860,2459056.9509028,g,3.853997376886924,4.223324688774318,20.588438811099433,99.0,P48
861,2459057.9318171,g,-2.0470952407716623,5.1655425243296165,20.369785136307318,99.0,P48
862,2459059.9289525496,g,-2.0295406651625263,3.933996332709996,20.665490112329614,99.0,P48
863,2459059.9289525496,g,-2.0295406651625263,3.933996332709996,20.665490112329614,99.0,P48
864,2459060.98045715,g,-4.135526680591489,3.03218435619059,20.94818598221319,99.0,P48
865,2459060.98045715,g,-4.135526680591489,3.03218435619059,20.94818598221319,99.0,P48
866,2459061.9679513997,g,-0.34173933787525707,3.4975699469887025,20.793158967678124,99.0,P48
867,2459061.9679513997,g,-0.34173933787525707,3.4975699469887025,20.793158967678124,99.0,P48
868,2459062.9437094503,g,-8.325506812383468,5.303479766265993,20.341172698462707,99.0,P48
869,2459062.9437094503,g,-8.325506812383468,5.303479766265993,20.341172698462707,99.0,P48
870,2459063.9670543503,g,2.5551327436510007,6.443853883343259,20.12971077896379,99.0,P48
871,2459063.9670543503,g,2.5551327436510007,6.443853883343259,20.12971077896379,99.0,P48
872,2459064.98392935,g,-1.7141864285244608,8.69716093116422,19.80413122346222,99.0,P48
873,2459064.98392935,g,-1.7141864285244608,8.69716093116422,19.80413122346222,99.0,P48
874,2459065.9661979503,g,-10.90034615962865,9.40845848630383,19.71877880671647,99.0,P48
875,2459065.9661979503,g,-10.90034615962865,9.40845848630383,19.71877880671647,99.0,P48
876,2459066.92662615,g,-9.168876733013828,8.723149427125435,19.800891709202702,99.0,P48
877,2459066.92662615,g,-9.168876733013828,8.723149427125435,19.800891709202702,99.0,P48
878,2459067.97270835,g,-9.461457913487347,8.541279122303512,19.823767702905933,99.0,P48
879,2459067.97270835,g,-9.461457913487347,8.541279122303512,19.823767702905933,99.0,P48
880,2459068.9722646666,g,1.5108103939623745,5.272628746177567,20.347507006480207,99.0,P48
881,2459068.9722646666,g,1.5108103939623745,5.272628746177567,20.347507006480207,99.0,P48
882,2459068.9722646666,g,1.5108103939623745,5.272628746177567,20.347507006480207,99.0,P48
883,2459069.88425925,g,5.984659623563801,7.7713291830129965,19.926336725465553,99.0,P48
884,2459069.88425925,g,5.984659623563801,7.7713291830129965,19.926336725465553,99.0,P48
885,2459073.9021123,g,-0.8254118595971899,5.505390745546194,20.300604617942206,99.0,P48
886,2459073.9021123,g,-0.8254118595971899,5.505390745546194,20.300604617942206,99.0,P48
887,2459075.95006945,g,-0.6839941899480813,4.047425535645913,20.634627820738835,99.0,P48
888,2459075.95006945,g,-0.6839941899480813,4.047425535645913,20.634627820738835,99.0,P48
889,2459076.9722164497,g,-2.3296336329408756,3.353430459471074,20.838851727289452,99.0,P48
890,2459076.9722164497,g,-2.3296336329408756,3.353430459471074,20.838851727289452,99.0,P48
891,2459077.9301157,g,-2.5451174061823956,3.0234932349158825,20.95130248614356,99.0,P48
892,2459077.9301157,g,-2.5451174061823956,3.0234932349158825,20.95130248614356,99.0,P48
893,2459080.9425270003,g,-8.373535057292685,4.543888769251865,20.509005760027648,99.0,P48
894,2459080.9425270003,g,-8.373535057292685,4.543888769251865,20.509005760027648,99.0,P48
895,2459080.9425270003,g,-8.373535057292685,4.543888769251865,20.509005760027648,99.0,P48
896,2459081.9778819,g,-8.524101932912917,6.056513256104571,20.1970183088741,99.0,P48
897,2459082.9155845,g,1.8605525731439985,5.53931823252368,20.293934199213016,99.0,P48
898,2459082.9155845,g,1.8605525731439985,5.53931823252368,20.293934199213016,99.0,P48
899,2459084.9175462998,g,-4.649510940537994,4.428728035624751,20.536877460526384,99.0,P48
900,2459085.9124363502,g,-5.030300774235432,3.318455211452516,20.85023508808725,99.0,P48
901,2459085.9124363502,g,-5.030300774235432,3.318455211452516,20.85023508808725,99.0,P48
902,2459086.992700633,g,-4.2796932205861165,2.4835999515598344,21.164870882401303,99.0,P48
903,2459086.992700633,g,-4.2796932205861165,2.4835999515598344,21.164870882401303,99.0,P48
904,2459086.992700633,g,-4.2796932205861165,2.4835999515598344,21.164870882401303,99.0,P48
905,2459087.9859838,g,0.17579411316459656,3.3725350057156547,20.832683823685386,99.0,P48
906,2459087.9859838,g,0.17579411316459656,3.3725350057156547,20.832683823685386,99.0,P48
907,2459089.0132986,g,2.910402182925487,8.707402436659352,19.802853446553293,99.0,P48
908,2459089.8890278,g,-5.596232000742385,3.012873809118138,20.955122633882425,99.0,P48
909,2459089.8890278,g,-5.596232000742385,3.012873809118138,20.955122633882425,99.0,P48
910,2459089.8890278,g,-5.596232000742385,3.012873809118138,20.955122633882425,99.0,P48
911,2459090.9182446003,g,-8.513685242870364,2.797178859067233,21.035774396146373,99.0,P48
912,2459090.9182446003,g,-8.513685242870364,2.797178859067233,21.035774396146373,99.0,P48
913,2459090.9182446003,g,-8.513685242870364,2.797178859067233,21.035774396146373,99.0,P48
914,2459091.9031192,g,-0.422336355367988,4.349761933678868,20.55641126845088,99.0,P48
915,2459091.9031192,g,-0.422336355367988,4.349761933678868,20.55641126845088,99.0,P48
916,2459092.850544,g,2.4317262348201654,11.919983591107377,19.461885845258557,99.0,P48
917,2459093.9421296003,g,-3.7017900243584796,7.873108229942632,19.912209435067865,99.0,P48
918,2459093.9421296003,g,-3.7017900243584796,7.873108229942632,19.912209435067865,99.0,P48
919,2459094.9942476503,g,-1.6189394521543883,10.483615818027923,19.601297245569988,99.0,P48
920,2459094.9942476503,g,-1.6189394521543883,10.483615818027923,19.601297245569988,99.0,P48
921,2459095.84553815,g,-5.746823219223358,11.3820893301538,19.51202001475255,99.0,P48
922,2459095.84553815,g,-5.746823219223358,11.3820893301538,19.51202001475255,99.0,P48
923,2459097.0027198996,g,10.61636042770558,12.790878794233675,19.38532403015735,99.0,P48
924,2459102.9800231005,g,-37.774249475900724,30.99675728530394,18.424284332538818,99.0,P48
925,2459106.9553762,g,-6.565932320992644,3.8993901867881493,20.675083253145274,99.0,P48
926,2459106.9553762,g,-6.565932320992644,3.8993901867881493,20.675083253145274,99.0,P48
927,2459107.8705207994,g,-3.319275979555401,5.3568148361777075,20.330308402169415,99.0,P48
928,2459109.8614641,g,0.7206862361143797,5.723060685939729,20.258504111446022,99.0,P48
929,2459109.8614641,g,0.7206862361143797,5.723060685939729,20.258504111446022,99.0,P48
930,2459111.854537,g,-0.5434843289496932,4.65090285369886,20.483731818591842,99.0,P48
931,2459112.8271991,g,0.5360837512189187,3.9624249497317168,20.657672365275907,99.0,P48
932,2459114.8254398,g,-5.378527499986916,4.269143042674685,20.576723222668043,99.0,P48
933,2459115.9211806,g,-2.529818338303966,3.8493388747657953,20.68910962493181,99.0,P48
934,2459117.8049768996,g,-5.555597258700349,4.907359972539132,20.425455198623087,99.0,P48
935,2459118.96122685,g,-3.1764129364548928,2.527876791026226,21.145685232738344,99.0,P48
936,2459118.96122685,g,-3.1764129364548928,2.527876791026226,21.145685232738344,99.0,P48
937,2459119.8417708,g,-0.35760582023768983,8.11893864457158,19.878826840605363,99.0,P48
938,2459120.786088,g,-14.230184077376691,10.46861706306278,19.602851704626076,99.0,P48
939,2459121.8022569,g,-5.522495990286323,9.606516504422242,19.696160156088915,99.0,P48
940,2459122.7854282,g,-11.652451812244337,13.46098688660484,19.329882736227752,99.0,P48
941,2459127.9028009,g,-32.280721562180446,37.91381272431159,18.205581337783364,99.0,P48
942,2459129.866875,g,-8.813675180558095,8.563307306561525,19.820971165205826,99.0,P48
943,2459131.8327662004,g,-5.672931530508113,8.077283563938158,19.884411665053108,99.0,P48
944,2459134.7851736,g,-1.1340977460734423,5.622265629492109,20.277796588090332,99.0,P48
945,2459136.8826852003,g,-0.34324897190477427,3.881954668340207,20.67994884017712,99.0,P48
946,2459138.8683565,g,-0.2143612695369843,4.182831032625109,20.598899185633705,99.0,P48
947,2459140.9084606003,g,0.30881924446824816,4.44988634149917,20.531702693106567,99.0,P48
948,2459142.8947222,g,-4.484189585864875,3.643504052404248,20.74877684692193,99.0,P48
949,2459144.8840972,g,-2.2378314577632032,3.128691587991806,20.91416810289464,99.0,P48
950,2459146.859375,g,-41.470713158131794,126.2624569748589,16.89938939884538,99.0,P48
951,2459150.8860301003,g,2.346887603660233,10.319115238228116,19.618468833051047,99.0,P48
952,2459152.7626273,g,0.9694427129841902,15.338726928791415,19.18810169944052,99.0,P48
953,2458403.8142,r,277.8849565545969,81.9040122478318,17.79033740835493,0.32,P60+SEDM
954,2458403.8333,r,316.1295088963671,2.9117574734859266,17.650337408354932,0.01,P60+SEDM
955,2458403.835,g,111.06430574427172,8.183793367911704,18.78606373448958,0.08,P60+SEDM
956,2458403.8367,i,355.997375711588,6.557932683275085,17.521383008706696,0.02,P60+SEDM
957,2458407.8514,r,246.52730986231768,6.81202845709637,17.920337408354932,0.03,P60+SEDM
958,2458407.8542,g,92.37926578075528,12.763092813036096,18.986063734489584,0.15,P60+SEDM
959,2458407.8569,i,296.1057197245251,8.18197622891752,17.721383008706695,0.03,P60+SEDM
960,2458469.5734,r,44.449311328814275,1.6376277545846651,19.78033740835493,0.04,P60+SEDM
961,2458469.5761,g,27.38889469279949,4.793119638603576,20.306063734489584,0.19,P60+SEDM
962,2458469.5787,i,59.62752683322329,2.7460406573281424,19.461383008706694,0.05,P60+SEDM
