,JD,Filter,Flux,eFlux,Mag,eMag,Telescope
0,2458214.8452431,r,3.311782904658057,12.0803334363628,19.447377684992304,99.0,P48
1,2458217.8770254496,r,1.1405698722539248,2.5006030090646725,21.157463115549085,99.0,P48
2,2458217.8770254496,r,1.1405698722539248,2.5006030090646725,21.157463115549085,99.0,P48
3,2458218.8202431,r,1.194606822020995,3.9218739481598948,20.668840911609692,99.0,P48
4,2458219.823287,r,1.3776455148573723,4.361893961750736,20.553387230130667,99.0,P48
5,2458222.905381967,r,0.20580561730905253,2.9162103572745433,20.99052786896442,99.0,P48
6,2458222.905381967,r,0.20580561730905253,2.9162103572745433,20.99052786896442,99.0,P48
7,2458222.905381967,r,0.20580561730905253,2.9162103572745433,20.99052786896442,99.0,P48
8,2458226.81545135,r,-1.9232878401695066,2.52015933616429,21.149004989756357,99.0,P48
9,2458226.81545135,r,-1.9232878401695066,2.52015933616429,21.149004989756357,99.0,P48
10,2458229.8565162,r,-1.2837258271979957,3.2325442249364973,20.87871380105266,99.0,P48
11,2458231.809838,r,1.055794165176099,4.076368548245372,20.62689138397318,99.0,P48
12,2458232.8581712996,r,12.757059268974546,6.632753045972896,20.098340419842792,99.0,P48
13,2458245.8368056,r,-7.130136582917459,7.255520705518469,20.00090352461409,99.0,P48
14,2458248.7953009,r,5.88315969710054,5.066106398032596,20.39088922272398,99.0,P48
15,2458255.7728588,r,-4.210633987281726,3.7094526568040114,20.729300407619785,99.0,P48
16,2458258.7483218,r,-2.5194592648353193,3.655189746728812,20.745300172164427,99.0,P48
17,2458261.7975347,r,-5.360026709777916,6.785463409850539,20.07362620682405,99.0,P48
18,2458270.7999421,r,5.7107856856572425,5.663578979113629,20.269847586249732,99.0,P48
19,2458276.7775405,r,-0.10874903490798855,2.2674489862381133,21.26373117678057,99.0,P48
20,2458276.7775405,r,-0.10874903490798855,2.2674489862381133,21.26373117678057,99.0,P48
21,2458277.7740046,r,-1.9599003165074793,3.345176745098599,20.84152731664088,99.0,P48
22,2458279.734728,r,2.640419049494631,2.4037060941895123,21.200371577791262,99.0,P48
23,2458279.734728,r,2.640419049494631,2.4037060941895123,21.200371577791262,99.0,P48
24,2458280.6893403,r,2.7086187290640735,3.794818047353424,20.704597595843907,99.0,P48
25,2458281.7107639,r,1.785139414894085,3.2569595563116223,20.870544074924425,99.0,P48
26,2458282.7117534503,r,-1.1724511988360427,2.247047218126813,21.273544492851272,99.0,P48
27,2458282.7117534503,r,-1.1724511988360427,2.247047218126813,21.273544492851272,99.0,P48
28,2458283.7271875,r,4.1915942951771585,3.280128737643913,20.862847766350892,99.0,P48
29,2458284.6897222,r,8.614606494313474,3.3970356063898484,20.824824741665786,99.0,P48
30,2458288.7558912,r,-1.6538662782117028,3.7326472598633544,20.722532613013584,99.0,P48
31,2458291.7362153,r,-0.4475931218406816,6.639595009599321,20.097221014557793,99.0,P48
32,2458297.7733912,r,10.285655528304927,8.23090274032148,19.863956314361445,99.0,P48
33,2458300.6751273,r,-1.9249372922040973,5.52518511823615,20.296707905673582,99.0,P48
34,2458303.6756713,r,-2.2705226053071725,5.0205948572199555,20.400687046943396,99.0,P48
35,2458306.6921181,r,-2.111948826494381,3.919581524828047,20.66947573433807,99.0,P48
36,2458312.6925347,r,-3.2256362733536195,3.657964928441027,20.744476145998373,99.0,P48
37,2458327.7786457995,r,-5.804678087173563,17.269142073719713,19.0593980829808,99.0,P48
38,2458331.6627431,r,8.713006159557839,5.612031923240855,20.279774657196484,99.0,P48
39,2458337.6920717997,r,0.5031486764625069,3.9789360013097523,20.65315760453949,99.0,P48
40,2458340.687581,r,-3.009345790552243,6.8308198474373505,20.066392910098877,99.0,P48
41,2458344.6800694,r,3.9434192883796424,3.9972323371505745,20.648176508796205,99.0,P48
42,2458358.6907639,r,-4.152803702786668,10.543702635290371,19.595092116689898,99.0,P48
43,2458373.6245255,r,6.452536341402257,8.698645345497438,19.803945927953325,99.0,P48
44,2458451.05390625,r,-0.13781259948738933,4.169314145515693,20.602413441243474,99.0,P48
45,2458451.05390625,r,-0.13781259948738933,4.169314145515693,20.602413441243474,99.0,P48
46,2458451.05390625,r,-0.13781259948738933,4.169314145515693,20.602413441243474,99.0,P48
47,2458451.05390625,r,-0.13781259948738933,4.169314145515693,20.602413441243474,99.0,P48
48,2458477.0287558,r,-0.985204562280983,3.1038190698569688,20.92283399639699,99.0,P48
49,2458477.0287558,r,-0.985204562280983,3.1038190698569688,20.92283399639699,99.0,P48
50,2458482.02921875,r,1.7528782927108078,2.598952045535871,21.1155793236426,99.0,P48
51,2458482.02921875,r,1.7528782927108078,2.598952045535871,21.1155793236426,99.0,P48
52,2458509.003912,r,-5.208219971663807,7.19250578732524,20.010374439134857,99.0,P48
53,2458523.0453125,r,-3.622676459492128,3.3088524336379286,20.85338149124053,99.0,P48
54,2458527.0072338,r,5.348113194595939,6.301869302061627,20.15390150951265,99.0,P48
55,2458534.9359259,r,2.279724821686269,5.62017579566633,20.278200238540784,99.0,P48
56,2458534.9359259,r,2.279724821686269,5.62017579566633,20.278200238540784,99.0,P48
57,2458541.9822685,r,0.35569051450632794,3.2606227452810486,20.869323604779595,99.0,P48
58,2458556.9377315,r,-0.5479530874423152,4.3582274067917846,20.554300270564866,99.0,P48
59,2458558.7826852,r,-0.961734203799617,4.514316339444822,20.516095016981275,99.0,P48
60,2458560.8790972,r,4.310875939348898,5.9237445540869045,20.221084183047502,99.0,P48
61,2458568.8505324,r,4.764143404910238,63.6075129029257,17.64380395241372,99.0,P48
62,2458575.9138426003,r,0.5149144995011551,2.876970711585412,21.005236387494257,99.0,P48
63,2458580.8837905,r,-1.2912023648755195,1.5304779000065174,21.69050733216799,99.0,P48
64,2458580.8837905,r,-1.2912023648755195,1.5304779000065174,21.69050733216799,99.0,P48
65,2458583.8518518996,r,2.6367592472949477,4.673715306724155,20.478419353210896,99.0,P48
66,2458586.8544444,r,3.50277837498614,4.198249419119445,20.594904397749875,99.0,P48
67,2458589.7875289,r,3.3304374247850603,6.225853695448221,20.167077712269815,99.0,P48
68,2458589.7875289,r,3.3304374247850603,6.225853695448221,20.167077712269815,99.0,P48
69,2458593.846412,r,10.097598151250233,4.288216390327636,20.571883258062634,99.0,P48
70,2458596.7947801,r,-4.390781606993144,5.707487669365319,20.261462534410157,99.0,P48
71,2458606.79892365,r,-0.8362416820165989,1.44069467870087,21.75614510895892,99.0,P48
72,2458606.79892365,r,-0.8362416820165989,1.44069467870087,21.75614510895892,99.0,P48
73,2458608.7671296,r,-1.9380387109937471,1.4941530595312538,21.716587268043497,99.0,P48
74,2458612.9567707996,r,1.1569537507027017,3.3863551414152204,20.828243732999255,99.0,P48
75,2458616.7958218,r,6.004270473552498,4.289119492506297,20.571654625128357,99.0,P48
76,2458617.7677662005,r,-2.8748544264956286,2.3263693336933104,21.235878328342444,99.0,P48
77,2458618.7241897997,r,-11.593213635731532,3.3065622898762066,20.854133217987666,99.0,P48
78,2458619.8178819,r,27.504462277321355,16.799143408496725,19.08935714532855,99.0,P48
79,2458628.8111342997,r,-1.8225953390205205,3.576372984675235,20.76896797507846,99.0,P48
80,2458632.7885570996,r,-0.24902448643536007,0.9792986930559339,22.175287051886304,99.0,P48
81,2458632.7885570996,r,-0.24902448643536007,0.9792986930559339,22.175287051886304,99.0,P48
82,2458632.7885570996,r,-0.24902448643536007,0.9792986930559339,22.175287051886304,99.0,P48
83,2458635.7683681,r,2.5001010020316143,2.5895043868380037,21.119533361445257,99.0,P48
84,2458638.7321991003,r,-0.11781718617386192,2.6953173793087553,21.076050210096195,99.0,P48
85,2458641.7760185003,r,1.5464871433845564,2.6600236863720452,21.090361229523193,99.0,P48
86,2458642.7278067,r,-2.805200172725776,1.0006390201237663,22.151881403460024,99.0,P48
87,2458642.7278067,r,-2.805200172725776,1.0006390201237663,22.151881403460024,99.0,P48
88,2458644.7556944,r,2.180018932840279,4.190645195344522,20.59687275799333,99.0,P48
89,2458647.7320255,r,-0.8226913101194308,8.11624554115367,19.879187045931936,99.0,P48
90,2458650.7555671004,r,3.9646522266792106,6.4544230950858275,20.127931412862054,99.0,P48
91,2458654.6891898,r,-2.3622977424068816,3.2655686023746564,20.86767795976183,99.0,P48
92,2458660.7120139,r,4.633534938877896,3.020640060804552,20.95232754449674,99.0,P48
93,2458663.6924537,r,-5.816849636315811,8.315516901302956,19.85285186266551,99.0,P48
94,2458666.672419,r,-4.010928723011174,4.017903121727468,20.642576336704792,99.0,P48
95,2458669.6856481005,r,4.650957408592975,4.19536892762599,20.595649595802854,99.0,P48
96,2458672.6947569,r,2.455343779513846,3.8647437683032946,20.68477322521931,99.0,P48
97,2458678.6949421,r,7.194772559453252,5.258610808090545,20.350397414927833,99.0,P48
98,2458681.7433681,r,0.6379487032103083,8.264921707018667,19.85947812943993,99.0,P48
99,2458684.6854861,r,-1.3611319168611233,3.8938206116816874,20.67663513991546,99.0,P48
100,2458698.6779861,r,-2.227357764498276,5.06498248126753,20.391130120250892,99.0,P48
101,2458705.6638426003,r,1.2960872242333783,6.288260065461231,20.156248752534516,99.0,P48
102,2458712.7388079,r,-12.36778171203457,9.271717941055355,19.734674460919745,99.0,P48
103,2458718.6443056,r,8.686680548059105,7.017352347918991,20.037141780624307,99.0,P48
104,2458726.6390046002,r,-5.1558214690668684,6.633087967297729,20.098285596902002,99.0,P48
105,2458746.62462675,r,1.870675326333033,3.910769847672514,20.671919343952958,99.0,P48
106,2458746.62462675,r,1.870675326333033,3.910769847672514,20.671919343952958,99.0,P48
107,2458746.62462675,r,1.870675326333033,3.910769847672514,20.671919343952958,99.0,P48
108,2458746.62462675,r,1.870675326333033,3.910769847672514,20.671919343952958,99.0,P48
109,2458748.6239670254,r,1.600125553377932,5.7089849502438605,20.26117774380591,99.0,P48
110,2458748.6239670254,r,1.600125553377932,5.7089849502438605,20.26117774380591,99.0,P48
111,2458748.6239670254,r,1.600125553377932,5.7089849502438605,20.26117774380591,99.0,P48
112,2458748.6239670254,r,1.600125553377932,5.7089849502438605,20.26117774380591,99.0,P48
113,2458750.6206278997,r,-1.3489520700293953,6.692774448702725,20.088559516123176,99.0,P48
114,2458750.6206278997,r,-1.3489520700293953,6.692774448702725,20.088559516123176,99.0,P48
115,2458750.6206278997,r,-1.3489520700293953,6.692774448702725,20.088559516123176,99.0,P48
116,2458750.6206278997,r,-1.3489520700293953,6.692774448702725,20.088559516123176,99.0,P48
117,2458754.6191146,r,-6.127743570648483,5.612540318295149,20.279676304599114,99.0,P48
118,2458754.6191146,r,-6.127743570648483,5.612540318295149,20.279676304599114,99.0,P48
119,2458758.609265075,r,-2.78759522228466,6.138334287451598,20.18244864921925,99.0,P48
120,2458758.609265075,r,-2.78759522228466,6.138334287451598,20.18244864921925,99.0,P48
121,2458758.609265075,r,-2.78759522228466,6.138334287451598,20.18244864921925,99.0,P48
122,2458758.609265075,r,-2.78759522228466,6.138334287451598,20.18244864921925,99.0,P48
123,2458760.60738425,r,2.4530775581427666,7.087919841971291,20.026277995597624,99.0,P48
124,2458760.60738425,r,2.4530775581427666,7.087919841971291,20.026277995597624,99.0,P48
125,2458760.60738425,r,2.4530775581427666,7.087919841971291,20.026277995597624,99.0,P48
126,2458760.60738425,r,2.4530775581427666,7.087919841971291,20.026277995597624,99.0,P48
127,2458762.6081057335,r,5.019170688956531,6.8200130903147835,20.068111968557602,99.0,P48
128,2458762.6081057335,r,5.019170688956531,6.8200130903147835,20.068111968557602,99.0,P48
129,2458762.6081057335,r,5.019170688956531,6.8200130903147835,20.068111968557602,99.0,P48
130,2458764.6057716333,r,-3.358110612867456,6.964179695621968,20.04540006760653,99.0,P48
131,2458764.6057716333,r,-3.358110612867456,6.964179695621968,20.04540006760653,99.0,P48
132,2458764.6057716333,r,-3.358110612867456,6.964179695621968,20.04540006760653,99.0,P48
133,2458820.0657755,r,-159.69681980106645,187.72241456228076,16.468784660036988,99.0,P48
134,2458837.0176505,r,-1.7376062341131389,6.6653370408673895,20.093019701826517,99.0,P48
135,2458851.0072685,r,-1.4613533652969002,6.055257526618437,20.197243443744274,99.0,P48
136,2458857.0652893996,r,1.1743896555696522,3.66517931083507,20.74233692316232,99.0,P48
137,2458865.0207639,r,-10.195947730965525,4.941147251503594,20.418005497847382,99.0,P48
138,2458873.0609838,r,0.22784078232199795,5.3960419013243595,20.32238670567284,99.0,P48
139,2458876.0555207995,r,-7.123227468485307,4.479674500897428,20.524458842334113,99.0,P48
140,2458879.0614005,r,1.702944948267727,5.085034340957724,20.386840263644274,99.0,P48
141,2458882.0439005,r,2.891246546496781,3.2200474617448456,20.882919306642442,99.0,P48
142,2458885.0411457997,r,3.1294496610195806,4.89608968313471,20.427951578380224,99.0,P48
143,2458888.0356481,r,10.207005896196272,5.650311231264293,20.272394063284814,99.0,P48
144,2458890.9997337996,r,7.63094656757999,14.432349790136799,19.25423237386392,99.0,P48
145,2458894.0229745,r,-1.966260047117987,5.532074597377407,20.295354919835148,99.0,P48
146,2458898.9993866,r,-0.5958113211042332,2.815624903573828,21.02863799469506,99.0,P48
147,2458903.9590741,r,-2.086365154504393,3.2930748910086747,20.858570970319775,99.0,P48
148,2458907.0210995,r,-2.1175407782132,6.110157412454583,20.187443991998823,99.0,P48
149,2458911.9986457997,r,4.311118016752654,5.655735907752943,20.27135218400687,99.0,P48
150,2458915.0062384,r,3.174624806268845,2.9786512067583373,20.967525860904782,99.0,P48
151,2458936.9569676,r,0.7400437673740902,3.618856502414728,20.756146582954123,99.0,P48
152,2458939.9029514,r,6.827836972115755,17.797295139564337,19.026689982716906,99.0,P48
153,2458940.9601042005,r,38.8939832840191,36.038680507231405,18.260652784982206,99.0,P48
154,2458943.9643866,r,-8.744620874994316,5.4342482588349466,20.314726301922107,99.0,P48
155,2458954.9416551003,r,-1.2832708515800169,5.167964981247061,20.369276083746705,99.0,P48
156,2458955.9210185003,r,0.1500114182619332,4.450280319244458,20.531606569984717,99.0,P48
157,2458961.9022685,r,-3.094158953114478,5.797297521375346,20.24451101605954,99.0,P48
158,2458964.7857176,r,0.9109856713521699,3.2008014123047417,20.889428164167978,99.0,P48
159,2458967.8529282003,r,0.6222316112508589,3.111047702273754,20.92030831346515,99.0,P48
160,2458970.8598727,r,25.313354988995993,3.4365993130675236,20.39169134822047,0.14736997746669522,P48
161,2458973.8332407,r,54.57737790038656,6.527020867590829,19.55753395548784,0.12981717745219237,P48
162,2458976.8143056,r,100.88548058639724,15.735705433247096,18.890493954334747,0.16931185883742353,P48
163,2458979.7984953998,r,97.69895580191022,5.740138389713564,18.925340817179052,0.06377673303558733,P48
164,2458985.7895023,r,65.01875896593678,3.383374467528385,19.36746893298198,0.056486051762786774,P48
165,2458991.7311457996,r,28.98581749381833,3.1518304399939225,20.24460173881026,0.11803399863892229,P48
166,2458995.7555207997,r,19.189741311175695,3.1371934129538888,20.692392821697613,0.17746062307667484,P48
167,2458998.77005785,r,17.449651231317347,2.186746526649962,20.795598744592667,0.13603213744572545,P48
168,2458998.77005785,r,17.449651231317347,2.186746526649962,20.795598744592667,0.13603213744572545,P48
169,2459001.7323611,r,6.551142872166869,5.521221856251036,20.29748699288642,99.0,P48
170,2459004.7512153,r,4.757683744357008,8.274996081321259,19.85815549719795,99.0,P48
171,2459009.7110301005,r,7.923419905277608,5.090084997535357,20.38576240284047,99.0,P48
172,2459012.754919,r,8.230427274316579,3.097656498475685,20.92499184705423,99.0,P48
173,2459016.7379630003,r,9.892990197181863,4.050785797449463,20.633726792608826,99.0,P48
174,2459019.7137037003,r,8.938082289194833,2.7511602279466976,21.521954750505078,0.33411914668164927,P48
175,2459022.7204861,r,4.713454275405973,2.5034452966721545,21.15622972422146,99.0,P48
176,2459025.689456,r,6.452379843899565,3.4043640619248334,20.822484996035016,99.0,P48
177,2459028.715,r,5.805730506534566,4.885761599618308,20.43024430969301,99.0,P48
178,2459031.7120255,r,-6.210945126777119,6.932179963309738,20.050400417363875,99.0,P48
179,2459034.8139583,r,-3.7226523440083463,10.30265216248604,19.620202395536253,99.0,P48
180,2459037.690787,r,-2.003760414176768,5.157015206567346,20.37157895911197,99.0,P48
181,2459040.6989931,r,3.7238438077568525,3.0617040742103825,20.937666958875035,99.0,P48
182,2459046.691412,r,8.124575101928347,3.117271059481186,20.918138570154817,99.0,P48
183,2459048.6866087997,r,0.9757455383760844,3.2056949177993106,20.887769517430925,99.0,P48
184,2459049.66929975,r,6.986938521763017,3.306879659894815,20.854029012001618,99.0,P48
185,2459049.66929975,r,6.986938521763017,3.306879659894815,20.854029012001618,99.0,P48
186,2459050.75831595,r,-1.049658178217532,3.6880160300891642,20.735592989005774,99.0,P48
187,2459050.75831595,r,-1.049658178217532,3.6880160300891642,20.735592989005774,99.0,P48
188,2459051.6930092997,r,5.333534140904997,3.2050047871168448,20.888003282824833,99.0,P48
189,2459052.7436574,r,4.987304315222744,2.7404722158170314,21.058011480782643,99.0,P48
190,2459052.7436574,r,4.987304315222744,2.7404722158170314,21.058011480782643,99.0,P48
191,2459053.6871412,r,6.207752638243665,2.7000864756468075,21.074130805341355,99.0,P48
192,2459055.6934606005,r,2.4927487757689466,4.604219726301224,20.49468488614702,99.0,P48
193,2459059.6740625,r,-0.37806516046588984,4.866296990701698,20.434578463037234,99.0,P48
194,2459060.6933333,r,2.081776486561702,4.966713039749087,20.412402317606386,99.0,P48
195,2459062.72828705,r,0.15799041211465498,5.358810639459031,20.329903961773454,99.0,P48
196,2459062.72828705,r,0.15799041211465498,5.358810639459031,20.329903961773454,99.0,P48
197,2459063.67085065,r,0.7560361395597306,3.6561870379768258,20.74500397754794,99.0,P48
198,2459063.67085065,r,0.7560361395597306,3.6561870379768258,20.74500397754794,99.0,P48
199,2459064.7800578997,r,-39.92271411091812,15.05080790701499,19.208675456919813,99.0,P48
200,2459065.67677665,r,4.798851943228186,4.729953309746324,20.46543285476765,99.0,P48
201,2459065.67677665,r,4.798851943228186,4.729953309746324,20.46543285476765,99.0,P48
202,2459066.7122569,r,-3.1481051077021207,7.179820158153384,20.01229107399284,99.0,P48
203,2459067.6803356004,r,2.399554579855822,3.3770125345715147,20.831243307600193,99.0,P48
204,2459068.7650579,r,4.319890928028433,10.113909959471808,19.640277281797275,99.0,P48
205,2459069.6920832996,r,-3.446949636319089,4.440567922734405,20.533978695665773,99.0,P48
206,2459070.6874421,r,1.850400617899078,4.068885179476022,20.628886402658686,99.0,P48
207,2459073.6708333,r,9.834774050108956,4.557688677246723,20.50571334806897,99.0,P48
208,2459075.7262847,r,-8.529963605750737,7.73908307099604,19.930851218200857,99.0,P48
209,2459076.6956829,r,4.8404202737007465,4.430886439110372,20.536348440474363,99.0,P48
210,2459077.6642130003,r,1.2514131847211942,8.100314779715859,19.881320249235756,99.0,P48
211,2459078.6710185003,r,0.6472754920683411,4.014178901079671,20.643583179381473,99.0,P48
212,2459079.7031019,r,-7.138203775588278,6.160027418760728,20.178618376041918,99.0,P48
213,2459080.6730556,r,4.680125646810313,8.74127867530736,19.79863757433256,99.0,P48
214,2459081.6853008997,r,-8.430917758011052,7.009901676100583,20.038295173140035,99.0,P48
215,2459110.62809954,r,-1.8539498234190233,3.8047451651195985,20.701761054585738,99.0,P48
216,2459110.62809954,r,-1.8539498234190233,3.8047451651195985,20.701761054585738,99.0,P48
217,2459110.62809954,r,-1.8539498234190233,3.8047451651195985,20.701761054585738,99.0,P48
218,2459110.62809954,r,-1.8539498234190233,3.8047451651195985,20.701761054585738,99.0,P48
219,2459110.62809954,r,-1.8539498234190233,3.8047451651195985,20.701761054585738,99.0,P48
220,2459112.62453702,r,1.9011131800051169,2.9771271963338113,20.968081513992743,99.0,P48
221,2459112.62453702,r,1.9011131800051169,2.9771271963338113,20.968081513992743,99.0,P48
222,2459112.62453702,r,1.9011131800051169,2.9771271963338113,20.968081513992743,99.0,P48
223,2459112.62453702,r,1.9011131800051169,2.9771271963338113,20.968081513992743,99.0,P48
224,2459112.62453702,r,1.9011131800051169,2.9771271963338113,20.968081513992743,99.0,P48
225,2459114.6202082997,r,4.024823260049592,5.065881893874807,20.3909373381156,99.0,P48
226,2459114.6202082997,r,4.024823260049592,5.065881893874807,20.3909373381156,99.0,P48
227,2459114.6202082997,r,4.024823260049592,5.065881893874807,20.3909373381156,99.0,P48
228,2459114.6202082997,r,4.024823260049592,5.065881893874807,20.3909373381156,99.0,P48
229,2459114.6202082997,r,4.024823260049592,5.065881893874807,20.3909373381156,99.0,P48
230,2459116.6186435,r,-12.341855398862632,6.335818798266807,20.148068118857775,99.0,P48
231,2459116.6186435,r,-12.341855398862632,6.335818798266807,20.148068118857775,99.0,P48
232,2459116.6186435,r,-12.341855398862632,6.335818798266807,20.148068118857775,99.0,P48
233,2459116.6186435,r,-12.341855398862632,6.335818798266807,20.148068118857775,99.0,P48
234,2459116.6186435,r,-12.341855398862632,6.335818798266807,20.148068118857775,99.0,P48
235,2459118.6203587996,r,9.353622013925408,4.68195361674771,20.476507221893797,99.0,P48
236,2459118.6203587996,r,9.353622013925408,4.68195361674771,20.476507221893797,99.0,P48
237,2459118.6203587996,r,9.353622013925408,4.68195361674771,20.476507221893797,99.0,P48
238,2459118.6203587996,r,9.353622013925408,4.68195361674771,20.476507221893797,99.0,P48
239,2459118.6203587996,r,9.353622013925408,4.68195361674771,20.476507221893797,99.0,P48
240,2459120.61651388,r,3.9149943699354757,5.336884977446982,20.33435538209401,99.0,P48
241,2459120.61651388,r,3.9149943699354757,5.336884977446982,20.33435538209401,99.0,P48
242,2459120.61651388,r,3.9149943699354757,5.336884977446982,20.33435538209401,99.0,P48
243,2459120.61651388,r,3.9149943699354757,5.336884977446982,20.33435538209401,99.0,P48
244,2459120.61651388,r,3.9149943699354757,5.336884977446982,20.33435538209401,99.0,P48
245,2459122.6120949,r,-5.124207569615733,7.5118940539526236,19.963201353883633,99.0,P48
246,2459122.6120949,r,-5.124207569615733,7.5118940539526236,19.963201353883633,99.0,P48
247,2459122.6120949,r,-5.124207569615733,7.5118940539526236,19.963201353883633,99.0,P48
248,2459122.6120949,r,-5.124207569615733,7.5118940539526236,19.963201353883633,99.0,P48
249,2459122.6120949,r,-5.124207569615733,7.5118940539526236,19.963201353883633,99.0,P48
250,2459124.61150924,r,-5.812274700364488,7.276322445982824,19.99779514834895,99.0,P48
251,2459124.61150924,r,-5.812274700364488,7.276322445982824,19.99779514834895,99.0,P48
252,2459124.61150924,r,-5.812274700364488,7.276322445982824,19.99779514834895,99.0,P48
253,2459124.61150924,r,-5.812274700364488,7.276322445982824,19.99779514834895,99.0,P48
254,2459124.61150924,r,-5.812274700364488,7.276322445982824,19.99779514834895,99.0,P48
255,2458202.8763426,g,3.214360452253442,3.1955084417643933,20.891225066190927,99.0,P48
256,2458205.88594905,g,2.2004548807777757,4.8497056574484,20.43828653710022,99.0,P48
257,2458205.88594905,g,2.2004548807777757,4.8497056574484,20.43828653710022,99.0,P48
258,2458208.89778355,g,-18.032551591405696,17.064116261977432,19.072365485646294,99.0,P48
259,2458208.89778355,g,-18.032551591405696,17.064116261977432,19.072365485646294,99.0,P48
260,2458211.88135415,g,3.970184577723087,8.052241758523456,19.887782975252627,99.0,P48
261,2458211.88135415,g,3.970184577723087,8.052241758523456,19.887782975252627,99.0,P48
262,2458229.8155207997,g,1.5388129834146989,2.725338159137681,21.064023996448565,99.0,P48
263,2458235.8352314997,g,-12.877738553940839,9.3538006904216,19.72510470970925,99.0,P48
264,2458236.8300868,g,1.4491249504922241,8.94379890388171,19.77376992467694,99.0,P48
265,2458236.8300868,g,1.4491249504922241,8.94379890388171,19.77376992467694,99.0,P48
266,2458237.7978472,g,17.680623064902253,15.24488603197746,19.194764534144454,99.0,P48
267,2458245.7930903,g,3.472236543578171,12.113161408302227,19.444431228536402,99.0,P48
268,2458248.8157292004,g,0.35411148618190613,2.9241324564310456,20.987582385994813,99.0,P48
269,2458255.8379397998,g,3.871839921078615,2.3274677192790016,21.235365823497204,99.0,P48
270,2458267.7150462996,g,3.4636806757518523,10.893690333286594,19.559637424782178,99.0,P48
271,2458273.7532697003,g,0.8164598031234181,1.44671977584944,21.751613943995252,99.0,P48
272,2458273.7532697003,g,0.8164598031234181,1.44671977584944,21.751613943995252,99.0,P48
273,2458274.7732869997,g,-2.5168381345143307,1.6791870372384832,21.589827306711598,99.0,P48
274,2458276.7565220003,g,1.4372439451409256,1.3875585141092888,21.796946722612006,99.0,P48
275,2458276.7565220003,g,1.4372439451409256,1.3875585141092888,21.796946722612006,99.0,P48
276,2458279.8039525496,g,-0.7628623420507125,1.8802034970317694,21.46706284890608,99.0,P48
277,2458279.8039525496,g,-0.7628623420507125,1.8802034970317694,21.46706284890608,99.0,P48
278,2458280.7737963,g,3.215582470880802,2.228767695920382,21.282412978162938,99.0,P48
279,2458282.7891609,g,0.8158654728272757,2.1802354113556297,21.306316516234507,99.0,P48
280,2458282.7891609,g,0.8158654728272757,2.1802354113556297,21.306316516234507,99.0,P48
281,2458283.7731481004,g,-0.5441779889105514,2.2651321229866865,21.264841141488105,99.0,P48
282,2458284.7324884,g,-2.287141491084415,2.3096854298618266,21.243692902392844,99.0,P48
283,2458288.7130903,g,3.609243306858157,2.838787471443672,21.019742789488703,99.0,P48
284,2458294.6906597,g,2.0425063884899344,5.652386214635441,20.271995417809887,99.0,P48
285,2458300.6918518995,g,1.1224942112809506,2.434069084185194,21.18674273842788,99.0,P48
286,2458303.7120948997,g,-1.09622841006558,2.2572705855393735,21.268615933331972,99.0,P48
287,2458306.7156597,g,-0.07160702456136459,3.3526324148647593,20.839110139995213,99.0,P48
288,2458312.7557986,g,2.2885968843766835,3.0452003677342856,20.943535305244723,99.0,P48
289,2458316.6699537,g,2.829188365099115,5.023859736705023,20.399981225048776,99.0,P48
290,2458327.6629977003,g,8.548740322209659,8.392059117059649,19.842903652804168,99.0,P48
291,2458329.7094907,g,6.646577923012759,3.375629563755992,20.83168803471105,99.0,P48
292,2458331.7738426,g,5.518090425523098,10.124516306472524,19.63913927868954,99.0,P48
293,2458334.6774421004,g,-1.5587304811705798,3.2167091179386884,20.884045513922267,99.0,P48
294,2458337.6820255,g,3.4842989529301303,2.5412616774735426,21.139951520914693,99.0,P48
295,2458347.6992593,g,-8.187224812654625,6.215364073621307,20.16890855634019,99.0,P48
296,2458363.6569444,g,-0.514036619897162,4.469476411366591,20.52693336531946,99.0,P48
297,2458473.0385185,g,3.5073165953983874,3.4477874459565476,20.808723779205746,99.0,P48
298,2458481.0255324,g,4.449564883507613,6.510723710432178,20.118501824199505,99.0,P48
299,2458488.0060417005,g,-0.6516654400194651,3.008005308404459,20.956878493296507,99.0,P48
300,2458492.0162384,g,7.1370378987147,4.0878998128589155,20.62382438047719,99.0,P48
301,2458495.0391551005,g,-0.5364546433026249,2.262704821260677,21.266005233591557,99.0,P48
302,2458502.9948264,g,4.250975206536752,8.984890919005744,19.768792966838916,99.0,P48
303,2458505.983125,g,-11.484171599939192,10.172513802216947,19.63400426970273,99.0,P48
304,2458508.03375,g,-3.081391162357653,7.469185316273836,19.96939190227263,99.0,P48
305,2458512.0169213,g,-18.810233761594308,9.536808975860568,19.704067279863505,99.0,P48
306,2458523.00807295,g,-1.2305201446639253,2.0217421115610525,21.38826059602357,99.0,P48
307,2458523.00807295,g,-1.2305201446639253,2.0217421115610525,21.38826059602357,99.0,P48
308,2458526.9712731005,g,-0.05704942143488782,3.624460557190364,20.754466544284732,99.0,P48
309,2458538.9380787,g,21.844693944860296,55.567654284245116,17.790519829161163,99.0,P48
310,2458547.8940278,g,-2.6311046873745756,3.0788859919162737,20.931590969888603,99.0,P48
311,2458560.7884606,g,14.565962218074587,8.134032039113096,19.8768102923772,99.0,P48
312,2458568.8922453998,g,-1.0077231330155525,4.922719401089511,20.422062285789167,99.0,P48
313,2458572.8802546,g,-1.5919815746771768,4.098764157304543,20.620942664781207,99.0,P48
314,2458575.8524537003,g,3.5770463939965405,5.255857505088154,20.350966033469764,99.0,P48
315,2458580.89875,g,0.2632081323334378,3.201504494001959,20.889189699693517,99.0,P48
316,2458583.8745486,g,0.8818204214196977,3.26376001603769,20.868279445099894,99.0,P48
317,2458586.898206,g,-2.592591377909527,2.916273522621986,20.990504352086866,99.0,P48
318,2458589.8961111,g,-107.74757492252274,100.12315581735085,17.15123866457464,99.0,P48
319,2458592.9204051,g,-20.383419001869758,11.656423988347786,19.486161649193406,99.0,P48
320,2458596.9407176003,g,-7.341903019411201,5.394924813393728,20.32261149791743,99.0,P48
321,2458599.8203588,g,-0.5870580751215895,1.2196011097031576,21.937030462025362,99.0,P48
322,2458606.9356134,g,0.22467348963756953,2.4355677334814283,21.186074459493966,99.0,P48
323,2458612.7937384,g,0.012756661481640291,1.9474268881130086,21.42892208412657,99.0,P48
324,2458616.7515277998,g,1.4502694076071658,4.637617233176989,20.48683773619878,99.0,P48
325,2458619.7699306,g,11.30984627658675,11.659215984590798,19.485901620180897,99.0,P48
326,2458628.7152893995,g,-0.22086752949818228,2.577101448348828,21.12474620161962,99.0,P48
327,2458635.7119329,g,-1.533914129580087,2.0427439687704028,21.37704014687914,99.0,P48
328,2458638.6895139,g,-0.09075471326297485,2.36657731220822,21.217273247345393,99.0,P48
329,2458641.6904282,g,-0.62806962932263,2.3081951370896587,21.2443936848627,99.0,P48
330,2458644.689375,g,2.9995863026382454,3.4129125728112832,20.81976208096844,99.0,P48
331,2458650.6912963,g,-2.525264010707715,8.765108407613614,19.795681759523745,99.0,P48
332,2458654.7424421003,g,5.155497038890665,3.9018226855369154,20.674406165597894,99.0,P48
333,2458657.6908332994,g,-0.047347172546045056,2.316569142280645,21.240461821527944,99.0,P48
334,2458660.6897222,g,-0.09085020114349339,2.1977847309637855,21.297612109629398,99.0,P48
335,2458663.7140972,g,-0.17338428443193857,2.473509500581623,21.169291032162587,99.0,P48
336,2458672.6807522997,g,-0.7422484435363621,3.547377941369768,20.77780633634255,99.0,P48
337,2458675.8003704,g,-1.4477210250475452,7.234328300456153,20.004079455272727,99.0,P48
338,2458678.7546065,g,1.2752248834715276,6.788641080233235,20.073117869519464,99.0,P48
339,2458681.6689236,g,-0.8731576397007434,7.541792499473249,19.958888540894414,99.0,P48
340,2458684.7269907002,g,-2.1938566075299786,4.545916231582464,20.508521417559926,99.0,P48
341,2458691.7237731004,g,-2.8556816629827932,2.825460926530044,21.024851724682954,99.0,P48
342,2458694.7118981,g,-4.804698267558284,2.713455503145916,21.068768228772022,99.0,P48
343,2458698.6968171,g,12.439027035485553,16.30727894822686,19.121621238668038,99.0,P48
344,2458708.6540393997,g,-7.571576557417364,7.356787260254063,19.98585449535437,99.0,P48
345,2458715.6550694,g,-1.021728942151066,3.2273270030469186,20.88046755982755,99.0,P48
346,2458718.6573147997,g,-7.684462795761048,3.1235875001774094,20.915940798606158,99.0,P48
347,2458723.6544560003,g,3.676987409366197,4.111868729227764,20.617476885598776,99.0,P48
348,2458726.6624306,g,0.07589323686631318,4.369215700610026,20.551566275147366,99.0,P48
349,2458728.6472337996,g,3.766019853812027,4.244849655046049,20.582919206856175,99.0,P48
350,2458729.6430324,g,23.92181662904174,42.53334697769185,18.080751091700677,99.0,P48
351,2458734.6504977,g,-1.8458177135406109,7.921431616030251,19.905565795679934,99.0,P48
352,2458831.0708218,g,-8.777235208852886,9.602882346004478,19.69657096930028,99.0,P48
353,2458837.0640277998,g,5.0255835100796435,4.669338243569728,20.479436651519073,99.0,P48
354,2458851.0597106004,g,-4.751514620700993,4.532667987132119,20.511690217565096,99.0,P48
355,2458854.0392014,g,1.2422977073206791,3.0337915016300943,20.947610663065305,99.0,P48
356,2458857.0463426,g,-1.7458445122428572,2.9487945917545852,20.978463685768318,99.0,P48
357,2458862.0194907,g,1.0449740931181968,9.001629676109193,19.766772133542073,99.0,P48
358,2458864.9617361,g,-9.24553386604857,6.512686940218531,20.11817448296292,99.0,P48
359,2458872.9434491,g,-0.40443493942598197,3.460452983678748,20.804742606747848,99.0,P48
360,2458875.982338,g,-5.389206353109944,2.8493681196339593,21.015703587017704,99.0,P48
361,2458879.0250347,g,-1.7722808550083342,3.0354287151482398,20.947024893568994,99.0,P48
362,2458882.0055092997,g,-1.4586471733634099,2.596241506878388,21.11671226708048,99.0,P48
363,2458884.9649421,g,-5.355582304151683,4.622613500037911,20.490356030936706,99.0,P48
364,2458887.9610880003,g,-6.467170754170521,7.473926854584592,19.96870288114716,99.0,P48
365,2458891.0431366,g,-10.988127750019286,9.863753042073487,19.667469513333348,99.0,P48
366,2458894.0002893996,g,-2.224700981384674,4.937658309899172,20.418772406427607,99.0,P48
367,2458904.0236806,g,-4.499253338467996,2.27924930000461,21.25809541392845,99.0,P48
368,2458911.9303009,g,2.9032232043184742,3.191623363041953,20.892545900417126,99.0,P48
369,2458914.9805787,g,-5.292924566862029,5.869158071788944,20.23113547326441,99.0,P48
370,2458936.9637268996,g,-4.990501742971453,2.424205769926535,21.19115128772752,99.0,P48
371,2458939.9563889,g,-4.426161123850189,12.732040731084222,19.390329940902205,99.0,P48
372,2458943.9212963,g,-4.074086844396856,4.560933877063673,20.504940549093966,99.0,P48
373,2458955.8987268996,g,-4.178392726924719,2.9779900580632597,20.967766880313544,99.0,P48
374,2458963.82932875,g,-3.921187353008847,1.731621514941778,21.556442556236636,99.0,P48
375,2458963.82932875,g,-3.921187353008847,1.731621514941778,21.556442556236636,99.0,P48
376,2458964.8399537,g,-0.27520838246840595,2.3993445995636993,21.20234342203178,99.0,P48
377,2458967.7749306,g,-2.5874138226574646,2.7644524258937175,21.04855218799976,99.0,P48
378,2458968.7918981,g,2.925236321654439,2.813907776179316,21.029300340059866,99.0,P48
379,2458970.794537,g,17.434691171186014,3.0515520259121334,20.796529974983553,0.1899924519226392,P48
380,2458973.7697801003,g,46.46557486170762,6.131868273305195,19.73223733599849,0.14324891127427178,P48
381,2458976.7030671,g,66.43224803760737,10.598395684524023,19.34411824972838,0.1731773175738097,P48
382,2458979.7477662005,g,57.29041995636158,4.4874626195089915,19.50486060784942,0.08502539651808075,P48
383,2458985.8126736,g,21.587914878547753,2.516952659977432,20.56453887986399,0.12655933320917828,P48
384,2458991.7955556,g,8.86319215684758,2.3867967296859396,21.531090209657236,0.29231768918294504,P48
385,2458995.8012963,g,1.7121660045697604,2.2288778614754525,21.28235931273344,99.0,P48
386,2458998.8382639,g,2.533001876467271,2.1711376366220545,21.310856599419864,99.0,P48
387,2459001.8698843,g,8.122776308263154,6.0614093536135485,20.196140952121134,99.0,P48
388,2459004.7180207996,g,0.9676546091639983,8.380251731781035,19.844432328001503,99.0,P48
389,2459009.7548032003,g,1.2336077115643256,3.568792419124706,20.771271769908576,99.0,P48
390,2459012.7961457996,g,1.0499170295471076,2.1019723530389265,21.34600749037849,99.0,P48
391,2459016.6997569,g,2.800171218477905,2.2327256209548163,21.28048659911103,99.0,P48
392,2459019.7561227,g,1.9508136654517574,2.1109840536940965,21.34136260747634,99.0,P48
393,2459022.7017707997,g,0.20504176661212994,2.0425787590688405,21.37712796082502,99.0,P48
394,2459025.7327546002,g,-0.23337891983071543,3.7833345671623495,20.707888118053624,99.0,P48
395,2459028.7034722,g,-1.6034135317938063,3.8492461139330665,20.68913578916709,99.0,P48
396,2459031.6722338,g,-5.530114241408755,6.462347349928503,20.126599245275052,99.0,P48
397,2459034.6969444,g,-4.412459594795884,6.502270807927756,20.11991235635061,99.0,P48
398,2459035.7253703997,g,-4.43870688094931,7.8396814074242425,19.916828954199183,99.0,P48
399,2459043.6914005,g,3.3122009048422716,2.5077232225349664,21.154375984878623,99.0,P48
400,2459048.75872105,g,2.3793499771450484,2.1158779387937123,21.33884846312136,99.0,P48
401,2459048.75872105,g,2.3793499771450484,2.1158779387937123,21.33884846312136,99.0,P48
402,2459049.70592595,g,1.3530818477387967,1.5067325610408149,21.70748455507451,99.0,P48
403,2459049.70592595,g,1.3530818477387967,1.5067325610408149,21.70748455507451,99.0,P48
404,2459050.70197335,g,-3.583128542881424,2.1389990860839596,21.327048491626385,99.0,P48
405,2459050.70197335,g,-3.583128542881424,2.1389990860839596,21.327048491626385,99.0,P48
406,2459051.6741956496,g,1.1684759279858419,2.27458291121707,21.260320559164573,99.0,P48
407,2459051.6741956496,g,1.1684759279858419,2.27458291121707,21.260320559164573,99.0,P48
408,2459053.6936573996,g,1.5140501500861783,2.12908389516954,21.33209305199049,99.0,P48
409,2459054.76976275,g,-1.4019561802099094,2.5532728320528517,21.13483192872182,99.0,P48
410,2459054.76976275,g,-1.4019561802099094,2.5532728320528517,21.13483192872182,99.0,P48
411,2459056.7447222,g,0.8257680119021266,4.170293479132289,20.602158441723873,99.0,P48
412,2459059.7777662002,g,1.5595734183202608,7.764266359460579,19.927323924668315,99.0,P48
413,2459060.7282869997,g,-11.087232333615026,5.597891485077327,20.28251380058741,99.0,P48
414,2459062.69440395,g,-0.47237973454889143,3.970612171281691,20.655431315379488,99.0,P48
415,2459062.69440395,g,-0.47237973454889143,3.970612171281691,20.655431315379488,99.0,P48
416,2459063.74972225,g,-2.927091483848823,7.133919892944543,20.019254418358443,99.0,P48
417,2459063.74972225,g,-2.927091483848823,7.133919892944543,20.019254418358443,99.0,P48
418,2459064.682581,g,-0.5100490390516034,9.904788923308136,19.66296192688376,99.0,P48
419,2459065.69137155,g,-1.9817314584748031,4.998772295995875,20.405416603592137,99.0,P48
420,2459065.69137155,g,-1.9817314584748031,4.998772295995875,20.405416603592137,99.0,P48
421,2459067.7009491003,g,4.583139289166965,4.758550231738384,20.45888834383938,99.0,P48
422,2459072.7236806,g,-0.0016999960886209353,4.815604938029943,20.445947861367323,99.0,P48
423,2459073.7162963,g,-3.1549538623870697,3.8077356710342194,20.700908007916993,99.0,P48
424,2459074.7074768995,g,1.0103225093086092,3.723956576857061,20.725063468524525,99.0,P48
425,2459075.6729282,g,3.52825732344183,5.333544738134909,20.33503513332593,99.0,P48
426,2459076.6774421004,g,1.9052976670429311,3.3330360531905248,20.845474960621427,99.0,P48
427,2459077.7273843,g,-1.903583770819264,5.1571364755061975,20.37155342796186,99.0,P48
428,2459078.6972106,g,-5.100510248393341,3.913055848139933,20.671284873391187,99.0,P48
429,2459080.6945718,g,1.4169431712401308,5.45627565300961,20.310334231869483,99.0,P48
430,2459081.722963,g,15.430580819289293,9.406262257087967,19.719032281175856,99.0,P48
431,2459082.7044097,g,-4.962086079557442,23.416404667601636,18.72877445242216,99.0,P48
432,2458214.8677083,i,-68.9711588155032,124.11962449263142,16.917973856624734,99.0,P48
433,2458227.8776273,i,-4.084015547122402,6.03028540006142,20.201730322101998,99.0,P48
434,2458249.7978125,i,0.2071643176579136,8.858783962654803,19.784139712251104,99.0,P48
435,2458254.8813542,i,5.2889161201274515,4.584798045962569,20.49927446327556,99.0,P48
436,2458261.7123032003,i,-11.820596644182022,7.3370909219890255,19.98876523683439,99.0,P48
437,2458272.8368171,i,6.472585969283182,6.328641610598512,20.14929873320414,99.0,P48
438,2458277.6688773,i,3.148088349734681,5.901087066028979,20.225244933236496,99.0,P48
439,2458281.6866551004,i,0.04648917917335435,4.07799113701257,20.6264592952596,99.0,P48
440,2458286.6911343,i,-4.003260629149836,4.866518347790126,20.43452907642159,99.0,P48
441,2458290.6716551003,i,1.190697268405042,9.924080853545885,19.66084925440535,99.0,P48
442,2458295.8269792004,i,-3.4950459158162306,6.488066198320477,20.122286808231955,99.0,P48
443,2458299.7950462997,i,5.584049818001274,6.631662863528898,20.098518889902834,99.0,P48
444,2458320.7115394,i,-4.335841261870338,7.0181446105686645,20.03701920737366,99.0,P48
445,2458332.6602662,i,2.9570915880545963,7.981811224863662,19.89732135861859,99.0,P48
446,2458539.0453356,i,24.5844768077038,17.992063387717455,19.01487255793436,99.0,P48
447,2458547.9420717997,i,-2.0027840941244306,5.071577365817362,20.389717351808688,99.0,P48
448,2458557.0230787,i,-9.352927162837807,6.940569480951286,20.049087223581935,99.0,P48
449,2458568.8622222,i,-38.71682572189026,63.80296659360812,17.64047280860778,99.0,P48
450,2458581.893912,i,-5.665358584801879,6.109665578231522,20.187531391337323,99.0,P48
451,2458586.8016782003,i,5.755388079657258,6.666032858831397,20.09290636392324,99.0,P48
452,2458591.8119097,i,2.6471711352096032,25.133619813290217,18.651937385692296,99.0,P48
453,2458607.7818287,i,4.576323553849755,4.766373521335087,20.457104806062972,99.0,P48
454,2458612.8326042006,i,0.41421555627989615,4.2571218896708825,20.579784776535043,99.0,P48
455,2458616.8336227,i,-5.656309168600904,5.274414691324088,20.3471393081133,99.0,P48
456,2458627.9359028,i,-0.9111067829207083,6.041356584392848,20.1997388135659,99.0,P48
457,2458635.6842823997,i,-3.9049924929133772,5.13123935984464,20.377019304385108,99.0,P48
458,2458639.7074073995,i,-4.249387548122834,4.41661909580798,20.5398501245446,99.0,P48
459,2458643.7122569,i,-2.2781617436554593,4.878911238007972,20.43176769648945,99.0,P48
460,2458648.7749652998,i,-1.8416703729315833,10.098462061542994,19.641936893575348,99.0,P48
461,2458652.7321991003,i,-7.678037067083013,8.434560116585072,19.8374188942304,99.0,P48
462,2458659.6735764,i,1.1567453584207383,5.339639930287298,20.33379505893018,99.0,P48
463,2458663.6741319,i,-0.8652139802394426,7.941222716112762,19.90285654859035,99.0,P48
464,2458667.6711111,i,-12.252228680129056,5.840575957262656,20.236435798293645,99.0,P48
465,2458671.678831,i,2.245140866299216,4.33215418651972,20.56081522594627,99.0,P48
466,2458671.678831,i,2.245140866299216,4.33215418651972,20.56081522594627,99.0,P48
467,2458675.6692477,i,16.83841324573779,11.485654791720997,19.50218559126288,99.0,P48
468,2458678.6836227,i,4.985327203995406,6.227531795887518,20.166785105184864,99.0,P48
469,2458954.846875,i,-4.736305112622032,4.1723536338185925,20.601622212743912,99.0,P48
470,2458964.8270949,i,2.910896000101865,4.006842599491637,20.645569283137394,99.0,P48
471,2458968.8473727,i,3.8865888405635496,3.787490846805213,20.70669600926972,99.0,P48
472,2458972.8483565,i,40.08796089310526,5.960219977370886,19.892530707110822,0.16139056817302078,P48
473,2458976.8892014,i,57.595616040295454,10.981933164335864,19.499092052698447,0.20697562192140462,P48
474,2458980.8361573997,i,90.82176607654736,6.112937018217047,19.00459076545856,0.07306170557927626,P48
475,2458986.8153356,i,57.658929322954506,4.957106271065321,19.497899188158087,0.09332360001175409,P48
476,2458995.8565509,i,18.040563191417046,4.79482342870142,20.75944039415839,0.2885043430535257,P48
477,2459009.7948264,i,13.81337029929498,6.875449521766252,20.059322244380397,99.0,P48
478,2459013.75375,i,5.517863870179945,4.084667407190143,20.62468323913238,99.0,P48
479,2459018.7965856004,i,4.734881212169559,4.65009022553957,20.48392154022872,99.0,P48
480,2459022.7939815,i,-6.562687967814037,4.582590270263925,20.499797417463096,99.0,P48
481,2459031.7525579,i,5.27892272456835,7.205147967825702,20.00846772893922,99.0,P48
482,2459035.7484259,i,-1.0293557596202523,8.706010127756146,19.80302706906204,99.0,P48
483,2459039.7731366,i,-4.951883537348715,4.832103855529002,20.44223433934578,99.0,P48
484,2459044.7529167,i,3.7008197774300418,5.633282658296759,20.275671131283392,99.0,P48
485,2459048.8063542005,i,1.709323838897922,5.046129653477627,20.395178976824123,99.0,P48
486,2459052.6927778,i,1.1088925390991717,4.670862558049808,20.47908226868121,99.0,P48
487,2459056.7945486,i,1.1976117415187582,7.976040665970991,19.898106590243426,99.0,P48
488,2459060.7338426,i,0.4904235604565891,6.5820244363156934,20.106676263370204,99.0,P48
489,2459064.733287,i,5.303701912656403,10.787792494423494,19.57024352888319,99.0,P48
490,2459070.7590856003,i,-12.335254771279658,7.231480549897987,20.004506933052234,99.0,P48
491,2459074.7389582996,i,-6.853561554144243,16.40309714903849,19.11526034651876,99.0,P48
492,2459078.7488078997,i,3.7526940432037947,10.726828657427294,19.576396630227254,99.0,P48
493,2459084.7265509,i,4.234035838078598,10.834128037077953,19.565590079790564,99.0,P48
494,2459088.6952082994,i,-5.391490555477177,11.92578910371224,19.461357176682583,99.0,P48
495,2459092.6591898,i,-6.638206327487949,6.42453138145234,20.13297135209781,99.0,P48
496,2459109.6372106,i,-0.7950445427693457,10.498559251894056,19.599750730028966,99.0,P48
497,2459114.63875,i,-3.7300412769788216,11.473781114098356,19.503308587740733,99.0,P48
498,2459118.6341088,i,-0.023924502840566006,9.096488569348356,19.75539054386748,99.0,P48
499,2458980.7164,r,76.91372740243878,6.375827085032228,19.184990353257174,0.09,P60+SEDM
