,JD,Filter,Flux,eFlux,Mag,eMag,Telescope
0,2458214.7042418504,r,-9.971709876787367,7.408108153584971,19.978306703813583,99.0,P48
1,2458214.7042418504,r,-9.971709876787367,7.408108153584971,19.978306703813583,99.0,P48
2,2458215.7473843,r,5.602908356594851,11.322873922827712,19.51768331018861,99.0,P48
3,2458216.7246065,r,0.3303066328679418,3.9187217219212336,20.669713928528637,99.0,P48
4,2458217.730130225,r,1.3967839372336326,1.6024459243021165,21.640616532018925,99.0,P48
5,2458217.730130225,r,1.3967839372336326,1.6024459243021165,21.640616532018925,99.0,P48
6,2458217.730130225,r,1.3967839372336326,1.6024459243021165,21.640616532018925,99.0,P48
7,2458217.730130225,r,1.3967839372336326,1.6024459243021165,21.640616532018925,99.0,P48
8,2458218.7372916667,r,-2.658977793142583,1.7723298387617508,21.5312136159598,99.0,P48
9,2458218.7372916667,r,-2.658977793142583,1.7723298387617508,21.5312136159598,99.0,P48
10,2458218.7372916667,r,-2.658977793142583,1.7723298387617508,21.5312136159598,99.0,P48
11,2458219.7407484334,r,-0.11154389223765437,2.4333902540698564,21.18704557832305,99.0,P48
12,2458219.7407484334,r,-0.11154389223765437,2.4333902540698564,21.18704557832305,99.0,P48
13,2458219.7407484334,r,-0.11154389223765437,2.4333902540698564,21.18704557832305,99.0,P48
14,2458221.730312533,r,-4.899482054390355,3.6376489494038293,20.75052302604462,99.0,P48
15,2458221.730312533,r,-4.899482054390355,3.6376489494038293,20.75052302604462,99.0,P48
16,2458221.730312533,r,-4.899482054390355,3.6376489494038293,20.75052302604462,99.0,P48
17,2458222.7574537,r,-2.9050661670227247,3.813580126571459,20.699242799864667,99.0,P48
18,2458224.69940046,r,-7.186687551704434,2.3927507815639046,21.205331322262786,99.0,P48
19,2458224.69940046,r,-7.186687551704434,2.3927507815639046,21.205331322262786,99.0,P48
20,2458224.69940046,r,-7.186687551704434,2.3927507815639046,21.205331322262786,99.0,P48
21,2458224.69940046,r,-7.186687551704434,2.3927507815639046,21.205331322262786,99.0,P48
22,2458224.69940046,r,-7.186687551704434,2.3927507815639046,21.205331322262786,99.0,P48
23,2458226.7552314997,r,-0.09890093416783582,3.096271859701131,20.925477274842912,99.0,P48
24,2458227.74871525,r,0.21697708298085197,2.2887132902576792,21.253596510376425,99.0,P48
25,2458227.74871525,r,0.21697708298085197,2.2887132902576792,21.253596510376425,99.0,P48
26,2458231.73284145,r,1.478139949362038,2.8586240517078956,21.01218238058707,99.0,P48
27,2458231.73284145,r,1.478139949362038,2.8586240517078956,21.01218238058707,99.0,P48
28,2458233.67739005,r,-0.629048903309435,4.539693818912967,20.510008582369977,99.0,P48
29,2458233.67739005,r,-0.629048903309435,4.539693818912967,20.510008582369977,99.0,P48
30,2458246.7150347,r,-1.247120534320548,4.081261294698923,20.62558898788398,99.0,P48
31,2458247.7242477,r,0.13464754613627122,2.895713101933676,20.998186161316852,99.0,P48
32,2458248.7395081,r,0.5097447107407501,2.29734109493306,21.24951128583765,99.0,P48
33,2458248.7395081,r,0.5097447107407501,2.29734109493306,21.24951128583765,99.0,P48
34,2458250.7169329,r,-4.187223370749,5.7800028102202266,20.247754865226778,99.0,P48
35,2458254.68641785,r,1.3918457057703688,1.8706840075978375,21.472573905426714,99.0,P48
36,2458254.68641785,r,1.3918457057703688,1.8706840075978375,21.472573905426714,99.0,P48
37,2458256.7798727,r,3.022848228127433,4.2732455214500416,20.575680373810336,99.0,P48
38,2458257.73489585,r,-2.6502508066682506,2.4342663651189276,21.186654743237487,99.0,P48
39,2458257.73489585,r,-2.6502508066682506,2.4342663651189276,21.186654743237487,99.0,P48
40,2458258.7048611,r,5.104361340231275,4.40188740629926,20.543477664770823,99.0,P48
41,2458260.6779861,r,-3.116582148593971,3.861558458014595,20.685668454734923,99.0,P48
42,2458260.6779861,r,-3.116582148593971,3.861558458014595,20.685668454734923,99.0,P48
43,2458262.7159375,r,-6.541425980471483,3.4469289756130093,20.808994152134964,99.0,P48
44,2458262.7159375,r,-6.541425980471483,3.4469289756130093,20.808994152134964,99.0,P48
45,2458263.7147569,r,-2.87765941026021,3.432229466595913,20.813634200349266,99.0,P48
46,2458266.7355324,r,-5.9046029762035355,4.5511557444895585,20.507270744925364,99.0,P48
47,2458266.7355324,r,-5.9046029762035355,4.5511557444895585,20.507270744925364,99.0,P48
48,2458269.68246525,r,-5.161488919140697,3.51394988798435,20.788086079704463,99.0,P48
49,2458269.68246525,r,-5.161488919140697,3.51394988798435,20.788086079704463,99.0,P48
50,2458271.685081,r,1.5257347004508564,3.804958274959164,20.701700242473862,99.0,P48
51,2458277.7370023,r,1.3929186304490004,3.6976562941603146,20.732758639142922,99.0,P48
52,2458278.7404398,r,0.4735538455963119,4.470557560389953,20.5266707616992,99.0,P48
53,2458279.6795197,r,0.3201504319415577,2.5076195632763683,21.154420865802955,99.0,P48
54,2458279.6795197,r,0.3201504319415577,2.5076195632763683,21.154420865802955,99.0,P48
55,2458280.6879051,r,-6.2006535112090155,3.728844483700604,20.723639311850192,99.0,P48
56,2458281.6967708,r,-2.041444540687745,3.1081581422136315,20.9213172204791,99.0,P48
57,2458283.7003066996,r,-0.7811613671856154,2.2926952803307303,21.251709146780108,99.0,P48
58,2458283.7003066996,r,-0.7811613671856154,2.2926952803307303,21.251709146780108,99.0,P48
59,2458284.6738889,r,-6.296116716190946,4.948853837532785,20.41631342095372,99.0,P48
60,2458289.7204977,r,-9.089357081691698,6.422136732332628,20.13337611966152,99.0,P48
61,2458292.7394097,r,1.3684820210494515,6.258028701908483,20.16148111248771,99.0,P48
62,2458295.7366435,r,9.398823645682885,8.206723143777422,19.867150532614705,99.0,P48
63,2458423.0415046,r,-7.564176740232412,6.61552687916955,20.101163893322145,99.0,P48
64,2458425.9873611,r,-8.890416712843768,6.1064213873055575,20.188108063005792,99.0,P48
65,2458427.03046295,r,-3.655280617522606,2.5482713129070618,21.13696082616969,99.0,P48
66,2458427.03046295,r,-3.655280617522606,2.5482713129070618,21.13696082616969,99.0,P48
67,2458427.9938773,r,-12.23212374271843,5.330894332321936,20.335574803830625,99.0,P48
68,2458430.0305845,r,1.7477015198906989,2.3165836809125864,21.240455007542018,99.0,P48
69,2458430.0305845,r,1.7477015198906989,2.3165836809125864,21.240455007542018,99.0,P48
70,2458430.9924537004,r,2.828391349242228,3.8606520411371044,20.685923337614668,99.0,P48
71,2458432.0394907002,r,-0.19235017500572169,7.390513167309014,19.980888501429664,99.0,P48
72,2458433.0292302994,r,3.011886673943205,2.7851066580852737,21.040470410375782,99.0,P48
73,2458433.0292302994,r,3.011886673943205,2.7851066580852737,21.040470410375782,99.0,P48
74,2458434.9934954,r,-1.313210876072954,6.696432896496593,20.08796618610453,99.0,P48
75,2458439.0556944,r,-3.736886070695071,4.087759238722109,20.62386171726651,99.0,P48
76,2458439.9768692,r,1.7213254255980006,3.284192571135113,20.861503453204833,99.0,P48
77,2458439.9768692,r,1.7213254255980006,3.284192571135113,20.861503453204833,99.0,P48
78,2458441.0251157,r,-3.9590586965787185,2.732343634180065,21.061236695044627,99.0,P48
79,2458442.0312152496,r,4.383303958003906,3.7718710036872904,20.711182910057673,99.0,P48
80,2458442.0312152496,r,4.383303958003906,3.7718710036872904,20.711182910057673,99.0,P48
81,2458442.9668518994,r,0.7560130680940274,3.226369062357504,20.880789877732084,99.0,P48
82,2458442.9668518994,r,0.7560130680940274,3.226369062357504,20.880789877732084,99.0,P48
83,2458443.9673611,r,2.3833046405755978,5.694403993062331,20.263954301164148,99.0,P48
84,2458448.0086545,r,3.932282626132808,3.2530569919609387,20.871845809223586,99.0,P48
85,2458448.0086545,r,3.932282626132808,3.2530569919609387,20.871845809223586,99.0,P48
86,2458448.0086545,r,3.932282626132808,3.2530569919609387,20.871845809223586,99.0,P48
87,2458448.0086545,r,3.932282626132808,3.2530569919609387,20.871845809223586,99.0,P48
88,2458448.9955382003,r,2.0456137190724077,3.070756285862629,20.93446161534723,99.0,P48
89,2458448.9955382003,r,2.0456137190724077,3.070756285862629,20.93446161534723,99.0,P48
90,2458448.9955382003,r,2.0456137190724077,3.070756285862629,20.93446161534723,99.0,P48
91,2458448.9955382003,r,2.0456137190724077,3.070756285862629,20.93446161534723,99.0,P48
92,2458449.971917433,r,0.39022864675069624,3.5922956696116937,20.76414480224787,99.0,P48
93,2458449.971917433,r,0.39022864675069624,3.5922956696116937,20.76414480224787,99.0,P48
94,2458449.971917433,r,0.39022864675069624,3.5922956696116937,20.76414480224787,99.0,P48
95,2458451.0237616003,r,-0.11819251126445504,4.05940217461856,20.631419789072446,99.0,P48
96,2458456.020688675,r,-2.076313709328616,3.676209485721734,20.73907436084269,99.0,P48
97,2458456.020688675,r,-2.076313709328616,3.676209485721734,20.73907436084269,99.0,P48
98,2458456.020688675,r,-2.076313709328616,3.676209485721734,20.73907436084269,99.0,P48
99,2458456.020688675,r,-2.076313709328616,3.676209485721734,20.73907436084269,99.0,P48
100,2458462.03641205,r,-0.948191684617117,2.9994839839591982,20.959958620856426,99.0,P48
101,2458462.03641205,r,-0.948191684617117,2.9994839839591982,20.959958620856426,99.0,P48
102,2458465.0383102,r,1.4131796337703841,1.5508336179053388,21.67616197222366,99.0,P48
103,2458465.0383102,r,1.4131796337703841,1.5508336179053388,21.67616197222366,99.0,P48
104,2458466.9704514,r,24.484060796651377,25.216376882816647,18.64836827215133,99.0,P48
105,2458468.0377662005,r,7.243506286658679,9.630509395264351,19.693451841000353,99.0,P48
106,2458468.0377662005,r,7.243506286658679,9.630509395264351,19.693451841000353,99.0,P48
107,2458469.01073495,r,0.3134322779295812,1.5998557660462511,21.642372911947902,99.0,P48
108,2458469.01073495,r,0.3134322779295812,1.5998557660462511,21.642372911947902,99.0,P48
109,2458469.9790972,r,-42.805564164924725,19.549923941941714,18.924712308827587,99.0,P48
110,2458472.0398206003,r,0.5772056961838018,1.9790182377365775,21.41145049794429,99.0,P48
111,2458472.0398206003,r,0.5772056961838018,1.9790182377365775,21.41145049794429,99.0,P48
112,2458473.045706,r,1.4462750342028012,3.3810577563316553,20.829943515187047,99.0,P48
113,2458474.9787962995,r,-2.517360167716904,5.758989530010774,20.25170926672939,99.0,P48
114,2458476.9450867996,r,3.8866182163559575,3.8400476328269644,20.691733460437995,99.0,P48
115,2458476.9450867996,r,3.8866182163559575,3.8400476328269644,20.691733460437995,99.0,P48
116,2458480.9499073997,r,1.7457471867379337,5.727270874835503,20.257705679593677,99.0,P48
117,2458481.9615741,r,1.7702617924717425,3.2554149368714236,20.871059109580983,99.0,P48
118,2458481.9615741,r,1.7702617924717425,3.2554149368714236,20.871059109580983,99.0,P48
119,2458486.98541665,r,-2.426440485028817,1.9201053233886078,21.44426235996366,99.0,P48
120,2458486.98541665,r,-2.426440485028817,1.9201053233886078,21.44426235996366,99.0,P48
121,2458492.03119215,r,-0.9999763416285374,3.1274026866259197,20.91461547687453,99.0,P48
122,2458492.03119215,r,-0.9999763416285374,3.1274026866259197,20.91461547687453,99.0,P48
123,2458492.9645293336,r,-0.6762728091097178,2.774639792937217,21.044558462939904,99.0,P48
124,2458492.9645293336,r,-0.6762728091097178,2.774639792937217,21.044558462939904,99.0,P48
125,2458492.9645293336,r,-0.6762728091097178,2.774639792937217,21.044558462939904,99.0,P48
126,2458493.969027767,r,0.7695207621126244,1.3131262223391544,21.85680880411396,99.0,P48
127,2458493.969027767,r,0.7695207621126244,1.3131262223391544,21.85680880411396,99.0,P48
128,2458493.969027767,r,0.7695207621126244,1.3131262223391544,21.85680880411396,99.0,P48
129,2458494.95171295,r,-2.498328638868822,1.5948448260889303,21.645778904613778,99.0,P48
130,2458494.95171295,r,-2.498328638868822,1.5948448260889303,21.645778904613778,99.0,P48
131,2458503.0287558,r,-0.8417169035584515,5.10547135582142,20.38248537933069,99.0,P48
132,2458503.0287558,r,-0.8417169035584515,5.10547135582142,20.38248537933069,99.0,P48
133,2458503.9925579,r,-26.157250705493748,20.768320352129866,18.85907155370792,99.0,P48
134,2458506.0064699,r,-8.111884964105176,11.055442626337198,19.543634651423645,99.0,P48
135,2458506.0064699,r,-8.111884964105176,11.055442626337198,19.543634651423645,99.0,P48
136,2458506.9339698995,r,-26.076628036421692,13.484177337517403,19.328013850355106,99.0,P48
137,2458508.972010033,r,-0.5617427427590731,3.3348673813761622,20.844878569451865,99.0,P48
138,2458508.972010033,r,-0.5617427427590731,3.3348673813761622,20.844878569451865,99.0,P48
139,2458508.972010033,r,-0.5617427427590731,3.3348673813761622,20.844878569451865,99.0,P48
140,2458509.9827546002,r,-4.203508687506039,5.508840187210589,20.299924555240313,99.0,P48
141,2458511.89038195,r,-4.42022745658363,2.198521418568165,21.29724823669428,99.0,P48
142,2458511.89038195,r,-4.42022745658363,2.198521418568165,21.29724823669428,99.0,P48
143,2458513.933804,r,2.265315197607711,1.6047886207734714,21.639030398674247,99.0,P48
144,2458513.933804,r,2.265315197607711,1.6047886207734714,21.639030398674247,99.0,P48
145,2458513.933804,r,2.265315197607711,1.6047886207734714,21.639030398674247,99.0,P48
146,2458514.9047222002,r,-34.767909654414865,45.63218111640356,18.004396920220852,99.0,P48
147,2458534.8666667,r,-40.80738032704979,19.014368711384037,18.954870211295493,99.0,P48
148,2458538.7443056,r,3.0568085684152653,27.08796561891408,18.570634015305004,99.0,P48
149,2458540.747419,r,-1.0622250920199279,2.390629173378031,21.206294451678584,99.0,P48
150,2458540.747419,r,-1.0622250920199279,2.390629173378031,21.206294451678584,99.0,P48
151,2458557.7484143996,r,2.6306445775028373,4.491559285702254,20.521582148001087,99.0,P48
152,2458558.69399885,r,1.8575795273310571,4.3617639305163465,20.553419597199778,99.0,P48
153,2458558.69399885,r,1.8575795273310571,4.3617639305163465,20.553419597199778,99.0,P48
154,2458559.7284838003,r,3.146300889712703,3.920789309898585,20.669141225673457,99.0,P48
155,2458559.7284838003,r,3.146300889712703,3.920789309898585,20.669141225673457,99.0,P48
156,2458567.74329285,r,-3.0193987257501047,1.5596243461168011,21.670024974130577,99.0,P48
157,2458567.74329285,r,-3.0193987257501047,1.5596243461168011,21.670024974130577,99.0,P48
158,2458572.7775578997,r,2.8430961085358963,4.35286607621715,20.555636725386957,99.0,P48
159,2458574.7151678,r,6.688332068469858,5.167495667816294,20.369374686141086,99.0,P48
160,2458574.7151678,r,6.688332068469858,5.167495667816294,20.369374686141086,99.0,P48
161,2458575.7264468,r,-13.932558787464853,15.084831523123388,19.20622382899885,99.0,P48
162,2458580.7241088,r,-2.9699724299654537,2.584084451102607,21.12180823205926,99.0,P48
163,2458582.7032581,r,1.523946593642521,1.8984103443732276,21.456599759981074,99.0,P48
164,2458582.7032581,r,1.523946593642521,1.8984103443732276,21.456599759981074,99.0,P48
165,2458583.7610301003,r,-0.36104273578165713,3.5519118029140286,20.776419555841258,99.0,P48
166,2458586.7163426,r,0.41073070422361835,4.116712476566714,20.616198650061328,99.0,P48
167,2458589.7004744997,r,-19.915077485012652,26.84966488422637,18.580227815266504,99.0,P48
168,2458592.7434143997,r,-7.861945796703047,6.871800344538591,20.059898656966947,99.0,P48
169,2458593.76739585,r,-4.754146706758888,4.516254486740885,20.515628974078275,99.0,P48
170,2458593.76739585,r,-4.754146706758888,4.516254486740885,20.515628974078275,99.0,P48
171,2458597.7773843003,r,0.9794283797256288,1.8410347334508972,21.4899200339187,99.0,P48
172,2458597.7773843003,r,0.9794283797256288,1.8410347334508972,21.4899200339187,99.0,P48
173,2458597.7773843003,r,0.9794283797256288,1.8410347334508972,21.4899200339187,99.0,P48
174,2458602.7596759,r,-4.898244105640775,2.449990172716702,21.17966413329298,99.0,P48
175,2458602.7596759,r,-4.898244105640775,2.449990172716702,21.17966413329298,99.0,P48
176,2458606.7421875,r,-0.5995964688589344,2.8134774722527576,21.029466383979873,99.0,P48
177,2458608.7364005,r,-2.0149377082999025,2.8772823611015697,21.005118780861757,99.0,P48
178,2458612.6967014,r,-1.2876076834426333,2.704826770364322,21.072226348902788,99.0,P48
179,2458618.7744289995,r,6.928597428111836,6.430048914004086,20.132039297517647,99.0,P48
180,2458618.7744289995,r,6.928597428111836,6.430048914004086,20.132039297517647,99.0,P48
181,2458618.7744289995,r,6.928597428111836,6.430048914004086,20.132039297517647,99.0,P48
182,2458632.6797106,r,-1.4331162368340944,3.231943046246314,20.878915741730694,99.0,P48
183,2458633.67131365,r,1.1267778361035554,2.3436889039466244,21.227825079440137,99.0,P48
184,2458633.67131365,r,1.1267778361035554,2.3436889039466244,21.227825079440137,99.0,P48
185,2458634.6832060004,r,-4.0313731131678345,2.9601649209584684,20.974285219733083,99.0,P48
186,2458635.7403356005,r,-2.342507292054358,2.6081074741851933,21.111761279865433,99.0,P48
187,2458639.6828472,r,-4.408333597836099,2.9427088859998696,20.98070673745943,99.0,P48
188,2458642.7160301004,r,0.10287952658476658,3.2165145787225233,20.8841111787523,99.0,P48
189,2458648.6947569,r,-8.35069124411487,8.164203685613526,19.872790411092218,99.0,P48
190,2458651.7378935004,r,11.171668344808193,8.597272403502727,19.816673270353206,99.0,P48
191,2458654.6767477,r,-3.9539474565574846,4.894974358790179,20.428198936179324,99.0,P48
192,2458658.6845486,r,-8.35527046251971,3.104371373917514,20.92264081401266,99.0,P48
193,2458662.6805671,r,1.9032099478050164,5.876800121561644,20.229722689198447,99.0,P48
194,2458669.6760185002,r,3.360860886661373,6.487395872769049,20.12239898870257,99.0,P48
195,2458672.6985764,r,-5.409406002903114,7.179700079424852,20.01230923251358,99.0,P48
196,2458676.7001505,r,2.6923440944453843,8.7159067441123,19.801793552002202,99.0,P48
197,2458760.0247839666,r,2.2999879982952747,5.088338691707169,20.386134961016218,99.0,P48
198,2458760.0247839666,r,2.2999879982952747,5.088338691707169,20.386134961016218,99.0,P48
199,2458760.0247839666,r,2.2999879982952747,5.088338691707169,20.386134961016218,99.0,P48
200,2458762.0255469,r,-3.983395096762623,3.9965938053723136,20.648349961923323,99.0,P48
201,2458762.0255469,r,-3.983395096762623,3.9965938053723136,20.648349961923323,99.0,P48
202,2458762.0255469,r,-3.983395096762623,3.9965938053723136,20.648349961923323,99.0,P48
203,2458762.0255469,r,-3.983395096762623,3.9965938053723136,20.648349961923323,99.0,P48
204,2458764.027899325,r,-0.6987707310493819,3.3888221281927358,20.827453053472272,99.0,P48
205,2458764.027899325,r,-0.6987707310493819,3.3888221281927358,20.827453053472272,99.0,P48
206,2458764.027899325,r,-0.6987707310493819,3.3888221281927358,20.827453053472272,99.0,P48
207,2458764.027899325,r,-0.6987707310493819,3.3888221281927358,20.827453053472272,99.0,P48
208,2458766.0286072665,r,-8.946558506740535,4.120229569079491,20.615271452835096,99.0,P48
209,2458766.0286072665,r,-8.946558506740535,4.120229569079491,20.615271452835096,99.0,P48
210,2458766.0286072665,r,-8.946558506740535,4.120229569079491,20.615271452835096,99.0,P48
211,2458772.0169155,r,-8.647030739849109,9.354713468696783,19.724998764746157,99.0,P48
212,2458772.0169155,r,-8.647030739849109,9.354713468696783,19.724998764746157,99.0,P48
213,2458777.0138889,r,3.8305762094806255,6.856935937394037,20.062249759205947,99.0,P48
214,2458786.0143518997,r,-5.062508599922143,4.702677909423704,20.471711902782836,99.0,P48
215,2458790.0286457995,r,1.78586068515704,5.360613103542822,20.329538830106134,99.0,P48
216,2458793.0088542,r,2.5999993942982376,4.325987795062573,20.56236176459255,99.0,P48
217,2458799.0404977,r,-7.536643310412326,5.35683842846855,20.330303620419677,99.0,P48
218,2458820.0097222,r,-170.60317862815705,93.95244364890561,17.22030478832847,99.0,P48
219,2458828.9295486,r,-5.126588376598284,5.741370706571774,20.25503601633821,99.0,P48
220,2458831.9540972,r,-6.9183334949109465,8.727248785691216,19.800381597967558,99.0,P48
221,2458833.97531946,r,1.109651762298932,3.8109509488221267,20.69999159177229,99.0,P48
222,2458833.97531946,r,1.109651762298932,3.8109509488221267,20.69999159177229,99.0,P48
223,2458833.97531946,r,1.109651762298932,3.8109509488221267,20.69999159177229,99.0,P48
224,2458833.97531946,r,1.109651762298932,3.8109509488221267,20.69999159177229,99.0,P48
225,2458833.97531946,r,1.109651762298932,3.8109509488221267,20.69999159177229,99.0,P48
226,2458835.0025694002,r,6.2447646302692625,10.755509167204918,19.573497552241243,99.0,P48
227,2458837.9484606003,r,-3.7598306336728853,8.588887573643941,19.81773269422484,99.0,P48
228,2458839.019103,r,-8.224895980703876,6.802326633481229,20.070931284137373,99.0,P48
229,2458839.019103,r,-8.224895980703876,6.802326633481229,20.070931284137373,99.0,P48
230,2458846.93606485,r,-0.7048511272699368,1.4146576359201917,21.775946618875274,99.0,P48
231,2458846.93606485,r,-0.7048511272699368,1.4146576359201917,21.775946618875274,99.0,P48
232,2458846.93606485,r,-0.7048511272699368,1.4146576359201917,21.775946618875274,99.0,P48
233,2458846.93606485,r,-0.7048511272699368,1.4146576359201917,21.775946618875274,99.0,P48
234,2458849.9507639,r,-2.3280791580928795,3.0801669068765603,20.931139362867036,99.0,P48
235,2458851.9744977,r,0.4588107588691824,1.4678558253110026,21.735866487380783,99.0,P48
236,2458851.9744977,r,0.4588107588691824,1.4678558253110026,21.735866487380783,99.0,P48
237,2458851.9744977,r,0.4588107588691824,1.4678558253110026,21.735866487380783,99.0,P48
238,2458851.9744977,r,0.4588107588691824,1.4678558253110026,21.735866487380783,99.0,P48
239,2458851.9744977,r,0.4588107588691824,1.4678558253110026,21.735866487380783,99.0,P48
240,2458852.9544329,r,0.7560553383106178,2.274032507265265,21.260583317584732,99.0,P48
241,2458856.0358448997,r,-1.3579848244101043,3.1053753435618203,20.92228973811524,99.0,P48
242,2458859.8028148203,r,-0.05542544085091303,4.41124237196593,20.54117268822131,99.0,P48
243,2458859.8028148203,r,-0.05542544085091303,4.41124237196593,20.54117268822131,99.0,P48
244,2458859.8028148203,r,-0.05542544085091303,4.41124237196593,20.54117268822131,99.0,P48
245,2458859.8028148203,r,-0.05542544085091303,4.41124237196593,20.54117268822131,99.0,P48
246,2458859.8028148203,r,-0.05542544085091303,4.41124237196593,20.54117268822131,99.0,P48
247,2458860.8942939998,r,-2.9175354615954485,7.556755054186002,19.95673662626453,99.0,P48
248,2458863.8498843,r,-0.0010316887457686105,6.690410321432129,20.088943104729495,99.0,P48
249,2458866.8676157002,r,0.4506354115493114,3.8233177023679685,20.69647402003934,99.0,P48
250,2458871.9913715497,r,0.1728753045223795,2.517576807729905,21.15011816630493,99.0,P48
251,2458871.9913715497,r,0.1728753045223795,2.517576807729905,21.15011816630493,99.0,P48
252,2458873.8277778,r,-1.382573418865386,2.6939827442861337,21.07658796511469,99.0,P48
253,2458874.81710645,r,-0.16149724252297212,1.605729002404237,21.6383943601709,99.0,P48
254,2458874.81710645,r,-0.16149724252297212,1.605729002404237,21.6383943601709,99.0,P48
255,2458875.8020948996,r,-5.50348765499738,3.9198162583299148,20.669410714378998,99.0,P48
256,2458876.8402198995,r,-4.358238865811255,2.523148021246435,21.147718165952767,99.0,P48
257,2458877.8419907503,r,-0.4059151368030264,2.614507460149796,21.10910027573729,99.0,P48
258,2458877.8419907503,r,-0.4059151368030264,2.614507460149796,21.10910027573729,99.0,P48
259,2458878.8478241,r,-1.839859148586124,3.893439650509779,20.676741370688127,99.0,P48
260,2458879.8647801,r,-8.596473442151742,5.57719500013749,20.286535415763595,99.0,P48
261,2458880.84099535,r,-1.4506209524281253,2.1658185581954768,21.313519812355334,99.0,P48
262,2458880.84099535,r,-1.4506209524281253,2.1658185581954768,21.313519812355334,99.0,P48
263,2458881.8696644,r,-1.4011168603338136,2.7501378175094087,21.054188843780565,99.0,P48
264,2458884.0111748,r,1.6012948633191966,4.345785940859482,20.557404162680662,99.0,P48
265,2458884.0111748,r,1.6012948633191966,4.345785940859482,20.557404162680662,99.0,P48
266,2458884.9813657003,r,-9.420852395540022,5.101060229037435,20.38342386079455,99.0,P48
267,2458885.7429051003,r,12.724047979924178,10.65026942183778,19.58417350330582,99.0,P48
268,2458886.79074655,r,0.934537955223275,3.984021817503794,20.651770719000453,99.0,P48
269,2458886.79074655,r,0.934537955223275,3.984021817503794,20.651770719000453,99.0,P48
270,2458890.9177893996,r,-14.080298410299212,9.7918679072986,19.675411123683574,99.0,P48
271,2458891.8211689997,r,-0.3232955743541575,5.100461834392092,20.383551233695943,99.0,P48
272,2458893.8102546004,r,-1.3303918263112686,3.278808093070827,20.86328499320122,99.0,P48
273,2458894.7815509,r,0.472043732000438,2.024320754970709,21.386876669485382,99.0,P48
274,2458894.7815509,r,0.472043732000438,2.024320754970709,21.386876669485382,99.0,P48
275,2458895.7907869997,r,-3.7181962770428543,2.973333734569174,20.969465843504366,99.0,P48
276,2458896.7944792,r,0.4676488959120712,2.5371178999529764,21.141723365735835,99.0,P48
277,2458898.85207175,r,-1.4046583464907882,1.6071484392123587,21.637435012009497,99.0,P48
278,2458898.85207175,r,-1.4046583464907882,1.6071484392123587,21.637435012009497,99.0,P48
279,2458899.8038611,r,-0.7871356519409421,1.2140146759239983,21.942015147035324,99.0,P48
280,2458899.8038611,r,-0.7871356519409421,1.2140146759239983,21.942015147035324,99.0,P48
281,2458899.8038611,r,-0.7871356519409421,1.2140146759239983,21.942015147035324,99.0,P48
282,2458899.8038611,r,-0.7871356519409421,1.2140146759239983,21.942015147035324,99.0,P48
283,2458899.8038611,r,-0.7871356519409421,1.2140146759239983,21.942015147035324,99.0,P48
284,2458900.7632870497,r,-1.0381638105738236,2.195947726235452,21.298519994976314,99.0,P48
285,2458900.7632870497,r,-1.0381638105738236,2.195947726235452,21.298519994976314,99.0,P48
286,2458903.8924132,r,-1.0567874544924847,1.8460093200337142,21.486990265814153,99.0,P48
287,2458903.8924132,r,-1.0567874544924847,1.8460093200337142,21.486990265814153,99.0,P48
288,2458904.7352083502,r,1.9332616579850501,2.0697501931660574,21.36278015966778,99.0,P48
289,2458904.7352083502,r,1.9332616579850501,2.0697501931660574,21.36278015966778,99.0,P48
290,2458905.7359317,r,0.4831348490050044,2.7244355958764466,21.06438362444885,99.0,P48
291,2458905.7359317,r,0.4831348490050044,2.7244355958764466,21.06438362444885,99.0,P48
292,2458906.74141205,r,1.4151970135994638,3.365030369859818,20.835102518797843,99.0,P48
293,2458906.74141205,r,1.4151970135994638,3.365030369859818,20.835102518797843,99.0,P48
294,2458909.82035305,r,-0.08116778362385567,1.7565048342507457,21.5409516156737,99.0,P48
295,2458909.82035305,r,-0.08116778362385567,1.7565048342507457,21.5409516156737,99.0,P48
296,2458911.7162095,r,-1.7682875889626288,4.641819873626952,20.485854280165498,99.0,P48
297,2458911.7162095,r,-1.7682875889626288,4.641819873626952,20.485854280165498,99.0,P48
298,2458912.90881365,r,1.643987847145014,2.411658177378985,21.196785609219134,99.0,P48
299,2458912.90881365,r,1.643987847145014,2.411658177378985,21.196785609219134,99.0,P48
300,2458913.7236285,r,1.3178759783218366,2.621200511275718,21.10632437917246,99.0,P48
301,2458913.7236285,r,1.3178759783218366,2.621200511275718,21.10632437917246,99.0,P48
302,2458913.7236285,r,1.3178759783218366,2.621200511275718,21.10632437917246,99.0,P48
303,2458913.7236285,r,1.3178759783218366,2.621200511275718,21.10632437917246,99.0,P48
304,2458914.84058445,r,6.3849133296053155,3.389090516494305,20.82736706862373,99.0,P48
305,2458914.84058445,r,6.3849133296053155,3.389090516494305,20.82736706862373,99.0,P48
306,2458915.88189815,r,-6.694078297827133,4.38839617757409,20.546810418904467,99.0,P48
307,2458915.88189815,r,-6.694078297827133,4.38839617757409,20.546810418904467,99.0,P48
308,2458939.7088009203,r,-0.27928095615111403,1.4623700252054046,21.73993179773511,99.0,P48
309,2458939.7088009203,r,-0.27928095615111403,1.4623700252054046,21.73993179773511,99.0,P48
310,2458939.7088009203,r,-0.27928095615111403,1.4623700252054046,21.73993179773511,99.0,P48
311,2458939.7088009203,r,-0.27928095615111403,1.4623700252054046,21.73993179773511,99.0,P48
312,2458939.7088009203,r,-0.27928095615111403,1.4623700252054046,21.73993179773511,99.0,P48
313,2458940.7379861,r,-9.570825015244312,6.720550643438366,20.08406284387302,99.0,P48
314,2458941.725463,r,-2.7023768347899106,4.054631879290934,20.63269641248982,99.0,P48
315,2458944.8451968,r,-13.354732850473955,10.127513427956991,19.63881791995442,99.0,P48
316,2458954.7367187496,r,-3.2078499022607967,1.7929190858120942,21.51867326327213,99.0,P48
317,2458954.7367187496,r,-3.2078499022607967,1.7929190858120942,21.51867326327213,99.0,P48
318,2458955.7481366,r,0.13781844984920816,2.848800780991178,21.01591978984272,99.0,P48
319,2458956.7614582996,r,-0.300903480741197,2.5394549232223587,21.14072371851612,99.0,P48
320,2458962.75501155,r,-2.012911335696109,1.8027768215398094,21.512720074978766,99.0,P48
321,2458962.75501155,r,-2.012911335696109,1.8027768215398094,21.512720074978766,99.0,P48
322,2458964.748044,r,0.4934860458500053,2.2205117996714043,21.28644227583093,99.0,P48
323,2458966.6953588,r,4.978808387967936,3.6998050894257375,20.73212787549012,99.0,P48
324,2458967.6703588,r,-5.620509496564773,2.6415250491088287,21.097938155711816,99.0,P48
325,2458968.6883912003,r,5.371913991565161,2.8615419122390513,21.01107471094467,99.0,P48
326,2458970.7056712997,r,-1.5378399148280155,4.477073858880801,20.525089341519532,99.0,P48
327,2458971.708044,r,-3.766846400765122,3.7073836982315487,20.72990614925382,99.0,P48
328,2458971.708044,r,-3.766846400765122,3.7073836982315487,20.72990614925382,99.0,P48
329,2458974.7484722002,r,-3.5588478523547282,6.207640111482558,20.17025866236831,99.0,P48
330,2458977.72875,r,-40.49623426842469,28.910479004599804,18.499936770764084,99.0,P48
331,2458980.70378475,r,14.89580953946849,1.9799674882383513,20.96740534552101,0.14428586125433365,P48
332,2458980.70378475,r,14.89580953946849,1.9799674882383513,20.96740534552101,0.14428586125433365,P48
333,2458985.7119097,r,45.85563569522513,2.5754395975380846,19.74658382619686,0.0609661089796798,P48
334,2458991.7048380002,r,40.16951101914608,2.737069884839737,19.890324259469057,0.0739637920555572,P48
335,2458995.7138542,r,26.433701802813864,2.7662548770863005,20.344670656189635,0.11359626023917446,P48
336,2458998.7463194,r,30.069313158798938,4.529774247000252,20.204756852060065,0.16352451814084523,P48
337,2459004.7490625,r,10.725711047169332,6.868983252465545,20.060343845391188,99.0,P48
338,2459011.740162,r,11.949966511826878,3.7496984584151525,21.20664890169719,0.3406116387507258,P48
339,2459014.7226157,r,12.58393257141913,3.668791409952794,21.150524665937066,0.31647285559593885,P48
340,2459018.7287153,r,0.16376602513371563,0.20734764336690512,23.860827229897385,99.0,P48
341,2459021.7452546,r,2.0540746967522248,3.8749831612216323,20.681900440121495,99.0,P48
342,2459024.7244907003,r,3.9019515309767767,5.197884283511215,20.363008471886147,99.0,P48
343,2459027.6740856003,r,-0.6617702190626278,6.703662205321843,20.086794683510135,99.0,P48
344,2459033.6780439997,r,22.97651022032282,10.406206182777243,19.609343922873947,99.0,P48
345,2459038.680888325,r,2.9060555471205127,2.3985123372180106,21.202720097443965,99.0,P48
346,2459038.680888325,r,2.9060555471205127,2.3985123372180106,21.202720097443965,99.0,P48
347,2459038.680888325,r,2.9060555471205127,2.3985123372180106,21.202720097443965,99.0,P48
348,2459038.680888325,r,2.9060555471205127,2.3985123372180106,21.202720097443965,99.0,P48
349,2459040.6874884,r,-0.3071851120090686,3.5905987430946387,20.764657802853144,99.0,P48
350,2459040.6874884,r,-0.3071851120090686,3.5905987430946387,20.764657802853144,99.0,P48
351,2459040.6874884,r,-0.3071851120090686,3.5905987430946387,20.764657802853144,99.0,P48
352,2459042.68046875,r,2.437008318424801,2.9019932527429555,20.995833993285324,99.0,P48
353,2459042.68046875,r,2.437008318424801,2.9019932527429555,20.995833993285324,99.0,P48
354,2459042.68046875,r,2.437008318424801,2.9019932527429555,20.995833993285324,99.0,P48
355,2459042.68046875,r,2.437008318424801,2.9019932527429555,20.995833993285324,99.0,P48
356,2459044.680147575,r,6.5522063042052885,3.1681999406094317,20.90054353543057,99.0,P48
357,2459044.680147575,r,6.5522063042052885,3.1681999406094317,20.90054353543057,99.0,P48
358,2459044.680147575,r,6.5522063042052885,3.1681999406094317,20.90054353543057,99.0,P48
359,2459044.680147575,r,6.5522063042052885,3.1681999406094317,20.90054353543057,99.0,P48
360,2459046.6733448994,r,-2.2022987421493143,4.383000856288371,20.548146100409333,99.0,P48
361,2459046.6733448994,r,-2.2022987421493143,4.383000856288371,20.548146100409333,99.0,P48
362,2459046.6733448994,r,-2.2022987421493143,4.383000856288371,20.548146100409333,99.0,P48
363,2459048.6741493,r,8.994545551927697,2.9743548210286472,21.51511755835233,0.35895778609233175,P48
364,2459048.6741493,r,8.994545551927697,2.9743548210286472,21.51511755835233,0.35895778609233175,P48
365,2459048.6741493,r,8.994545551927697,2.9743548210286472,21.51511755835233,0.35895778609233175,P48
366,2459048.6741493,r,8.994545551927697,2.9743548210286472,21.51511755835233,0.35895778609233175,P48
367,2459050.6730845,r,4.427235653893185,4.74874948085265,20.461126841448902,99.0,P48
368,2459050.6730845,r,4.427235653893185,4.74874948085265,20.461126841448902,99.0,P48
369,2459050.6730845,r,4.427235653893185,4.74874948085265,20.461126841448902,99.0,P48
370,2459050.6730845,r,4.427235653893185,4.74874948085265,20.461126841448902,99.0,P48
371,2459052.67780095,r,4.143323998536436,3.574105331238929,20.769656620903092,99.0,P48
372,2459052.67780095,r,4.143323998536436,3.574105331238929,20.769656620903092,99.0,P48
373,2459052.67780095,r,4.143323998536436,3.574105331238929,20.769656620903092,99.0,P48
374,2459052.67780095,r,4.143323998536436,3.574105331238929,20.769656620903092,99.0,P48
375,2459126.02330092,r,-1.1223762232263825,4.339786640523265,20.558904042752605,99.0,P48
376,2459126.02330092,r,-1.1223762232263825,4.339786640523265,20.558904042752605,99.0,P48
377,2459126.02330092,r,-1.1223762232263825,4.339786640523265,20.558904042752605,99.0,P48
378,2459126.02330092,r,-1.1223762232263825,4.339786640523265,20.558904042752605,99.0,P48
379,2459126.02330092,r,-1.1223762232263825,4.339786640523265,20.558904042752605,99.0,P48
380,2459130.0246342598,r,1.9288647690331784,2.686741045432199,21.079510463902665,99.0,P48
381,2459130.0246342598,r,1.9288647690331784,2.686741045432199,21.079510463902665,99.0,P48
382,2459130.0246342598,r,1.9288647690331784,2.686741045432199,21.079510463902665,99.0,P48
383,2459130.0246342598,r,1.9288647690331784,2.686741045432199,21.079510463902665,99.0,P48
384,2459130.0246342598,r,1.9288647690331784,2.686741045432199,21.079510463902665,99.0,P48
385,2459132.0257731797,r,-0.003201052509436487,4.535127012708018,20.511101352651046,99.0,P48
386,2459132.0257731797,r,-0.003201052509436487,4.535127012708018,20.511101352651046,99.0,P48
387,2459132.0257731797,r,-0.003201052509436487,4.535127012708018,20.511101352651046,99.0,P48
388,2459132.0257731797,r,-0.003201052509436487,4.535127012708018,20.511101352651046,99.0,P48
389,2459132.0257731797,r,-0.003201052509436487,4.535127012708018,20.511101352651046,99.0,P48
390,2459141.0302315,r,5.215261520977593,6.005213721228745,20.20625381855593,99.0,P48
391,2459143.0355787002,r,-0.009936651445788895,3.715830013889232,20.727435393319936,99.0,P48
392,2459145.0379745,r,-3.5000871547969545,3.804845678918674,20.701732371973762,99.0,P48
393,2459147.0276389,r,-6.784756310158012,17.101944067347635,19.0699612848562,99.0,P48
394,2459151.0360764,r,-4.022790793859572,4.400466155280864,20.54382827638608,99.0,P48
395,2459152.974537,r,-6.5923432947978275,8.373472492317495,19.845310994264544,99.0,P48
396,2458202.7724132,g,-2.074625016706337,2.830413779150749,21.02295016460196,99.0,P48
397,2458202.7724132,g,-2.074625016706337,2.830413779150749,21.02295016460196,99.0,P48
398,2458205.7670312496,g,4.009231493406535,5.818011069298568,20.240638631167883,99.0,P48
399,2458205.7670312496,g,4.009231493406535,5.818011069298568,20.240638631167883,99.0,P48
400,2458208.7937731002,g,-2.3610455768173173,15.805340698556778,19.155565334433003,99.0,P48
401,2458215.7560185003,g,-7.964201814342183,12.079102670547865,19.447488307359485,99.0,P48
402,2458216.7608681,g,-0.8679781465096937,3.7947554124138145,20.704615516487795,99.0,P48
403,2458230.80217015,g,-0.90186231976431,9.920435150271258,19.66124818296383,99.0,P48
404,2458230.80217015,g,-0.90186231976431,9.920435150271258,19.66124818296383,99.0,P48
405,2458233.72399885,g,-5.1911428347508,4.300455751341937,20.56878878055722,99.0,P48
406,2458233.72399885,g,-5.1911428347508,4.300455751341937,20.56878878055722,99.0,P48
407,2458234.72001735,g,-2.2578290512695927,5.176478499523244,20.367488952882397,99.0,P48
408,2458234.72001735,g,-2.2578290512695927,5.176478499523244,20.367488952882397,99.0,P48
409,2458235.6921933005,g,-5.705375556930603,5.00776763495671,20.40346456664789,99.0,P48
410,2458235.6921933005,g,-5.705375556930603,5.00776763495671,20.40346456664789,99.0,P48
411,2458236.70399885,g,-4.980692343719232,6.24769579064429,20.163275301767953,99.0,P48
412,2458236.70399885,g,-4.980692343719232,6.24769579064429,20.163275301767953,99.0,P48
413,2458237.7116087996,g,12.725477493516658,9.521959365861477,19.705759179589244,99.0,P48
414,2458238.6501619997,g,-1.3719481996055314,9.158158624382814,19.748054585465113,99.0,P48
415,2458242.7060301,g,5.119374032984492,2.5645163714691153,21.130061299464252,99.0,P48
416,2458243.6950231004,g,-2.136311159456155,2.5935052420594342,21.117857163815813,99.0,P48
417,2458244.6944444,g,0.6783676748076215,2.8051678275293255,21.03267786583055,99.0,P48
418,2458245.72469905,g,-4.373131288319078,2.0104352191349597,21.394349779926575,99.0,P48
419,2458245.72469905,g,-4.373131288319078,2.0104352191349597,21.394349779926575,99.0,P48
420,2458247.6948957997,g,0.3786048949877547,2.1705662483077877,21.31114237523498,99.0,P48
421,2458248.67612265,g,-1.1820265341001817,1.5156694734744112,21.701063729812976,99.0,P48
422,2458248.67612265,g,-1.1820265341001817,1.5156694734744112,21.701063729812976,99.0,P48
423,2458249.7074884,g,-2.482180035906636,3.5774610076888855,20.768637716929362,99.0,P48
424,2458250.6958449,g,2.978780073690598,3.0327185844998183,20.947994707587988,99.0,P48
425,2458258.6714699,g,1.0901224902381885,3.041356627364586,20.944906618661886,99.0,P48
426,2458263.7463542004,g,6.110044686023205,5.13978927424511,20.37521170475959,99.0,P48
427,2458267.6827893998,g,18.12200184771291,9.377029073545966,19.722411832801782,99.0,P48
428,2458268.6702893996,g,1.6311531196982998,9.772108563570827,19.67760428131634,99.0,P48
429,2458269.71281825,g,-5.8580920187279775,4.710182956881916,20.46998054744119,99.0,P48
430,2458269.71281825,g,-5.8580920187279775,4.710182956881916,20.46998054744119,99.0,P48
431,2458272.69965275,g,-2.1960685030875062,1.9443223673613865,21.430654308415534,99.0,P48
432,2458272.69965275,g,-2.1960685030875062,1.9443223673613865,21.430654308415534,99.0,P48
433,2458274.7208332997,g,-1.1496438471383852,2.3437513071375733,21.227796170952494,99.0,P48
434,2458276.71908565,g,-0.6496597277752931,1.9141008554567698,21.447662945769004,99.0,P48
435,2458276.71908565,g,-0.6496597277752931,1.9141008554567698,21.447662945769004,99.0,P48
436,2458277.7073957995,g,1.5258294099245886,3.188886960117956,20.89347717762132,99.0,P48
437,2458278.6958796,g,4.649608496466665,4.006479820847453,20.64566758990403,99.0,P48
438,2458279.69766205,g,2.29009645361837,2.2432385071241354,21.275386360684998,99.0,P48
439,2458279.69766205,g,2.29009645361837,2.2432385071241354,21.275386360684998,99.0,P48
440,2458280.718125,g,-0.16228015664894263,2.9041808526919,20.995015844695438,99.0,P48
441,2458283.741522,g,0.0892747573067696,2.590011296412383,21.119320843475293,99.0,P48
442,2458283.741522,g,0.0892747573067696,2.590011296412383,21.119320843475293,99.0,P48
443,2458284.7165741003,g,2.167665672486308,4.151113709560789,20.60716341423063,99.0,P48
444,2458286.7191319,g,1.0602996059592564,3.9382138658632995,20.66432674682948,99.0,P48
445,2458289.6795948995,g,2.232537684813766,5.146945244587102,20.3737011190009,99.0,P48
446,2458292.6967245,g,1.4353816616270778,6.331240377894846,20.14885298248015,99.0,P48
447,2458295.6785764,g,0.3791187351135731,8.01230735583686,19.893180987461427,99.0,P48
448,2458422.9834144,g,0.12798338182614896,8.575506182091157,19.81942557827645,99.0,P48
449,2458423.9910243005,g,-0.4828177339420609,5.367964246207026,20.328050952874,99.0,P48
450,2458423.9910243005,g,-0.4828177339420609,5.367964246207026,20.328050952874,99.0,P48
451,2458426.0256597,g,-0.16929484584427118,4.630097486494736,20.488599651247355,99.0,P48
452,2458426.9949479,g,-3.300154529424641,1.9751848863768495,21.41355560460169,99.0,P48
453,2458426.9949479,g,-3.300154529424641,1.9751848863768495,21.41355560460169,99.0,P48
454,2458428.0285994997,g,-0.1811677907781521,3.262817480901587,20.86859303810607,99.0,P48
455,2458429.9867303,g,-0.7264783386090131,1.8438496673442946,21.48826121594552,99.0,P48
456,2458429.9867303,g,-0.7264783386090131,1.8438496673442946,21.48826121594552,99.0,P48
457,2458431.0256828996,g,-3.5739419924047033,2.288251998344652,21.253815363394114,99.0,P48
458,2458431.9845139,g,-1.0419623400892841,4.379138794816743,20.549103213718013,99.0,P48
459,2458432.9726273,g,-0.1350351270928124,2.610612259465699,21.110719056327166,99.0,P48
460,2458432.9726273,g,-0.1350351270928124,2.610612259465699,21.110719056327166,99.0,P48
461,2458435.0246065,g,1.5176404539587287,4.297285868805145,20.569589376002632,99.0,P48
462,2458438.0091319,g,-1.7350549003273443,3.705150281122067,20.730560419951594,99.0,P48
463,2458438.99224535,g,-1.2733828582858449,1.7520081023925824,21.543734713437885,99.0,P48
464,2458438.99224535,g,-1.2733828582858449,1.7520081023925824,21.543734713437885,99.0,P48
465,2458439.9936979003,g,1.0521999491906233,1.9553739426352825,21.424500430490873,99.0,P48
466,2458439.9936979003,g,1.0521999491906233,1.9553739426352825,21.424500430490873,99.0,P48
467,2458440.9963542004,g,-4.5057469669951296,3.5036769995552994,20.791264833730775,99.0,P48
468,2458442.01458915,g,-1.5552485235536118,2.199935648650783,21.296550046018773,99.0,P48
469,2458442.01458915,g,-1.5552485235536118,2.199935648650783,21.296550046018773,99.0,P48
470,2458443.0186574,g,2.7066692771057905,2.483344858482748,21.1649824051986,99.0,P48
471,2458444.0373032,g,2.0559895172547726,1.7932416736344776,21.5184779316613,99.0,P48
472,2458450.9913541498,g,-4.779961448797281,3.829401000935856,20.694747872993624,99.0,P48
473,2458450.9913541498,g,-4.779961448797281,3.829401000935856,20.694747872993624,99.0,P48
474,2458461.9968113503,g,2.9447950401439242,3.189980070883142,20.893105064536215,99.0,P48
475,2458461.9968113503,g,2.9447950401439242,3.189980070883142,20.893105064536215,99.0,P48
476,2458462.9952431,g,-21.306226107737494,72.87121294947893,17.496184992997165,99.0,P48
477,2458464.9888426,g,0.2866575793027441,1.430884884116873,21.76356324963089,99.0,P48
478,2458464.9888426,g,0.2866575793027441,1.430884884116873,21.76356324963089,99.0,P48
479,2458467.0166088,g,23.01704937213538,15.311042622338137,19.190063075492244,99.0,P48
480,2458467.9689988503,g,0.5357608953123209,10.044597335631586,19.647743660197015,99.0,P48
481,2458467.9689988503,g,0.5357608953123209,10.044597335631586,19.647743660197015,99.0,P48
482,2458468.9453819,g,1.8277452945276544,2.5864080663256477,21.120832374020623,99.0,P48
483,2458473.0165972,g,0.6272831108378363,2.7525434476066217,21.05323953207874,99.0,P48
484,2458480.9968287004,g,-0.06739524142558903,5.655903585714084,20.271319995209964,99.0,P48
485,2458483.0057639,g,1.1614607106723451,2.518732848403525,21.14961972386542,99.0,P48
486,2458483.0057639,g,1.1614607106723451,2.518732848403525,21.14961972386542,99.0,P48
487,2458487.0250231503,g,1.2360939540733715,1.8225218831364693,21.500893110102812,99.0,P48
488,2458487.0250231503,g,1.2360939540733715,1.8225218831364693,21.500893110102812,99.0,P48
489,2458491.95274305,g,1.1041726630015567,2.9910040303758776,20.963032493551882,99.0,P48
490,2458491.95274305,g,1.1041726630015567,2.9910040303758776,20.963032493551882,99.0,P48
491,2458493.011412,g,2.8231964479910494,2.180549765154002,21.30615998235963,99.0,P48
492,2458494.04425925,g,1.9837997841724642,1.6172347752359209,21.630642310778974,99.0,P48
493,2458494.04425925,g,1.9837997841724642,1.6172347752359209,21.630642310778974,99.0,P48
494,2458495.0201678,g,-1.3563067868946008,1.4214071583025543,21.770778743539225,99.0,P48
495,2458495.0201678,g,-1.3563067868946008,1.4214071583025543,21.770778743539225,99.0,P48
496,2458502.9793518996,g,-10.48535799593972,7.767315649346463,19.9268976030652,99.0,P48
497,2458504.0271412004,g,14.957518050884715,16.270790374000995,19.124053364542128,99.0,P48
498,2458505.93907985,g,-2.548875055076331,9.354897797295973,19.72497737122484,99.0,P48
499,2458505.93907985,g,-2.548875055076331,9.354897797295973,19.72497737122484,99.0,P48
500,2458506.99601855,g,8.261064106079953,9.875290361644346,19.66620030420966,99.0,P48
501,2458506.99601855,g,8.261064106079953,9.875290361644346,19.66620030420966,99.0,P48
502,2458507.9959028,g,-4.032360701662592,5.725202607151928,20.25809783821917,99.0,P48
503,2458507.9959028,g,-4.032360701662592,5.725202607151928,20.25809783821917,99.0,P48
504,2458507.9959028,g,-4.032360701662592,5.725202607151928,20.25809783821917,99.0,P48
505,2458509.02702545,g,2.82292226451554,5.407524646506304,20.320078720284215,99.0,P48
506,2458509.02702545,g,2.82292226451554,5.407524646506304,20.320078720284215,99.0,P48
507,2458510.0063426,g,6.40127643062919,6.676490422829436,20.091204413260456,99.0,P48
508,2458511.9577662004,g,5.153237752833464,3.1196888040853916,20.917296803319832,99.0,P48
509,2458513.8957176004,g,1.8115112980844372,2.3039065567423145,21.24641283734511,99.0,P48
510,2458514.9481423497,g,-9.571439041266606,8.03047476210657,19.890721935282023,99.0,P48
511,2458514.9481423497,g,-9.571439041266606,8.03047476210657,19.890721935282023,99.0,P48
512,2458522.9183564996,g,-1.407917999976904,2.8150958357587035,21.028842028285055,99.0,P48
513,2458526.9240972,g,-6.343696172111127,5.655974481255685,20.271306385824182,99.0,P48
514,2458534.7759606005,g,4.220820031138724,19.348934192413207,18.935932370307754,99.0,P48
515,2458538.7800694,g,5.73049003671418,9.230190178384202,19.73954836590938,99.0,P48
516,2458539.76717015,g,-2.7065653542794474,2.8710910955690823,21.007457558532288,99.0,P48
517,2458539.76717015,g,-2.7065653542794474,2.8710910955690823,21.007457558532288,99.0,P48
518,2458540.9132581,g,-0.9573010361649392,2.0484219479558163,21.37402643799757,99.0,P48
519,2458540.9132581,g,-0.9573010361649392,2.0484219479558163,21.37402643799757,99.0,P48
520,2458541.7688542004,g,-7.529385474083538,4.963235623235769,20.41316275601146,99.0,P48
521,2458560.70243055,g,6.519339190003357,6.707320907348029,20.086202275732507,99.0,P48
522,2458560.70243055,g,6.519339190003357,6.707320907348029,20.086202275732507,99.0,P48
523,2458561.7912847,g,6.235906311254284,13.887273264992825,19.29603253576223,99.0,P48
524,2458567.8756655,g,-0.43283859922073437,2.1604109723831724,21.316234053341837,99.0,P48
525,2458567.8756655,g,-0.43283859922073437,2.1604109723831724,21.316234053341837,99.0,P48
526,2458572.7590625,g,-3.550244216289055,4.274095515064621,20.57546443090125,99.0,P48
527,2458575.7763079,g,1.456987256354361,1.8527026342323847,21.483060691639157,99.0,P48
528,2458580.7072337996,g,0.00015575841165039583,2.0906377582976945,21.351878014720874,99.0,P48
529,2458580.7072337996,g,0.00015575841165039583,2.0906377582976945,21.351878014720874,99.0,P48
530,2458582.6417361,g,2.977865062334113,5.128123096463513,20.377678885347358,99.0,P48
531,2458585.69927085,g,-0.11284618830053299,2.878191122916203,21.00477591572144,99.0,P48
532,2458585.69927085,g,-0.11284618830053299,2.878191122916203,21.00477591572144,99.0,P48
533,2458586.751705267,g,-4.021110303550417,3.098271702977862,20.924776237776065,99.0,P48
534,2458586.751705267,g,-4.021110303550417,3.098271702977862,20.924776237776065,99.0,P48
535,2458586.751705267,g,-4.021110303550417,3.098271702977862,20.924776237776065,99.0,P48
536,2458587.748588,g,-6.61636363450326,7.323065249277783,19.990842729751513,99.0,P48
537,2458592.6870602,g,1.98999332318143,6.309498114908868,20.152587951823936,99.0,P48
538,2458592.6870602,g,1.98999332318143,6.309498114908868,20.152587951823936,99.0,P48
539,2458597.7563889,g,3.3296858552821904,2.6109989114452645,21.110558262258103,99.0,P48
540,2458600.7082176004,g,-1.3151694637157805,2.7345499827503192,21.060360324359202,99.0,P48
541,2458601.74711805,g,0.7485534727770732,1.6205106544639691,21.628445262264066,99.0,P48
542,2458601.74711805,g,0.7485534727770732,1.6205106544639691,21.628445262264066,99.0,P48
543,2458605.7361689997,g,-0.06467998271174723,2.753334223860298,21.052927656492095,99.0,P48
544,2458608.7056481005,g,-3.9931098165594507,2.201565793878936,21.29574581691775,99.0,P48
545,2458622.6592014,g,2.3137688932027745,11.107003542052624,19.538582713246818,99.0,P48
546,2458633.7228125,g,0.9633555979909189,1.9031910836799366,21.453869003174876,99.0,P48
547,2458633.7228125,g,0.9633555979909189,1.9031910836799366,21.453869003174876,99.0,P48
548,2458634.718125,g,-5.87605620920538,3.1030992692634176,20.923085816551673,99.0,P48
549,2458635.6989236,g,2.0180627677806013,2.283386613578415,21.25612636250564,99.0,P48
550,2458636.7602083,g,0.4347864004802126,3.405002847034843,20.822281290717825,99.0,P48
551,2458639.723206,g,-3.681748232979338,2.8079538998545446,21.031600055660775,99.0,P48
552,2458642.702581,g,7.962138389690905,3.8961595828112694,20.675983147060492,99.0,P48
553,2458645.6985995,g,8.389854011689257,5.734002064046876,20.256430376805394,99.0,P48
554,2458648.6852082997,g,4.863493313744656,7.388957137471131,19.981117120981253,99.0,P48
555,2458651.6743056,g,-15.161422291159276,9.329184409542146,19.727965794562696,99.0,P48
556,2458654.7649653,g,-3.059103948301755,11.686412418043941,19.48337196749486,99.0,P48
557,2458658.6951042004,g,-1.1719885905167766,3.440270947465283,20.8110933693916,99.0,P48
558,2458662.7033332996,g,-5.311806855209017,4.74540388329859,20.46189203585898,99.0,P48
559,2458669.7032176005,g,3.148360587136865,7.346853753127105,19.987321502058215,99.0,P48
560,2458672.6751505,g,3.536764068123371,8.954396433944991,19.772484194669175,99.0,P48
561,2458676.6772454,g,3.3946310110525624,9.230196024821897,19.73954767820014,99.0,P48
562,2458766.0059954,g,4.724383475892151,5.106163984593947,20.382338093981993,99.0,P48
563,2458777.0390162,g,-15.376048351448073,11.912597590278182,19.462558810448886,99.0,P48
564,2458780.009294,g,12.673655292255244,5.538405085805931,20.29411319564134,99.0,P48
565,2458790.0082176,g,3.5515958142510673,3.0358204537039013,20.94688478245794,99.0,P48
566,2458793.0355207995,g,2.200017812166746,3.2053075563908635,20.887900720720175,99.0,P48
567,2458803.0540162004,g,6.476173958635549,6.5125239784273585,20.11820165081729,99.0,P48
568,2458806.0050347,g,-10.750593550718595,7.493772658139946,19.965823705220195,99.0,P48
569,2458815.0160764,g,16.951024382757073,5.16842194153248,20.827075750840688,0.3309724469065386,P48
570,2458824.0111111,g,8.308959884567212,13.913875053256044,19.293954741484608,99.0,P48
571,2458829.0496991,g,3.104674686555874,7.3152261278204165,19.992005600277057,99.0,P48
572,2458838.01514814,g,-0.2289268017715346,2.421848320734102,21.192207639180943,99.0,P48
573,2458838.01514814,g,-0.2289268017715346,2.421848320734102,21.192207639180943,99.0,P48
574,2458838.01514814,g,-0.2289268017715346,2.421848320734102,21.192207639180943,99.0,P48
575,2458838.01514814,g,-0.2289268017715346,2.421848320734102,21.192207639180943,99.0,P48
576,2458838.01514814,g,-0.2289268017715346,2.421848320734102,21.192207639180943,99.0,P48
577,2458847.019537,g,-1.5041973941962141,2.1752035046253986,21.30882525340295,99.0,P48
578,2458853.0164197334,g,-0.7560662555872474,1.226650762237458,21.9307726565524,99.0,P48
579,2458853.0164197334,g,-0.7560662555872474,1.226650762237458,21.9307726565524,99.0,P48
580,2458853.0164197334,g,-0.7560662555872474,1.226650762237458,21.9307726565524,99.0,P48
581,2458853.9968924,g,-0.2547432816915684,1.4644947352330167,21.73835545226265,99.0,P48
582,2458853.9968924,g,-0.2547432816915684,1.4644947352330167,21.73835545226265,99.0,P48
583,2458855.01684492,g,-0.33086485931249576,2.269806756555659,21.262602778042744,99.0,P48
584,2458855.01684492,g,-0.33086485931249576,2.269806756555659,21.262602778042744,99.0,P48
585,2458855.01684492,g,-0.33086485931249576,2.269806756555659,21.262602778042744,99.0,P48
586,2458855.01684492,g,-0.33086485931249576,2.269806756555659,21.262602778042744,99.0,P48
587,2458855.01684492,g,-0.33086485931249576,2.269806756555659,21.262602778042744,99.0,P48
588,2458856.0183681,g,-2.2204728956767172,2.6924727009348732,21.07719671749252,99.0,P48
589,2458866.8943634,g,-0.2842473774921653,3.0909439700235892,20.927347157616317,99.0,P48
590,2458871.9387963,g,1.9531265683900758,2.55575642869859,21.133776334450943,99.0,P48
591,2458874.8807002497,g,-1.5458188124522336,3.5907371042989538,20.76461596557605,99.0,P48
592,2458874.8807002497,g,-1.5458188124522336,3.5907371042989538,20.76461596557605,99.0,P48
593,2458875.9391087997,g,-1.9752469710494076,2.5373106781111527,21.14164087123514,99.0,P48
594,2458876.8840741003,g,-0.4205880621875,2.3420271810948337,21.22859516141068,99.0,P48
595,2458877.88598955,g,-2.137499740575297,2.011087640797826,21.39399749654984,99.0,P48
596,2458877.88598955,g,-2.137499740575297,2.011087640797826,21.39399749654984,99.0,P48
597,2458878.8838542,g,1.7826716082211116,3.274114060462767,20.86484047696898,99.0,P48
598,2458879.9704051004,g,0.919512190065123,5.109977487017904,20.38152752223092,99.0,P48
599,2458880.9239582997,g,-1.060419389527515,2.6039130296476034,21.11350880226029,99.0,P48
600,2458883.9493923504,g,1.5978572667808437,2.4466882990678718,21.181128376586905,99.0,P48
601,2458883.9493923504,g,1.5978572667808437,2.4466882990678718,21.181128376586905,99.0,P48
602,2458886.9254861,g,5.779898556939605,4.344310202856165,20.557772918599547,99.0,P48
603,2458886.9254861,g,5.779898556939605,4.344310202856165,20.557772918599547,99.0,P48
604,2458887.7544097,g,-1.1339608571933235,9.681408998688802,19.687728570107716,99.0,P48
605,2458890.7943055998,g,-4.232283942447902,10.916752695211382,19.55734130905372,99.0,P48
606,2458891.7371412003,g,0.1602703756494663,5.42170403243055,20.31723547411894,99.0,P48
607,2458891.7371412003,g,0.1602703756494663,5.42170403243055,20.31723547411894,99.0,P48
608,2458892.8500347,g,-3.932808567702078,2.6323741044139424,21.101705964554853,99.0,P48
609,2458892.8500347,g,-3.932808567702078,2.6323741044139424,21.101705964554853,99.0,P48
610,2458892.8500347,g,-3.932808567702078,2.6323741044139424,21.101705964554853,99.0,P48
611,2458892.8500347,g,-3.932808567702078,2.6323741044139424,21.101705964554853,99.0,P48
612,2458892.8500347,g,-3.932808567702078,2.6323741044139424,21.101705964554853,99.0,P48
613,2458893.7478587995,g,-4.1178709010053165,2.8237632452392445,21.02550428653605,99.0,P48
614,2458894.8265162,g,-1.4800383689783314,1.7449786544876107,21.548099692146806,99.0,P48
615,2458894.8265162,g,-1.4800383689783314,1.7449786544876107,21.548099692146806,99.0,P48
616,2458895.7336343,g,-0.5815489239727538,3.193381735263804,20.891947896687583,99.0,P48
617,2458898.7824942498,g,-0.05763906389454748,1.5824745808086345,21.654233132409942,99.0,P48
618,2458898.7824942498,g,-0.05763906389454748,1.5824745808086345,21.654233132409942,99.0,P48
619,2458899.88314815,g,-1.3682606996965974,1.6882297194854916,21.583996135928466,99.0,P48
620,2458899.88314815,g,-1.3682606996965974,1.6882297194854916,21.583996135928466,99.0,P48
621,2458900.8286747504,g,-0.7916667421593222,1.751510777683611,21.544042954074893,99.0,P48
622,2458900.8286747504,g,-0.7916667421593222,1.751510777683611,21.544042954074893,99.0,P48
623,2458903.81005092,g,2.125483645942603,1.061030323973724,22.088255498901738,99.0,P48
624,2458903.81005092,g,2.125483645942603,1.061030323973724,22.088255498901738,99.0,P48
625,2458903.81005092,g,2.125483645942603,1.061030323973724,22.088255498901738,99.0,P48
626,2458903.81005092,g,2.125483645942603,1.061030323973724,22.088255498901738,99.0,P48
627,2458903.81005092,g,2.125483645942603,1.061030323973724,22.088255498901738,99.0,P48
628,2458904.7837181753,g,-0.7845536564803318,1.2732725011158623,21.890271589872498,99.0,P48
629,2458904.7837181753,g,-0.7845536564803318,1.2732725011158623,21.890271589872498,99.0,P48
630,2458904.7837181753,g,-0.7845536564803318,1.2732725011158623,21.890271589872498,99.0,P48
631,2458904.7837181753,g,-0.7845536564803318,1.2732725011158623,21.890271589872498,99.0,P48
632,2458905.7616551,g,2.47732736867904,3.378931112189228,20.830626644896626,99.0,P48
633,2458906.80104745,g,2.1677299450103664,2.101089342224817,21.346463689641638,99.0,P48
634,2458906.80104745,g,2.1677299450103664,2.101089342224817,21.346463689641638,99.0,P48
635,2458909.78153935,g,-3.4412050518453148,2.9464238122797215,20.97933694985175,99.0,P48
636,2458909.78153935,g,-3.4412050518453148,2.9464238122797215,20.97933694985175,99.0,P48
637,2458911.88369215,g,1.8768009513290365,2.6650733627754852,21.088302067751563,99.0,P48
638,2458911.88369215,g,1.8768009513290365,2.6650733627754852,21.088302067751563,99.0,P48
639,2458912.7877951497,g,0.5263063499606309,2.699875931503106,21.07421547089359,99.0,P48
640,2458912.7877951497,g,0.5263063499606309,2.699875931503106,21.07421547089359,99.0,P48
641,2458913.7808854003,g,-0.24213677806124717,3.5603351484815393,20.77384778475783,99.0,P48
642,2458913.7808854003,g,-0.24213677806124717,3.5603351484815393,20.77384778475783,99.0,P48
643,2458914.74037615,g,6.927633285426572,10.78592392082155,19.570431607559755,99.0,P48
644,2458914.74037615,g,6.927633285426572,10.78592392082155,19.570431607559755,99.0,P48
645,2458915.74788195,g,1.5405939830491409,5.617521565254093,20.27871311836222,99.0,P48
646,2458915.74788195,g,1.5405939830491409,5.617521565254093,20.27871311836222,99.0,P48
647,2458936.77277775,g,-0.705652069907602,1.6530047174711744,21.60688975666997,99.0,P48
648,2458936.77277775,g,-0.705652069907602,1.6530047174711744,21.60688975666997,99.0,P48
649,2458939.81895255,g,-2.9327833404986148,3.422918606974074,20.81658355855328,99.0,P48
650,2458939.81895255,g,-2.9327833404986148,3.422918606974074,20.81658355855328,99.0,P48
651,2458940.8391203997,g,-6.23746044017494,17.07765274099524,19.071504543372132,99.0,P48
652,2458941.7524769,g,-5.954147158742195,5.29598828493798,20.342707449795544,99.0,P48
653,2458954.77951965,g,2.3220942991689375,1.8604290956581393,21.47854218186215,99.0,P48
654,2458954.77951965,g,2.3220942991689375,1.8604290956581393,21.47854218186215,99.0,P48
655,2458956.7325810003,g,0.3002805731868038,2.2036720438217703,21.294707583760896,99.0,P48
656,2458962.7440914502,g,-2.910685826246723,1.5451151070598754,21.680172892219293,99.0,P48
657,2458962.7440914502,g,-2.910685826246723,1.5451151070598754,21.680172892219293,99.0,P48
658,2458963.73336225,g,-2.516196971288062,1.5168483333781786,21.70021959235107,99.0,P48
659,2458963.73336225,g,-2.516196971288062,1.5168483333781786,21.70021959235107,99.0,P48
660,2458964.704498433,g,1.6775687146824272,1.5904564300948003,21.64877054844459,99.0,P48
661,2458964.704498433,g,1.6775687146824272,1.5904564300948003,21.64877054844459,99.0,P48
662,2458964.704498433,g,1.6775687146824272,1.5904564300948003,21.64877054844459,99.0,P48
663,2458965.7413541498,g,-1.6701867985770644,1.466589619011035,21.736803472670832,99.0,P48
664,2458965.7413541498,g,-1.6701867985770644,1.466589619011035,21.736803472670832,99.0,P48
665,2458966.7546412004,g,-3.504020679199272,8.025474574353607,19.891398181193832,99.0,P48
666,2458967.7404004596,g,0.7799022403879167,1.4043463853452303,21.783889387249985,99.0,P48
667,2458967.7404004596,g,0.7799022403879167,1.4043463853452303,21.783889387249985,99.0,P48
668,2458967.7404004596,g,0.7799022403879167,1.4043463853452303,21.783889387249985,99.0,P48
669,2458967.7404004596,g,0.7799022403879167,1.4043463853452303,21.783889387249985,99.0,P48
670,2458967.7404004596,g,0.7799022403879167,1.4043463853452303,21.783889387249985,99.0,P48
671,2458968.75454862,g,-2.6560499647540285,1.1949390217711828,21.959210630100163,99.0,P48
672,2458968.75454862,g,-2.6560499647540285,1.1949390217711828,21.959210630100163,99.0,P48
673,2458968.75454862,g,-2.6560499647540285,1.1949390217711828,21.959210630100163,99.0,P48
674,2458968.75454862,g,-2.6560499647540285,1.1949390217711828,21.959210630100163,99.0,P48
675,2458968.75454862,g,-2.6560499647540285,1.1949390217711828,21.959210630100163,99.0,P48
676,2458971.760189067,g,1.643683907469971,4.173153118447155,20.601414189568132,99.0,P48
677,2458971.760189067,g,1.643683907469971,4.173153118447155,20.601414189568132,99.0,P48
678,2458971.760189067,g,1.643683907469971,4.173153118447155,20.601414189568132,99.0,P48
679,2458973.74605325,g,-3.1473343499907607,5.679400811977998,20.266818691158008,99.0,P48
680,2458973.74605325,g,-3.1473343499907607,5.679400811977998,20.266818691158008,99.0,P48
681,2458974.6912037004,g,-0.17374444977852474,6.147911704013519,20.18075593526532,99.0,P48
682,2458977.6552431,g,-1.047901067610844,5.9696842824503795,20.212696580940946,99.0,P48
683,2458980.6937963,g,13.896372047252823,2.052534122406139,21.042812039904774,0.16033147229332584,P48
684,2458981.6652082996,g,22.05100072452357,2.7183513908589827,20.541494863478192,0.13381571528841257,P48
685,2458985.6722917003,g,43.47430891165141,2.4336296568725255,19.804483904838705,0.06076473804111769,P48
686,2458986.7065046,g,47.50241893083576,2.435425623372004,19.70827630866396,0.05565305038506589,P48
687,2458986.7065046,g,47.50241893083576,2.435425623372004,19.70827630866396,0.05565305038506589,P48
688,2458991.67625,g,29.00039060615118,2.3845587361737084,20.244056003659527,0.08925529808441736,P48
689,2458995.6795023,g,17.165525710902955,1.9902866203639529,20.81342285064244,0.12586017828937351,P48
690,2458995.6795023,g,17.165525710902955,1.9902866203639529,20.81342285064244,0.12586017828937351,P48
691,2458998.6846991,g,12.169934246705177,4.014636363198322,21.18684504284722,0.3580863859993007,P48
692,2459001.6703356,g,16.947259425477366,6.553028646295625,20.111469823008,99.0,P48
693,2459011.7068287004,g,1.9009851257294137,3.4858443254309663,20.796805019112533,99.0,P48
694,2459014.7050231,g,6.44626146104133,3.3548707568358838,20.838385504033162,99.0,P48
695,2459021.7157176,g,-1.6674569233899887,2.9791687447656274,20.967337231588075,99.0,P48
696,2459024.7072917004,g,-9.336688484823442,7.665619849723587,19.94120679391375,99.0,P48
697,2459027.6977199,g,0.7770744193857678,6.955615380593116,20.046736091307764,99.0,P48
698,2459033.6998147997,g,-6.32973062645266,11.354844509453127,19.514622010482775,99.0,P48
699,2459141.0084722,g,-2.1566623095531225,5.0612793358388455,20.3919242216311,99.0,P48
700,2459142.9967477,g,-6.5575412511092575,3.2752624004889666,20.864459740157763,99.0,P48
701,2459145.0085532,g,-0.10837342818065143,2.6839948833216165,21.080620780226905,99.0,P48
702,2459151.0164931,g,1.7540148196543703,3.0808086919887705,20.93091316189502,99.0,P48
703,2458214.8629167005,i,31.054638262506074,33.67094297583722,18.334436791041824,99.0,P48
704,2458232.7970139,i,55.48146922593704,22.683701974382608,18.763290157275392,99.0,P48
705,2458243.8513773,i,-12.467569547764311,8.680736293091984,19.806183581038624,99.0,P48
706,2458249.8084143996,i,5.299039807337004,13.630842036011252,19.316268276884742,99.0,P48
707,2458257.68167245,i,4.05879585782836,3.690313403324746,20.73491686268183,99.0,P48
708,2458257.68167245,i,4.05879585782836,3.690313403324746,20.73491686268183,99.0,P48
709,2458261.7709606,i,15.752764352090571,9.462539381641557,19.712555739212213,99.0,P48
710,2458266.7168866,i,8.248057377769609,7.724285831383602,19.932929148797093,99.0,P48
711,2458538.8777893996,i,20.56850859113583,24.91201711450805,18.66155275520089,99.0,P48
712,2458543.8156018998,i,8.08502176041367,11.324936162475398,19.51748558261617,99.0,P48
713,2458547.9340625,i,6.787471966798889,6.098784681613297,20.18946673714703,99.0,P48
714,2458557.8545949,i,5.251784683308719,4.891082467897385,20.429062525497248,99.0,P48
715,2458561.9441898,i,-4.772007157389842,20.016851206476314,18.899085586921757,99.0,P48
716,2458567.85375,i,-12.550916311352015,7.637244423168598,19.94523326408245,99.0,P48
717,2458582.8027276336,i,-1.2053268328981601,2.5609173663102367,21.13158607611507,99.0,P48
718,2458582.8027276336,i,-1.2053268328981601,2.5609173663102367,21.13158607611507,99.0,P48
719,2458582.8027276336,i,-1.2053268328981601,2.5609173663102367,21.13158607611507,99.0,P48
720,2458585.7475116,i,-3.909428702936173,5.464704329490327,20.30865831614672,99.0,P48
721,2458587.8416898,i,8.710547179384793,14.91181012286465,19.21874907659447,99.0,P48
722,2458591.789103,i,17.97242525852259,17.19586656867641,19.064014822784735,99.0,P48
723,2458591.789103,i,17.97242525852259,17.19586656867641,19.064014822784735,99.0,P48
724,2458596.8479167004,i,1.2289645010086354,7.47007975328545,19.969261892845388,99.0,P48
725,2458607.7578704,i,1.1802416430451004,4.8090142620329095,20.4474348265165,99.0,P48
726,2458628.6661457997,i,3.8429413313170127,5.2216345985395245,20.35805879583058,99.0,P48
727,2458855.91635995,i,2.7638552027001597,2.6875187306902566,21.079196239774454,99.0,P48
728,2458855.91635995,i,2.7638552027001597,2.6875187306902566,21.079196239774454,99.0,P48
729,2458859.9151794002,i,-9.679993422728158,4.42211570249017,20.538499735425873,99.0,P48
730,2458859.9151794002,i,-9.679993422728158,4.42211570249017,20.538499735425873,99.0,P48
731,2458864.8957697,i,0.08042569982879781,2.8583896560537494,21.01227141023125,99.0,P48
732,2458864.8957697,i,0.08042569982879781,2.8583896560537494,21.01227141023125,99.0,P48
733,2458879.8961573998,i,0.9342034029119807,4.83870630378066,20.44075183310224,99.0,P48
734,2458883.8342707995,i,5.065014540236624,9.490387324894895,19.709365145754546,99.0,P48
735,2458884.8321123,i,-4.211139823307346,4.360929868555604,20.55362723288926,99.0,P48
736,2458884.8321123,i,-4.211139823307346,4.360929868555604,20.55362723288926,99.0,P48
737,2458893.8475347,i,-1.0748225881043243,3.4746411510702124,20.80030009213771,99.0,P48
738,2458904.8290856,i,0.9866173866534138,2.770922780925002,21.046013931187094,99.0,P48
739,2458940.7927082996,i,185.77785430866334,139.1290606576482,16.79403035675589,99.0,P48
740,2458941.7913773,i,2.125422504425436,6.064367592319172,20.19561119358392,99.0,P48
741,2458969.7666088,i,-4.356376777703388,5.665565221623759,20.26946688045438,99.0,P48
