,JD,Filter,Flux,eFlux,Mag,eMag,Telescope
0,2458214.8285764,r,8.611372596742173,12.98183195980726,19.369235031131666,99.0,P48
1,2458217.8031481495,r,8.19900206994309,3.311102237765642,20.852643512202796,99.0,P48
2,2458217.8031481495,r,8.19900206994309,3.311102237765642,20.852643512202796,99.0,P48
3,2458218.7559606005,r,2.110949789719847,3.0343258161224926,20.947419458920677,99.0,P48
4,2458219.8195139,r,-5.200564084920543,5.131445263694794,20.37697573737062,99.0,P48
5,2458222.7835918665,r,2.6051703298338738,2.165990820603531,21.31343345974058,99.0,P48
6,2458222.7835918665,r,2.6051703298338738,2.165990820603531,21.31343345974058,99.0,P48
7,2458222.7835918665,r,2.6051703298338738,2.165990820603531,21.31343345974058,99.0,P48
8,2458224.7364582997,r,3.440690170030492,3.5665178319985364,20.771963989753402,99.0,P48
9,2458226.7763001663,r,-1.626163131418457,1.6299622150819773,21.622131146818152,99.0,P48
10,2458226.7763001663,r,-1.626163131418457,1.6299622150819773,21.622131146818152,99.0,P48
11,2458226.7763001663,r,-1.626163131418457,1.6299622150819773,21.622131146818152,99.0,P48
12,2458242.7725347,r,0.33691349325159947,3.3078802268148824,20.853700549061983,99.0,P48
13,2458248.7526273,r,3.264786255573725,3.281310526798847,20.862456659694544,99.0,P48
14,2458255.7324306,r,3.4202011868668425,2.7836614430139948,21.041033954173365,99.0,P48
15,2458258.7315856004,r,0.08456283314871853,3.16387218037901,20.9020276646728,99.0,P48
16,2458271.6897859,r,-0.9014620799989556,2.187359607903474,21.302774518889173,99.0,P48
17,2458271.6897859,r,-0.9014620799989556,2.187359607903474,21.302774518889173,99.0,P48
18,2458272.6680787,r,0.9579195982832728,3.0621585366970043,20.937505810133565,99.0,P48
19,2458274.6933391,r,1.2800307517419112,1.7883461549950674,21.521446025921364,99.0,P48
20,2458274.6933391,r,1.2800307517419112,1.7883461549950674,21.521446025921364,99.0,P48
21,2458276.6962384,r,1.436556384800342,2.4998876620105417,21.157773756344966,99.0,P48
22,2458277.7596528,r,3.0697759288386313,2.0469931315950416,21.374784025536634,99.0,P48
23,2458277.7596528,r,3.0697759288386313,2.0469931315950416,21.374784025536634,99.0,P48
24,2458278.7347685,r,-0.9030390313400153,2.876319906757404,21.005482021658736,99.0,P48
25,2458279.7388657,r,-1.5810798057028297,2.869944245876243,21.00789133961024,99.0,P48
26,2458280.70652775,r,0.38671384724710817,1.9837317217985164,21.408867643733302,99.0,P48
27,2458280.70652775,r,0.38671384724710817,1.9837317217985164,21.408867643733302,99.0,P48
28,2458282.7168171,r,-0.9191951942557074,2.6645955091525955,21.088496760139705,99.0,P48
29,2458283.71266205,r,1.8619916172325925,1.8854759751251524,21.46402248174904,99.0,P48
30,2458283.71266205,r,1.8619916172325925,1.8854759751251524,21.46402248174904,99.0,P48
31,2458284.7063194,r,-1.43057913327102,2.8103602433806363,21.030670006403824,99.0,P48
32,2458286.781412,r,0.02499516188198913,2.835033646994594,21.02117944518167,99.0,P48
33,2458289.7175347,r,-1.2326992570593425,4.259211412228048,20.579251995523293,99.0,P48
34,2458298.7552430998,r,8.464886177149884,5.026818498557561,20.39934197765031,99.0,P48
35,2458301.6760764,r,0.9211001803243501,4.154896224417871,20.60617453662468,99.0,P48
36,2458304.6791782,r,-0.30491913087258704,3.117457762927258,20.918073543849168,99.0,P48
37,2458307.6748032,r,-0.9594530247221975,3.6501544000397432,20.746796900849557,99.0,P48
38,2458312.6940625,r,-5.601766265486495,4.316500572335849,20.564745482081463,99.0,P48
39,2458336.6982523,r,-1.6208684492555343,4.104302034679433,20.619476706873236,99.0,P48
40,2458449.03391205,r,-4.706447873972357,4.655770192199897,20.482596150434777,99.0,P48
41,2458449.03391205,r,-4.706447873972357,4.655770192199897,20.482596150434777,99.0,P48
42,2458466.0154051003,r,-1.0058166542013205,3.2439194278238683,20.874899842394502,99.0,P48
43,2458469.0309375,r,-1.7807446680596921,3.1565604363723363,20.904539716999192,99.0,P48
44,2458474.9871991,r,3.932726454898476,7.191789408922921,20.010482584575108,99.0,P48
45,2458476.9791898,r,-3.006743255768068,5.258808851884242,20.350356525941006,99.0,P48
46,2458482.010162,r,-8.781237102222141,4.853544742153726,20.43742739540985,99.0,P48
47,2458487.0173380002,r,5.257079822788387,2.9729453422091847,20.969607677293887,99.0,P48
48,2458492.0502546,r,-5.082250472166632,3.4542282085446967,20.80669742299095,99.0,P48
49,2458493.9950694,r,1.4470239409661985,2.2301301768554995,21.28174945324364,99.0,P48
50,2458495.0521875,r,2.551112383273337,2.4115353506248263,21.19684090762388,99.0,P48
51,2458503.9777546003,r,-19.506854281070446,13.358806064030139,19.338155876553273,99.0,P48
52,2458506.0393981,r,-1.6523144079035015,8.370902362616816,19.84564429818458,99.0,P48
53,2458508.9963078997,r,9.37519108087619,6.128522538428752,20.184185520133965,99.0,P48
54,2458512.0388889,r,-5.739721738809574,5.234283244587915,20.355431938990087,99.0,P48
55,2458523.0251157,r,-1.1601881556689293,2.640727809595525,21.098265891559826,99.0,P48
56,2458524.958125,r,-4.053175814093636,2.551916284009052,21.135408931189634,99.0,P48
57,2458534.9187963,r,12.489048142958843,12.58453192308824,19.402982322246054,99.0,P48
58,2458538.9622569,r,12.832917904683603,12.57768471181647,19.40357322927708,99.0,P48
59,2458543.8726505,r,6.87671279040297,4.653396688268586,20.48314979808967,99.0,P48
60,2458556.9213194,r,-5.6001938529464255,3.457907314310881,20.805541618480028,99.0,P48
61,2458567.8622801,r,3.065435519230395,4.112939967901112,20.617194062578573,99.0,P48
62,2458572.8580671,r,2.4531416037105696,4.129733480166651,20.612769927711362,99.0,P48
63,2458575.8754514,r,7.634532982155372,10.654738620426404,19.58371798873615,99.0,P48
64,2458580.8160417005,r,-1.429109965688781,3.01695712531542,20.953652143264442,99.0,P48
65,2458583.8001273,r,3.192102411045977,4.1079397269564675,20.618514832008884,99.0,P48
66,2458586.8333796,r,2.6518786720052576,3.143931375229775,20.908892344599906,99.0,P48
67,2458589.7607407,r,6.5216022962352405,7.515191120479627,19.962724914905117,99.0,P48
68,2458592.7932176003,r,-3.7373287547107106,8.777993310580555,19.794086875291036,99.0,P48
69,2458596.76,r,-3.4397149436373677,3.3736445364169745,20.832326685943634,99.0,P48
70,2458600.7775,r,48.49702163027942,2.6122577619818914,19.685777952542175,0.05846968958730683,P48
71,2458606.7121991003,r,44.83903188558656,2.6998369467035537,19.77092505422815,0.06535986354756174,P48
72,2458612.7465741,r,25.457934640914857,2.3892501846514693,20.38550770435321,0.10187515648936274,P48
73,2458616.6698264,r,22.071027850674827,4.175189326976946,20.540509225322594,0.205344673800269,P48
74,2458628.7887383997,r,21.767758034969848,2.9999185558983488,20.5555313690618,0.14959793228113985,P48
75,2458633.7080208,r,20.06128941981083,2.786808499351707,20.644168513692872,0.15079193379558964,P48
76,2458636.7240741,r,10.844682120954026,2.7677111398951433,21.31202355601225,0.2770344403688137,P48
77,2458639.6698611,r,8.542264163545518,3.289589047896681,20.859720871472163,99.0,P48
78,2458642.7351619997,r,12.18930889003364,2.490488956860361,21.18511791560983,0.22178663179848754,P48
79,2458648.7125116,r,9.449921862119853,7.43250153563492,19.974737470142692,99.0,P48
80,2458651.7550926004,r,19.459675461545253,6.880025959484178,20.058599796899863,99.0,P48
81,2458654.6943519,r,8.472656914023949,2.6303359804125344,21.580016570434424,0.33699342906377183,P48
82,2458657.7702893997,r,6.431330332827254,3.3738177055585483,20.83227095654498,99.0,P48
83,2458660.7151968,r,7.429353735484291,2.3914618872017144,21.722688029778535,0.3494155711227878,P48
84,2458663.6952662,r,9.222161267962727,3.377611843632341,20.831050642098617,99.0,P48
85,2458670.6768287,r,8.31244927373107,3.503805669545166,20.79122496159036,99.0,P48
86,2458673.6933565,r,6.558572765513697,3.73607287321585,20.721536642449728,99.0,P48
87,2458676.7076852,r,5.172220041147457,5.099227382759615,20.383814043436203,99.0,P48
88,2458679.7169097,r,-2.0001908219396545,4.9355570257779835,20.419234553803868,99.0,P48
89,2458716.6457292004,r,0.7085609443466231,5.529528431318529,20.295854750594774,99.0,P48
90,2458796.04403065,r,6.5252207028148055,4.199042768885853,20.594699243862717,99.0,P48
91,2458796.04403065,r,6.5252207028148055,4.199042768885853,20.594699243862717,99.0,P48
92,2458796.04403065,r,6.5252207028148055,4.199042768885853,20.594699243862717,99.0,P48
93,2458796.04403065,r,6.5252207028148055,4.199042768885853,20.594699243862717,99.0,P48
94,2458798.0489776335,r,-2.5878886131636945,3.70796805409351,20.729735029571764,99.0,P48
95,2458798.0489776335,r,-2.5878886131636945,3.70796805409351,20.729735029571764,99.0,P48
96,2458798.0489776335,r,-2.5878886131636945,3.70796805409351,20.729735029571764,99.0,P48
97,2458800.0463426,r,-0.48402190431347003,5.452670642429011,20.311051824667608,99.0,P48
98,2458800.0463426,r,-0.48402190431347003,5.452670642429011,20.311051824667608,99.0,P48
99,2458800.0463426,r,-0.48402190431347003,5.452670642429011,20.311051824667608,99.0,P48
100,2458801.0334143997,r,3.8691577986153005,8.936284387943587,19.77468253591733,99.0,P48
101,2458829.0706829,r,4.787819698407926,5.089249641675871,20.38594060232691,99.0,P48
102,2458835.9876736,r,20.70935586817802,9.681269279354582,19.687744239256112,99.0,P48
103,2458839.0497106,r,1.8325342528943722,21.28415406764208,18.832434004281318,99.0,P48
104,2458847.070706,r,0.729702039584729,3.300989707314571,20.855964563720008,99.0,P48
105,2458850.988287,r,4.9498980625675,4.475233911388312,20.525535639320466,99.0,P48
106,2458854.0577662,r,0.6937374447345648,2.2330359323526583,21.280335710481666,99.0,P48
107,2458856.0437384,r,-0.7694419150462382,3.038903750057817,20.945782626489496,99.0,P48
108,2458857.0776852,r,2.787908647554441,4.001448284983941,20.647031968130015,99.0,P48
109,2458859.9575810335,r,-0.5289463673823246,3.2998933201960168,20.85632523885848,99.0,P48
110,2458859.9575810335,r,-0.5289463673823246,3.2998933201960168,20.85632523885848,99.0,P48
111,2458859.9575810335,r,-0.5289463673823246,3.2998933201960168,20.85632523885848,99.0,P48
112,2458860.8904861,r,7.5076276946429035,7.203127948251587,20.008772166251926,99.0,P48
113,2458860.8904861,r,7.5076276946429035,7.203127948251587,20.008772166251926,99.0,P48
114,2458862.0415856005,r,-6.2750142454487845,6.1252868904691615,20.184758902678816,99.0,P48
115,2458862.8879572,r,-9.969521495105342,6.759554803810887,20.077779755450546,99.0,P48
116,2458862.8879572,r,-9.969521495105342,6.759554803810887,20.077779755450546,99.0,P48
117,2458864.9934259495,r,0.1889657996636174,3.02639440585721,20.95026117537692,99.0,P48
118,2458864.9934259495,r,0.1889657996636174,3.02639440585721,20.95026117537692,99.0,P48
119,2458867.9847453497,r,-2.9101278419306764,2.1778072548527523,21.307526388601858,99.0,P48
120,2458867.9847453497,r,-2.9101278419306764,2.1778072548527523,21.307526388601858,99.0,P48
121,2458872.0406886498,r,1.1373162896425282,2.421699374201018,21.19227441529373,99.0,P48
122,2458872.0406886498,r,1.1373162896425282,2.421699374201018,21.19227441529373,99.0,P48
123,2458874.02140045,r,0.3948527123450168,1.8500485311341752,21.48461718635874,99.0,P48
124,2458874.02140045,r,0.3948527123450168,1.8500485311341752,21.48461718635874,99.0,P48
125,2458876.0177392005,r,-0.12168853986343592,1.727870220339792,21.55879718996441,99.0,P48
126,2458876.0177392005,r,-0.12168853986343592,1.727870220339792,21.55879718996441,99.0,P48
127,2458876.0177392005,r,-0.12168853986343592,1.727870220339792,21.55879718996441,99.0,P48
128,2458877.05445025,r,-0.12192865244836919,1.819074631356006,21.50294869598008,99.0,P48
129,2458877.05445025,r,-0.12192865244836919,1.819074631356006,21.50294869598008,99.0,P48
130,2458878.0046875,r,2.6060458754956937,2.466751825701129,21.17226134339483,99.0,P48
131,2458879.0513541666,r,3.139002254239923,2.3270403845615224,21.235565188399043,99.0,P48
132,2458879.0513541666,r,3.139002254239923,2.3270403845615224,21.235565188399043,99.0,P48
133,2458879.0513541666,r,3.139002254239923,2.3270403845615224,21.235565188399043,99.0,P48
134,2458880.0256481003,r,5.498717819699664,5.642789180032901,20.273840426863686,99.0,P48
135,2458881.0130208,r,-0.19122883825438197,1.8626964050668837,21.477219798173337,99.0,P48
136,2458881.0130208,r,-0.19122883825438197,1.8626964050668837,21.477219798173337,99.0,P48
137,2458882.0413947003,r,2.7727454730486123,1.9770318447022828,21.412540827424714,99.0,P48
138,2458882.0413947003,r,2.7727454730486123,1.9770318447022828,21.412540827424714,99.0,P48
139,2458884.0394329,r,2.791226087973864,3.8690302349272025,20.683569680228555,99.0,P48
140,2458885.0279167,r,0.04038762083453562,2.6165280376767175,21.10826150708985,99.0,P48
141,2458885.0279167,r,0.04038762083453562,2.6165280376767175,21.10826150708985,99.0,P48
142,2458886.01733795,r,-1.7902666665321654,2.36966808305195,21.21585619142791,99.0,P48
143,2458886.01733795,r,-1.7902666665321654,2.36966808305195,21.21585619142791,99.0,P48
144,2458887.0222627,r,-5.06478530218778,2.893431953065365,20.9990418061554,99.0,P48
145,2458887.0222627,r,-5.06478530218778,2.893431953065365,20.9990418061554,99.0,P48
146,2458888.0119367335,r,1.4191750499130404,2.7333080306325024,21.0608535457994,99.0,P48
147,2458888.0119367335,r,1.4191750499130404,2.7333080306325024,21.0608535457994,99.0,P48
148,2458888.0119367335,r,1.4191750499130404,2.7333080306325024,21.0608535457994,99.0,P48
149,2458888.9821817,r,3.810349494922585,5.681821685066619,20.266355989261292,99.0,P48
150,2458888.9821817,r,3.810349494922585,5.681821685066619,20.266355989261292,99.0,P48
151,2458890.9775231,r,-8.668544494087097,11.00962360122009,19.548143810419813,99.0,P48
152,2458891.9977546004,r,-2.722491990934475,4.728994368401254,20.465652997086984,99.0,P48
153,2458894.0035417005,r,1.032697632715819,3.77366183268356,20.71066754077721,99.0,P48
154,2458894.9975617337,r,5.584708356953332,1.8809610315706646,21.466625493571,99.0,P48
155,2458894.9975617337,r,5.584708356953332,1.8809610315706646,21.466625493571,99.0,P48
156,2458894.9975617337,r,5.584708356953332,1.8809610315706646,21.466625493571,99.0,P48
157,2458895.9496643497,r,0.04265399084219401,1.9915575423968659,21.40459284149015,99.0,P48
158,2458895.9496643497,r,0.04265399084219401,1.9915575423968659,21.40459284149015,99.0,P48
159,2458898.9846759248,r,-0.5984935872234188,1.1450607707494427,22.005503648669354,99.0,P48
160,2458898.9846759248,r,-0.5984935872234188,1.1450607707494427,22.005503648669354,99.0,P48
161,2458898.9846759248,r,-0.5984935872234188,1.1450607707494427,22.005503648669354,99.0,P48
162,2458898.9846759248,r,-0.5984935872234188,1.1450607707494427,22.005503648669354,99.0,P48
163,2458899.9724074,r,1.8062129259166821,1.525891874504313,21.693765588221964,99.0,P48
164,2458899.9724074,r,1.8062129259166821,1.525891874504313,21.693765588221964,99.0,P48
165,2458899.9724074,r,1.8062129259166821,1.525891874504313,21.693765588221964,99.0,P48
166,2458900.9485146664,r,-0.7167035071817562,2.233577433417976,21.28007245630394,99.0,P48
167,2458900.9485146664,r,-0.7167035071817562,2.233577433417976,21.28007245630394,99.0,P48
168,2458900.9485146664,r,-0.7167035071817562,2.233577433417976,21.28007245630394,99.0,P48
169,2458901.9370139,r,-0.9159478000322051,1.300863804453939,21.866995414301613,99.0,P48
170,2458901.9370139,r,-0.9159478000322051,1.300863804453939,21.866995414301613,99.0,P48
171,2458901.9370139,r,-0.9159478000322051,1.300863804453939,21.866995414301613,99.0,P48
172,2458901.9370139,r,-0.9159478000322051,1.300863804453939,21.866995414301613,99.0,P48
173,2458903.95898382,r,1.0936913919575755,1.1562193269146228,21.994974427664488,99.0,P48
174,2458903.95898382,r,1.0936913919575755,1.1562193269146228,21.994974427664488,99.0,P48
175,2458903.95898382,r,1.0936913919575755,1.1562193269146228,21.994974427664488,99.0,P48
176,2458903.95898382,r,1.0936913919575755,1.1562193269146228,21.994974427664488,99.0,P48
177,2458903.95898382,r,1.0936913919575755,1.1562193269146228,21.994974427664488,99.0,P48
178,2458904.9885494,r,-1.5400967119073659,1.6158688870705975,21.631559692017476,99.0,P48
179,2458904.9885494,r,-1.5400967119073659,1.6158688870705975,21.631559692017476,99.0,P48
180,2458904.9885494,r,-1.5400967119073659,1.6158688870705975,21.631559692017476,99.0,P48
181,2458906.98820605,r,-4.284258304995684,3.0456016951493834,20.943392225334833,99.0,P48
182,2458906.98820605,r,-4.284258304995684,3.0456016951493834,20.943392225334833,99.0,P48
183,2458908.9696836337,r,-1.5464076443473134,1.5876191941822435,21.650709137033587,99.0,P48
184,2458908.9696836337,r,-1.5464076443473134,1.5876191941822435,21.650709137033587,99.0,P48
185,2458908.9696836337,r,-1.5464076443473134,1.5876191941822435,21.650709137033587,99.0,P48
186,2458911.9618826997,r,1.635609525129088,1.7777662270216612,21.527888360495556,99.0,P48
187,2458911.9618826997,r,1.635609525129088,1.7777662270216612,21.527888360495556,99.0,P48
188,2458911.9618826997,r,1.635609525129088,1.7777662270216612,21.527888360495556,99.0,P48
189,2458912.9405961,r,-1.764010063940802,1.8246546666710424,21.49962328368628,99.0,P48
190,2458912.9405961,r,-1.764010063940802,1.8246546666710424,21.49962328368628,99.0,P48
191,2458913.95925925,r,1.0109399012963036,2.7053886810814185,21.072000817473565,99.0,P48
192,2458913.95925925,r,1.0109399012963036,2.7053886810814185,21.072000817473565,99.0,P48
193,2458914.9372724,r,0.15875334787460463,1.987049030538131,21.40705353045758,99.0,P48
194,2458914.9372724,r,0.15875334787460463,1.987049030538131,21.40705353045758,99.0,P48
195,2458914.9372724,r,0.15875334787460463,1.987049030538131,21.40705353045758,99.0,P48
196,2458915.9358332995,r,-12.250474015667168,10.366840380931093,19.61345895985961,99.0,P48
197,2458936.9422530667,r,-1.026287497333993,1.5577628192260655,21.671321654507075,99.0,P48
198,2458936.9422530667,r,-1.026287497333993,1.5577628192260655,21.671321654507075,99.0,P48
199,2458936.9422530667,r,-1.026287497333993,1.5577628192260655,21.671321654507075,99.0,P48
200,2458939.8584606005,r,-5.9716334187426,14.6094148293193,19.24099293691613,99.0,P48
201,2458940.9041435,r,1.7812012724828306,7.129883451387616,20.019868912367926,99.0,P48
202,2458941.9036342665,r,0.834516281763301,1.7187263494179241,21.564558151424777,99.0,P48
203,2458941.9036342665,r,0.834516281763301,1.7187263494179241,21.564558151424777,99.0,P48
204,2458941.9036342665,r,0.834516281763301,1.7187263494179241,21.564558151424777,99.0,P48
205,2458944.8593866,r,-5.359441197843388,5.866466689295977,20.231633466600798,99.0,P48
206,2458954.894552467,r,2.517457231802209,1.9853488013986904,21.407982944138638,99.0,P48
207,2458954.894552467,r,2.517457231802209,1.9853488013986904,21.407982944138638,99.0,P48
208,2458954.894552467,r,2.517457231802209,1.9853488013986904,21.407982944138638,99.0,P48
209,2458955.7641435,r,2.815974989243216,2.8458927478698786,21.017028666765725,99.0,P48
210,2458965.8085532,r,1.9461151835848784,2.4939934904829895,21.160336700155895,99.0,P48
211,2458968.8707755003,r,6.2217605529202045,2.418043115182127,21.193914888337375,99.0,P48
212,2458971.7176968,r,2.3255875271995565,3.8237392931055663,20.696354304355744,99.0,P48
213,2458974.7510417,r,-5.008923826557452,6.834276142900756,20.065843682314217,99.0,P48
214,2458977.7333565,r,12.5388334686078,47.123267576562895,17.969486496020238,99.0,P48
215,2458980.7516319,r,0.298419654633518,2.149176175501716,21.321894945182187,99.0,P48
216,2458991.747338,r,0.05286901711988106,2.4389318952226384,21.18457580606931,99.0,P48
217,2458994.7885648,r,3.6463157155141266,2.358516121506568,21.22097786619048,99.0,P48
218,2458997.7549074,r,2.374704585121537,2.5614173200989407,21.131374134504824,99.0,P48
219,2459004.7522222,r,-2.5828496829819194,5.656862089459596,20.271136011513796,99.0,P48
220,2459009.7024073997,r,6.070904993773579,4.039714070849523,20.636698421585656,99.0,P48
221,2459012.7271528,r,0.015076995434631996,2.4176015662214727,21.1941131682879,99.0,P48
222,2459015.7192014,r,3.609873953547556,2.7223589713834144,21.065211511925487,99.0,P48
223,2459024.7160301004,r,-4.798727773276008,4.181410490639504,20.599267977920416,99.0,P48
224,2459027.7573264,r,-5.471042343885364,4.80826286309449,20.44760448389929,99.0,P48
225,2459033.675162,r,-4.030039619535736,5.8121961934777495,20.24172432492867,99.0,P48
226,2459035.7990046,r,3.842602335038626,9.458536038305931,19.713015181899053,99.0,P48
227,2459036.77875,r,10.536262026385087,6.055364288797219,20.197224300951348,99.0,P48
228,2459038.6940856003,r,0.41950898463726316,2.6818083252109215,21.08150565257266,99.0,P48
229,2459039.7141667004,r,1.0926883404112966,2.767228404992301,21.047462471743117,99.0,P48
230,2459040.7023032,r,-0.2775606926843983,2.5854832938516545,21.12122064937173,99.0,P48
231,2459041.7469907003,r,-1.400799795355665,3.4542931918623063,20.806676997566594,99.0,P48
232,2459042.7144444,r,-3.5011327262698853,3.0985443881766828,20.92468068412764,99.0,P48
233,2459043.7395139,r,3.154339863341076,3.691930619347662,20.734441161794756,99.0,P48
234,2459055.695787,r,6.780477112054753,4.8340760704144685,20.44179128838856,99.0,P48
235,2459060.6845833,r,-4.64988786563283,4.611203985673216,20.493039152873656,99.0,P48
236,2459062.7140278,r,-7.732890440076125,6.669898036501356,20.09227700201599,99.0,P48
237,2459065.6590509,r,-2.1544215194375083,8.302999913285676,19.854487405690968,99.0,P48
238,2459084.6520457,r,-3.3350403142045346,3.6573136957289596,20.744669458371398,99.0,P48
239,2459084.6520457,r,-3.3350403142045346,3.6573136957289596,20.744669458371398,99.0,P48
240,2459084.6520457,r,-3.3350403142045346,3.6573136957289596,20.744669458371398,99.0,P48
241,2459084.6520457,r,-3.3350403142045346,3.6573136957289596,20.744669458371398,99.0,P48
242,2459086.6491203997,r,2.318176627716893,3.6141302166284652,20.75756549896264,99.0,P48
243,2459086.6491203997,r,2.318176627716893,3.6141302166284652,20.75756549896264,99.0,P48
244,2459086.6491203997,r,2.318176627716893,3.6141302166284652,20.75756549896264,99.0,P48
245,2459086.6491203997,r,2.318176627716893,3.6141302166284652,20.75756549896264,99.0,P48
246,2459088.647283,r,-2.67999433978282,5.43742936046419,20.31409091933822,99.0,P48
247,2459088.647283,r,-2.67999433978282,5.43742936046419,20.31409091933822,99.0,P48
248,2459088.647283,r,-2.67999433978282,5.43742936046419,20.31409091933822,99.0,P48
249,2459088.647283,r,-2.67999433978282,5.43742936046419,20.31409091933822,99.0,P48
250,2459090.6483989335,r,-1.1192651743644637,4.9797666438059975,20.40955250961101,99.0,P48
251,2459090.6483989335,r,-1.1192651743644637,4.9797666438059975,20.40955250961101,99.0,P48
252,2459090.6483989335,r,-1.1192651743644637,4.9797666438059975,20.40955250961101,99.0,P48
253,2459092.6448935,r,-0.5811018970862883,3.3746943585929934,20.831988875418112,99.0,P48
254,2459092.6448935,r,-0.5811018970862883,3.3746943585929934,20.831988875418112,99.0,P48
255,2459092.6448935,r,-0.5811018970862883,3.3746943585929934,20.831988875418112,99.0,P48
256,2459092.6448935,r,-0.5811018970862883,3.3746943585929934,20.831988875418112,99.0,P48
257,2459092.6448935,r,-0.5811018970862883,3.3746943585929934,20.831988875418112,99.0,P48
258,2459094.6407060004,r,-3.608042536060346,5.0762715951613755,20.388712864032932,99.0,P48
259,2459094.6407060004,r,-3.608042536060346,5.0762715951613755,20.388712864032932,99.0,P48
260,2459094.6407060004,r,-3.608042536060346,5.0762715951613755,20.388712864032932,99.0,P48
261,2459094.6407060004,r,-3.608042536060346,5.0762715951613755,20.388712864032932,99.0,P48
262,2459096.6385555603,r,-3.7453864416977494,3.6261340439594503,20.753965353608493,99.0,P48
263,2459096.6385555603,r,-3.7453864416977494,3.6261340439594503,20.753965353608493,99.0,P48
264,2459096.6385555603,r,-3.7453864416977494,3.6261340439594503,20.753965353608493,99.0,P48
265,2459096.6385555603,r,-3.7453864416977494,3.6261340439594503,20.753965353608493,99.0,P48
266,2459096.6385555603,r,-3.7453864416977494,3.6261340439594503,20.753965353608493,99.0,P48
267,2459098.6342505747,r,7.840702404876293,4.177965050373546,20.600162982441162,99.0,P48
268,2459098.6342505747,r,7.840702404876293,4.177965050373546,20.600162982441162,99.0,P48
269,2459098.6342505747,r,7.840702404876293,4.177965050373546,20.600162982441162,99.0,P48
270,2459098.6342505747,r,7.840702404876293,4.177965050373546,20.600162982441162,99.0,P48
271,2458202.8734838,g,-4.662635651965767,3.2749467670094803,20.864564376418258,99.0,P48
272,2458205.8251389,g,16.4668855557397,5.663760549900794,20.26981277878645,99.0,P48
273,2458205.8251389,g,16.4668855557397,5.663760549900794,20.26981277878645,99.0,P48
274,2458208.8646412,g,-14.753057021277638,14.411358434178014,19.255812689335002,99.0,P48
275,2458208.8646412,g,-14.753057021277638,14.411358434178014,19.255812689335002,99.0,P48
276,2458211.8467824,g,-16.034755089867975,9.68471052364913,19.6873583787319,99.0,P48
277,2458214.7831018995,g,4.28297375060675,5.856060675645647,20.23356106947743,99.0,P48
278,2458229.7934143995,g,-2.3448920017397983,2.504761140330712,21.155659196967548,99.0,P48
279,2458232.7533565,g,7.777732853420318,7.0206172330947245,20.036636749738875,99.0,P48
280,2458235.755480317,g,-0.21940906833484758,3.311002643579134,20.85267617040318,99.0,P48
281,2458235.755480317,g,-0.21940906833484758,3.311002643579134,20.85267617040318,99.0,P48
282,2458235.755480317,g,-0.21940906833484758,3.311002643579134,20.85267617040318,99.0,P48
283,2458235.755480317,g,-0.21940906833484758,3.311002643579134,20.85267617040318,99.0,P48
284,2458235.755480317,g,-0.21940906833484758,3.311002643579134,20.85267617040318,99.0,P48
285,2458235.755480317,g,-0.21940906833484758,3.311002643579134,20.85267617040318,99.0,P48
286,2458242.7326619998,g,-0.491514139328671,1.9668063706446683,21.4181709733217,99.0,P48
287,2458248.7140625,g,4.643988901468529,2.065395073032357,21.365067147451356,99.0,P48
288,2458258.7771991002,g,1.7602726195109466,2.366551689246154,21.217285002688456,99.0,P48
289,2458262.76565975,g,0.6977175692001288,4.599040014947614,20.495907018499842,99.0,P48
290,2458262.76565975,g,0.6977175692001288,4.599040014947614,20.495907018499842,99.0,P48
291,2458267.70734955,g,-8.914197595662463,7.463676939245395,19.97019290673355,99.0,P48
292,2458267.70734955,g,-8.914197595662463,7.463676939245395,19.97019290673355,99.0,P48
293,2458272.7298611,g,0.08459346229211175,2.072120604052067,21.36153741631528,99.0,P48
294,2458273.7402894,g,-1.5577615122008557,2.074622347849342,21.360227359638614,99.0,P48
295,2458274.7548148,g,0.326513989859124,1.269469571861454,21.893519250025,99.0,P48
296,2458274.7548148,g,0.326513989859124,1.269469571861454,21.893519250025,99.0,P48
297,2458276.7364699,g,0.8788437345781897,1.6174224175746306,21.630516343748297,99.0,P48
298,2458277.71788775,g,-2.2251939958156037,1.7361577939988884,21.55360200337688,99.0,P48
299,2458277.71788775,g,-2.2251939958156037,1.7361577939988884,21.55360200337688,99.0,P48
300,2458278.710625,g,1.8951996597824898,3.001023486775685,20.959401503315945,99.0,P48
301,2458279.716713,g,-4.4182002422081155,2.180118544893408,21.306374716165273,99.0,P48
302,2458280.735816,g,-0.021344089512140497,1.685834525621852,21.585537629476363,99.0,P48
303,2458280.735816,g,-0.021344089512140497,1.685834525621852,21.585537629476363,99.0,P48
304,2458281.7333449,g,-3.342230854671304,2.183047023834555,21.304917262379192,99.0,P48
305,2458283.7479108498,g,1.8811038811895247,1.5086152327954903,21.70612876775504,99.0,P48
306,2458283.7479108498,g,1.8811038811895247,1.5086152327954903,21.70612876775504,99.0,P48
307,2458284.7330903,g,5.2768735464720535,2.5407379763107256,21.140175291616657,99.0,P48
308,2458286.6980247,g,-0.8434889773646742,1.5865466260994239,21.651442889527843,99.0,P48
309,2458286.6980247,g,-0.8434889773646742,1.5865466260994239,21.651442889527843,99.0,P48
310,2458286.6980247,g,-0.8434889773646742,1.5865466260994239,21.651442889527843,99.0,P48
311,2458289.693125,g,-1.745730305018626,4.364291732127519,20.552790555646396,99.0,P48
312,2458292.7292593,g,4.211506730521988,5.184931919246693,20.365717343513936,99.0,P48
313,2458295.6944212997,g,-1.7718389986704048,6.324619489780144,20.14998898408964,99.0,P48
314,2458298.6772222,g,-5.636826495286415,6.833600889786245,20.06595096258205,99.0,P48
315,2458301.7784953997,g,-7.5473344854315165,6.052016268108216,20.197824772267484,99.0,P48
316,2458304.6991667002,g,-2.171970772429496,2.5481832884258755,21.136998331209412,99.0,P48
317,2458307.7270023,g,3.3009156982128847,2.9559113572814546,20.97584647373386,99.0,P48
318,2458332.6761806,g,1.207955981828627,3.5117565225474694,20.788763994835925,99.0,P48
319,2458336.6759258998,g,1.8964075786349006,3.5740160938584884,20.769683729635304,99.0,P48
320,2458347.706331,g,-2.4582612585213184,8.614099149259493,19.814550323574558,99.0,P48
321,2458443.0097801,g,-8.149103232390386,5.708212230958978,20.261324709701597,99.0,P48
322,2458466.0504630003,g,-0.8116527363153232,2.7603287700673307,21.050172959248172,99.0,P48
323,2458472.0152199,g,3.7993373203695118,2.9955714473190587,20.961375783161074,99.0,P48
324,2458481.0194676,g,1.464307470910179,6.408910642005923,20.135614448269017,99.0,P48
325,2458487.0544676003,g,2.9071259009933903,2.4993354967507497,21.158013595934825,99.0,P48
326,2458492.0054745,g,-2.860403323114109,2.510277890698314,21.1532704865365,99.0,P48
327,2458494.0415278,g,6.883502061984148,2.5000476952966846,21.157704253873284,99.0,P48
328,2458495.0083449,g,5.202032075905303,1.9046468422134177,21.45303883663263,99.0,P48
329,2458502.9934491003,g,7.3066406269258435,8.270381843976708,19.858761085622085,99.0,P48
330,2458505.9673842997,g,-6.260506575869908,9.55074881914205,19.70248143054819,99.0,P48
331,2458507.9847048502,g,-10.756691930054952,6.975100186779483,20.043698864223103,99.0,P48
332,2458507.9847048502,g,-10.756691930054952,6.975100186779483,20.043698864223103,99.0,P48
333,2458511.9943866003,g,-0.507716582352133,4.345616972835521,20.557446377891,99.0,P48
334,2458522.9452315,g,1.2064432111212882,1.8621999075463993,21.477509237283325,99.0,P48
335,2458522.9452315,g,1.2064432111212882,1.8621999075463993,21.477509237283325,99.0,P48
336,2458522.9452315,g,1.2064432111212882,1.8621999075463993,21.477509237283325,99.0,P48
337,2458526.9744792003,g,5.770153472586436,4.296567255450174,20.569770953352688,99.0,P48
338,2458538.9375579,g,-50.93712560877825,50.92160594923414,17.88531975956665,99.0,P48
339,2458556.8794792006,g,3.476824795027048,4.701332802947749,20.47202250021936,99.0,P48
340,2458559.8498264,g,-6.5416314385427405,5.1275402367283425,20.377802296558688,99.0,P48
341,2458561.8129167003,g,-24.055786478174397,12.504730106503233,19.409889182524488,99.0,P48
342,2458562.8164699,g,8.809814812752666,17.86513097873082,19.022559477677852,99.0,P48
343,2458567.8780382,g,-1.0505640127615745,4.371221715389568,20.551067901254164,99.0,P48
344,2458567.8780382,g,-1.0505640127615745,4.371221715389568,20.551067901254164,99.0,P48
345,2458572.8192361,g,-1.899982981709251,3.532300112752917,20.78243100120566,99.0,P48
346,2458575.8175347,g,3.3629797032908257,1.9505890722414505,21.427160522048617,99.0,P48
347,2458580.8016551,g,1.4733562289372413,2.449074184428021,21.180070138026636,99.0,P48
348,2458588.7140508997,g,-79.17943051706746,98.2578794735465,17.17165652093902,99.0,P48
349,2458592.9227431,g,5.395229891282549,11.542940212715624,19.49678387362796,99.0,P48
350,2458596.7338079,g,1.376702139229179,2.82997227333235,21.02311953780307,99.0,P48
351,2458599.8300926,g,62.23661192988452,1.3300593533569336,19.41495076661019,0.023198233054452042,P48
352,2458600.7372569,g,57.57852649438209,2.7139011675155564,19.499414255902202,0.051163860847074125,P48
353,2458606.8816667004,g,35.38204976884299,2.506757074311793,20.02810814966712,0.07690579889923749,P48
354,2458616.7316319,g,14.585284598696175,4.85371435670652,20.99027835275554,0.36123442765566016,P48
355,2458619.7302778,g,16.266092112879697,9.402909022723321,19.719419403812694,99.0,P48
356,2458628.7102662004,g,8.457412407143773,2.220627891260345,21.581971850971414,0.28501525761319385,P48
357,2458633.7592477,g,4.964927173496928,2.3356396278294693,21.231560401319392,99.0,P48
358,2458636.7558912,g,7.791077332265978,2.0030759342936824,21.671071834612967,0.27908065007530886,P48
359,2458639.7396064997,g,5.504720625088107,1.9589470987018611,21.4225182190456,99.0,P48
360,2458642.6951389,g,2.146306806828328,2.174630592127807,21.309111255963305,99.0,P48
361,2458645.7120832996,g,1.7571187069985943,5.0396994885706095,20.396563387305342,99.0,P48
362,2458651.6934028,g,3.240595351119464,7.566523115806287,19.955334081193676,99.0,P48
363,2458654.7579861,g,-1.8369479485599136,5.183856785141344,20.365942502317075,99.0,P48
364,2458657.6940508997,g,0.8330216554433,2.720956106321817,21.065771149352216,99.0,P48
365,2458666.7056019,g,2.4673881457420728,2.9244956695621855,20.9874475326109,99.0,P48
366,2458670.6928704,g,0.9038880332478277,3.453521895508436,20.80691945465871,99.0,P48
367,2458673.6757639,g,4.435824143723306,4.656245245858391,20.482485372492,99.0,P48
368,2458676.6869907,g,7.489300022025419,5.404367724084585,20.32071276008942,99.0,P48
369,2458679.6753356005,g,3.8307912934208264,6.479679756488134,20.123691133212972,99.0,P48
370,2458682.6697106003,g,-3.1270204716988026,5.094764717134244,20.384764657857176,99.0,P48
371,2458685.6842361,g,7.305015497023691,2.698975151149985,21.074577773848805,99.0,P48
372,2458692.694537,g,5.520086348179129,4.181200847641619,20.59932241474253,99.0,P48
373,2458716.651713,g,8.476722425380357,4.957920133411312,20.414326172944367,99.0,P48
374,2458720.6554977,g,7.60494375035384,5.15071225849997,20.372906766776573,99.0,P48
375,2458726.6597106005,g,3.8206939697322464,7.199047400325603,20.00938740646805,99.0,P48
376,2458728.6343171,g,-9.369828642036081,12.04826561610314,19.45026365561062,99.0,P48
377,2458806.0355439996,g,-3.1969440755279606,7.222221580366199,20.005897967643087,99.0,P48
378,2458829.0528935003,g,3.5712720099780095,9.772027531713128,19.677613284448658,99.0,P48
379,2458832.0617130003,g,-1.6086270890014263,7.48266592790749,19.967434098942483,99.0,P48
380,2458834.0694096996,g,-4.532761462277882,8.166984088590741,19.872420715483166,99.0,P48
381,2458834.0694096996,g,-4.532761462277882,8.166984088590741,19.872420715483166,99.0,P48
382,2458834.0694096996,g,-4.532761462277882,8.166984088590741,19.872420715483166,99.0,P48
383,2458836.0492824,g,6.6438867068284635,6.286090020397715,20.156623498982437,99.0,P48
384,2458838.9843981,g,8.360915460310446,18.37868481224062,18.99178891457376,99.0,P48
385,2458847.0502662,g,-0.37414739148948106,2.236706110168269,21.278552678803337,99.0,P48
386,2458851.06199365,g,-2.6139853409773535,1.8621359365128498,21.47754653556688,99.0,P48
387,2458851.06199365,g,-2.6139853409773535,1.8621359365128498,21.47754653556688,99.0,P48
388,2458851.06199365,g,-2.6139853409773535,1.8621359365128498,21.47754653556688,99.0,P48
389,2458851.06199365,g,-2.6139853409773535,1.8621359365128498,21.47754653556688,99.0,P48
390,2458854.0251619997,g,0.9735718281306083,2.1102120366440906,21.341759749354274,99.0,P48
391,2458855.9561632,g,2.333543299394961,3.5894559509333326,20.765003418837253,99.0,P48
392,2458855.9561632,g,2.333543299394961,3.5894559509333326,20.765003418837253,99.0,P48
393,2458857.0604282003,g,-1.044478001818139,2.1134899502887308,21.340074521444926,99.0,P48
394,2458860.0438194,g,-13.654016367331272,8.10495465545169,19.880698515517622,99.0,P48
395,2458861.9794154996,g,1.0329262000740493,6.544373295312466,20.112904829635603,99.0,P48
396,2458861.9794154996,g,1.0329262000740493,6.544373295312466,20.112904829635603,99.0,P48
397,2458862.991134267,g,0.26846956161917745,3.6189450273487185,20.75612002386005,99.0,P48
398,2458862.991134267,g,0.26846956161917745,3.6189450273487185,20.75612002386005,99.0,P48
399,2458862.991134267,g,0.26846956161917745,3.6189450273487185,20.75612002386005,99.0,P48
400,2458863.944251533,g,1.0056913366142557,3.7671175886761907,20.71255204741462,99.0,P48
401,2458863.944251533,g,1.0056913366142557,3.7671175886761907,20.71255204741462,99.0,P48
402,2458863.944251533,g,1.0056913366142557,3.7671175886761907,20.71255204741462,99.0,P48
403,2458864.9603993,g,-2.593118655531935,3.3457352988612823,20.841346043283863,99.0,P48
404,2458864.9603993,g,-2.593118655531935,3.3457352988612823,20.841346043283863,99.0,P48
405,2458867.0635764,g,0.9521874752613513,3.4400505253733145,20.811162935979905,99.0,P48
406,2458867.9498785003,g,0.6387741650807057,2.018155774363726,21.390188277004835,99.0,P48
407,2458867.9498785003,g,0.6387741650807057,2.018155774363726,21.390188277004835,99.0,P48
408,2458871.9602469,g,0.9203343256828673,1.632127509696581,21.620689776837146,99.0,P48
409,2458871.9602469,g,0.9203343256828673,1.632127509696581,21.620689776837146,99.0,P48
410,2458871.9602469,g,0.9203343256828673,1.632127509696581,21.620689776837146,99.0,P48
411,2458872.9574189996,g,-1.0174537275525317,2.3796933950666572,21.21127247614936,99.0,P48
412,2458873.89630785,g,3.688954996389429,2.1919455466469087,21.300500586668946,99.0,P48
413,2458873.89630785,g,3.688954996389429,2.1919455466469087,21.300500586668946,99.0,P48
414,2458875.9835995333,g,-0.12248892183859027,1.3905666867437128,21.794595436777364,99.0,P48
415,2458875.9835995333,g,-0.12248892183859027,1.3905666867437128,21.794595436777364,99.0,P48
416,2458875.9835995333,g,-0.12248892183859027,1.3905666867437128,21.794595436777364,99.0,P48
417,2458878.03439815,g,0.5515219443994532,1.8209946301425204,21.501803326351553,99.0,P48
418,2458878.03439815,g,0.5515219443994532,1.8209946301425204,21.501803326351553,99.0,P48
419,2458879.0026273,g,-2.9878109538581406,2.9157513601167127,20.99069877194949,99.0,P48
420,2458879.9842477003,g,1.5353197059816952,3.2560671711443177,20.870841600155423,99.0,P48
421,2458880.9995255,g,1.2094552292456024,2.305757556669191,21.245540887591645,99.0,P48
422,2458881.986697566,g,-1.0952071393829266,1.3896222582669575,21.79533308464932,99.0,P48
423,2458881.986697566,g,-1.0952071393829266,1.3896222582669575,21.79533308464932,99.0,P48
424,2458881.986697566,g,-1.0952071393829266,1.3896222582669575,21.79533308464932,99.0,P48
425,2458883.9884375,g,-0.5931208285411195,2.6039585653767774,21.11348981569779,99.0,P48
426,2458883.9884375,g,-0.5931208285411195,2.6039585653767774,21.11348981569779,99.0,P48
427,2458884.9530285667,g,2.263458743068764,2.4644063670265246,21.173294183750905,99.0,P48
428,2458884.9530285667,g,2.263458743068764,2.4644063670265246,21.173294183750905,99.0,P48
429,2458884.9530285667,g,2.263458743068764,2.4644063670265246,21.173294183750905,99.0,P48
430,2458885.9613947,g,-1.0589604376765116,4.12718103934305,20.613441189959367,99.0,P48
431,2458885.9613947,g,-1.0589604376765116,4.12718103934305,20.613441189959367,99.0,P48
432,2458886.9894329,g,1.6547651637246754,3.56815362741581,20.771466127350255,99.0,P48
433,2458886.9894329,g,1.6547651637246754,3.56815362741581,20.771466127350255,99.0,P48
434,2458887.961612634,g,-2.271366219322542,3.9445857739317574,20.662571478877425,99.0,P48
435,2458887.961612634,g,-2.271366219322542,3.9445857739317574,20.662571478877425,99.0,P48
436,2458887.961612634,g,-2.271366219322542,3.9445857739317574,20.662571478877425,99.0,P48
437,2458889.0295255003,g,-4.509004446526908,10.473896794077202,19.6023042636384,99.0,P48
438,2458891.062581,g,-9.232952544322355,15.307956035367564,19.19028197352166,99.0,P48
439,2458891.9583448996,g,11.641361892496363,6.776108821679792,20.07512405921093,99.0,P48
440,2458894.8594483,g,-2.1244551723558365,2.3028785792942017,21.246897388857132,99.0,P48
441,2458894.8594483,g,-2.1244551723558365,2.3028785792942017,21.246897388857132,99.0,P48
442,2458894.8594483,g,-2.1244551723558365,2.3028785792942017,21.246897388857132,99.0,P48
443,2458895.8990972503,g,-1.7943340438724389,2.0677053972067956,21.363853335747415,99.0,P48
444,2458895.8990972503,g,-1.7943340438724389,2.0677053972067956,21.363853335747415,99.0,P48
445,2458898.9162229667,g,0.3830985385336599,1.0121771647515367,22.139433651230767,99.0,P48
446,2458898.9162229667,g,0.3830985385336599,1.0121771647515367,22.139433651230767,99.0,P48
447,2458898.9162229667,g,0.3830985385336599,1.0121771647515367,22.139433651230767,99.0,P48
448,2458899.955621133,g,1.8879416188887916,1.3527545589863168,21.82452747354794,99.0,P48
449,2458899.955621133,g,1.8879416188887916,1.3527545589863168,21.82452747354794,99.0,P48
450,2458899.955621133,g,1.8879416188887916,1.3527545589863168,21.82452747354794,99.0,P48
451,2458900.9276967333,g,-0.3890236964083521,1.7611654957844989,21.53807456839437,99.0,P48
452,2458900.9276967333,g,-0.3890236964083521,1.7611654957844989,21.53807456839437,99.0,P48
453,2458900.9276967333,g,-0.3890236964083521,1.7611654957844989,21.53807456839437,99.0,P48
454,2458903.85609955,g,3.0550081820164694,1.719172469724782,21.564276369442794,99.0,P48
455,2458903.85609955,g,3.0550081820164694,1.719172469724782,21.564276369442794,99.0,P48
456,2458904.9294907334,g,0.20203899334017994,1.8991256763149906,21.456190725389938,99.0,P48
457,2458904.9294907334,g,0.20203899334017994,1.8991256763149906,21.456190725389938,99.0,P48
458,2458904.9294907334,g,0.20203899334017994,1.8991256763149906,21.456190725389938,99.0,P48
459,2458906.8347338,g,-5.193600963882894,2.126661274547408,21.333329182021338,99.0,P48
460,2458906.8347338,g,-5.193600963882894,2.126661274547408,21.333329182021338,99.0,P48
461,2458908.8480439996,g,-1.1629072783947685,1.8006040961692837,21.51402940470967,99.0,P48
462,2458908.8480439996,g,-1.1629072783947685,1.8006040961692837,21.51402940470967,99.0,P48
463,2458911.9154398004,g,-4.2076925531627305,2.179999064494417,21.306434221071605,99.0,P48
464,2458911.9154398004,g,-4.2076925531627305,2.179999064494417,21.306434221071605,99.0,P48
465,2458913.0255845,g,1.4934061638991327,1.847727105860663,21.48598041444213,99.0,P48
466,2458913.0255845,g,1.4934061638991327,1.847727105860663,21.48598041444213,99.0,P48
467,2458913.8067419,g,0.1281938812091477,3.2177730752429277,20.88368645566665,99.0,P48
468,2458913.8067419,g,0.1281938812091477,3.2177730752429277,20.88368645566665,99.0,P48
469,2458914.9659259496,g,1.194859071073542,2.8862663780031723,21.001733963362703,99.0,P48
470,2458914.9659259496,g,1.194859071073542,2.8862663780031723,21.001733963362703,99.0,P48
471,2458915.96041085,g,0.07997598257412888,5.144074221041538,20.374306923760948,99.0,P48
472,2458915.96041085,g,0.07997598257412888,5.144074221041538,20.374306923760948,99.0,P48
473,2458936.7987962663,g,2.85045468522673,1.347116774259335,21.829061879180042,99.0,P48
474,2458936.7987962663,g,2.85045468522673,1.347116774259335,21.829061879180042,99.0,P48
475,2458936.7987962663,g,2.85045468522673,1.347116774259335,21.829061879180042,99.0,P48
476,2458939.8526505,g,-0.24291457408448455,5.028357378262982,20.399009647824467,99.0,P48
477,2458940.878094133,g,-2.189415060668986,2.0406431879955993,21.378157304698924,99.0,P48
478,2458940.878094133,g,-2.189415060668986,2.0406431879955993,21.378157304698924,99.0,P48
479,2458940.878094133,g,-2.189415060668986,2.0406431879955993,21.378157304698924,99.0,P48
480,2458941.9494869,g,0.6044614226900188,1.7350880875773553,21.554271168896527,99.0,P48
481,2458941.9494869,g,0.6044614226900188,1.7350880875773553,21.554271168896527,99.0,P48
482,2458941.9494869,g,0.6044614226900188,1.7350880875773553,21.554271168896527,99.0,P48
483,2458943.9129745,g,-4.768228490743107,4.025864961187216,20.64042698080793,99.0,P48
484,2458943.9129745,g,-4.768228490743107,4.025864961187216,20.64042698080793,99.0,P48
485,2458944.9475964666,g,3.8234452360176414,4.7095545568239805,20.470125408525483,99.0,P48
486,2458944.9475964666,g,3.8234452360176414,4.7095545568239805,20.470125408525483,99.0,P48
487,2458944.9475964666,g,3.8234452360176414,4.7095545568239805,20.470125408525483,99.0,P48
488,2458954.8930324,g,1.7927559068705183,1.7258566703145972,21.56006317565427,99.0,P48
489,2458954.8930324,g,1.7927559068705183,1.7258566703145972,21.56006317565427,99.0,P48
490,2458954.8930324,g,1.7927559068705183,1.7258566703145972,21.56006317565427,99.0,P48
491,2458955.81667825,g,0.8242220977532979,1.5849466477803693,21.652538370038243,99.0,P48
492,2458955.81667825,g,0.8242220977532979,1.5849466477803693,21.652538370038243,99.0,P48
493,2458962.8413542,g,-0.5884582150774406,2.631224914994244,21.10218005711939,99.0,P48
494,2458963.8183738254,g,1.112035926853604,1.3281585762017805,21.844450161787186,99.0,P48
495,2458963.8183738254,g,1.112035926853604,1.3281585762017805,21.844450161787186,99.0,P48
496,2458963.8183738254,g,1.112035926853604,1.3281585762017805,21.844450161787186,99.0,P48
497,2458963.8183738254,g,1.112035926853604,1.3281585762017805,21.844450161787186,99.0,P48
498,2458965.7571064997,g,-2.204040769932323,2.182414893941437,21.305231697061608,99.0,P48
499,2458968.7971412004,g,1.044204946416472,2.3926988356089147,21.205354893550144,99.0,P48
500,2458971.7955787,g,-7.0599680269559375,4.2863130212415355,20.572365280261764,99.0,P48
501,2458974.7056366,g,-1.0205879892795202,8.336974137039721,19.85005385358288,99.0,P48
502,2458977.8371759,g,9.943146767634085,15.761127570318955,19.15860677860316,99.0,P48
503,2458980.7227082998,g,-0.870765059113401,1.7389028116748837,21.55188671490764,99.0,P48
504,2458985.7050231,g,4.175836046639634,2.1507580345729314,21.321096104242763,99.0,P48
505,2458991.8016319,g,2.1696860185513285,2.3964926436856935,21.203634738629518,99.0,P48
506,2458994.7566319,g,2.1193661867681985,1.9648867757811321,21.41923116481162,99.0,P48
507,2458997.7137384,g,-1.6531870063032674,2.332538085105333,21.233003130336485,99.0,P48
508,2459000.7604514,g,1.9332263121428224,4.6029247598979,20.494990299387666,99.0,P48
509,2459004.690787,g,5.477333867672313,7.121312004860079,20.02117495451335,99.0,P48
510,2459009.7476042,g,-0.26636951467716863,3.7739639034963055,20.71058063418448,99.0,P48
511,2459012.699294,g,0.4316309720969049,1.9814574728147485,21.41011309993218,99.0,P48
512,2459018.7069213,g,2.1819957641951295,2.0204622394604517,21.388948143412495,99.0,P48
513,2459021.7009413335,g,-1.4224748593488326,1.1357388360735674,22.01437879780842,99.0,P48
514,2459021.7009413335,g,-1.4224748593488326,1.1357388360735674,22.01437879780842,99.0,P48
515,2459021.7009413335,g,-1.4224748593488326,1.1357388360735674,22.01437879780842,99.0,P48
516,2459024.7043981003,g,1.9871285241838819,2.1331898294542255,21.330001228154558,99.0,P48
517,2459027.6957523,g,3.0456061548525484,4.109232372677032,20.618173237053025,99.0,P48
518,2459030.8246296,g,-5.335988434896013,13.526879978421267,19.32458089759415,99.0,P48
519,2459033.6946528,g,15.322896470298982,6.827918131720975,20.066854226197243,99.0,P48
520,2459036.6957407002,g,-2.4187457064155033,4.776928851608817,20.454703056970928,99.0,P48
521,2459037.7388542006,g,6.463162523134014,9.333595164918778,19.727452589455943,99.0,P48
522,2459038.7575926003,g,4.434349967862289,6.207265236554335,20.17032423117783,99.0,P48
523,2459039.7085647997,g,1.003814822698701,2.2027686653772647,21.295152764242044,99.0,P48
524,2459040.7143866,g,2.027337395178203,2.4733088507436776,21.1693791101061,99.0,P48
525,2459041.6945948997,g,3.1080636764009153,2.4968398265661613,21.15909828152913,99.0,P48
526,2459043.7058681,g,-4.209908735218905,2.7801246347899915,21.04241432401564,99.0,P48
527,2459055.6800116003,g,7.33330159882103,4.009906995010437,20.644739239668205,99.0,P48
528,2459056.7696644,g,1.8123536756396335,6.895429148199922,20.05617173822644,99.0,P48
529,2459057.6942245,g,-4.247584202959689,4.787170785248912,20.452377685460238,99.0,P48
530,2459060.7250116,g,2.855372379402163,7.316885858687767,19.99175928861648,99.0,P48
531,2459062.7033332996,g,7.723741045586608,7.867113269471802,19.913036481363783,99.0,P48
532,2459065.6955671003,g,-8.266419638251037,11.057531997759535,19.543429477199577,99.0,P48
533,2459069.69659145,g,1.056770054101454,4.442560508244453,20.533491609999405,99.0,P48
534,2459069.69659145,g,1.056770054101454,4.442560508244453,20.533491609999405,99.0,P48
535,2458214.8860995,i,151.46765178899025,164.1160293916223,16.614697486308586,99.0,P48
536,2458227.88,i,-4.49743914578119,5.171175024067729,20.36860189617996,99.0,P48
537,2458232.8180323998,i,6.178209806643286,4.7442284536186845,20.462161004459837,99.0,P48
538,2458243.8395718,i,-3.5793640886035005,4.865715043978638,20.434708310929935,99.0,P48
539,2458247.6542708,i,7.410181823896533,6.005423694282308,20.206215856316554,99.0,P48
540,2458261.6897569,i,3.5680224234521467,5.041151253980538,20.396250668802207,99.0,P48
541,2458261.6897569,i,3.5680224234521467,5.041151253980538,20.396250668802207,99.0,P48
542,2458266.7121759,i,16.784595809863173,9.482041376188269,19.710320373933406,99.0,P48
543,2458272.8400462996,i,-0.5262016705853155,5.689829233628087,20.264826908412132,99.0,P48
544,2458278.6708565,i,3.044372597333638,6.227355001023443,20.166815928842738,99.0,P48
545,2458283.6803241,i,-5.123109912674499,5.4089465694557575,20.319793260598765,99.0,P48
546,2458288.6854861,i,-1.1218333169037216,6.13854515539558,20.182411351962678,99.0,P48
547,2458292.6771759,i,-7.812146926826479,5.50152796492929,20.30136667697967,99.0,P48
548,2458320.713831,i,-2.9613210923037903,6.217240157715741,20.168580880432227,99.0,P48
549,2458539.9213773,i,4.134599895714276,91.74665981102771,17.246099334153314,99.0,P48
550,2458547.9205092997,i,-10.828488629548922,4.236064768164147,20.58516850986238,99.0,P48
551,2458556.9017824,i,-14.588864590771976,5.636467438368015,20.275057483049856,99.0,P48
552,2458560.7969676005,i,-4.252313036272013,6.7735362841902695,20.0755363352672,99.0,P48
553,2458568.8608333,i,124.37394970267077,64.69184407822304,17.625451161332627,99.0,P48
554,2458573.847662,i,-5.23619759952584,4.906224787450786,20.42570638340116,99.0,P48
555,2458581.880787,i,-0.9797680131350113,4.86656468277941,20.434518738982717,99.0,P48
556,2458591.8128472,i,-7.551090055260697,21.629868431086333,18.814940294795576,99.0,P48
557,2458594.8053935003,i,-20.685342798336375,8.558833194526638,19.821538583225863,99.0,P48
558,2458596.858044,i,-0.7488672076640791,5.427147681927192,20.316145890078868,99.0,P48
559,2458600.6845255,i,36.32778406190447,4.653966063423219,19.99946835381854,0.1390638127896057,P48
560,2458607.7531366,i,34.41336793798051,4.296726374575029,20.058247677630227,0.13553153204902207,P48
561,2458612.8204514,i,26.357080888066108,4.799672277205608,20.347822348790444,0.197671520569096,P48
562,2458616.8289814997,i,32.41598646646865,5.988050456514748,20.123167516371744,0.20051923384378378,P48
563,2458635.6866319,i,4.550454073012745,4.789539595211581,20.45184056933394,99.0,P48
564,2458639.6905671,i,15.14487857076547,3.697405341620619,20.949401133335847,0.265009288755646,P48
565,2458643.7294792,i,9.082613608791357,4.6052013434685115,20.494453432444622,99.0,P48
566,2458648.7903819,i,0.24149599573028765,9.350494233962069,19.725488572296904,99.0,P48
567,2458653.7443171,i,8.104954876023504,6.410632133865518,20.135322848781882,99.0,P48
568,2458657.6715162,i,2.5261606168260444,6.6149211061267845,20.101263316973647,99.0,P48
569,2458661.6716087996,i,-1.866594307171266,7.4997629273712425,19.964956151001296,99.0,P48
570,2458671.6733102,i,5.200849713784103,4.974229814173462,20.410760373615588,99.0,P48
571,2458675.6741319,i,-6.515482717281502,8.09154336301081,19.882496574464312,99.0,P48
572,2458828.0403298503,i,-3.3697134987607513,1.7796581926338217,21.526733493651104,99.0,P48
573,2458828.0403298503,i,-3.3697134987607513,1.7796581926338217,21.526733493651104,99.0,P48
574,2458828.0403298503,i,-3.3697134987607513,1.7796581926338217,21.526733493651104,99.0,P48
575,2458828.0403298503,i,-3.3697134987607513,1.7796581926338217,21.526733493651104,99.0,P48
576,2458830.9800116,i,6.2116071848867405,4.412710224417771,20.540811466751116,99.0,P48
577,2458831.9903587997,i,-8.617113518820585,6.832881602043144,20.066065250475148,99.0,P48
578,2458837.0342824,i,-4.787167731520217,3.7283826443977266,20.72377379498821,99.0,P48
579,2458850.028831,i,-7.174007085179101,4.261282805743881,20.57872409492945,99.0,P48
580,2458855.89923035,i,-2.395517336961025,5.313951242785155,20.339031075908117,99.0,P48
581,2458855.89923035,i,-2.395517336961025,5.313951242785155,20.339031075908117,99.0,P48
582,2458859.9023206,i,-6.500044074350463,6.53941506458797,20.113727730575114,99.0,P48
583,2458859.9023206,i,-6.500044074350463,6.53941506458797,20.113727730575114,99.0,P48
584,2458861.9181538997,i,-5.677018933961029,5.328397834243514,20.336083381390193,99.0,P48
585,2458861.9181538997,i,-5.677018933961029,5.328397834243514,20.336083381390193,99.0,P48
586,2458863.0344328997,i,-2.529018656798586,2.451730613306021,21.178893114492865,99.0,P48
587,2458863.0344328997,i,-2.529018656798586,2.451730613306021,21.178893114492865,99.0,P48
588,2458863.9837268996,i,-0.19735805441349366,3.238014071517122,20.876878159795872,99.0,P48
589,2458865.0421065,i,-1.543522406445616,3.0751645044908704,20.93290410637593,99.0,P48
590,2458866.9782117996,i,-2.318276815153542,2.888865746422375,21.000756590540057,99.0,P48
591,2458866.9782117996,i,-2.318276815153542,2.888865746422375,21.000756590540057,99.0,P48
592,2458868.05441555,i,-0.6448001275839499,1.979184822818275,21.411359109275384,99.0,P48
593,2458868.05441555,i,-0.6448001275839499,1.979184822818275,21.411359109275384,99.0,P48
594,2458871.9687153003,i,0.7147239597101452,2.888421312170951,21.000923637236355,99.0,P48
595,2458871.9687153003,i,0.7147239597101452,2.888421312170951,21.000923637236355,99.0,P48
596,2458873.0137210498,i,-3.9110920120729142,2.9720265756822184,20.969943267807608,99.0,P48
597,2458873.0137210498,i,-3.9110920120729142,2.9720265756822184,20.969943267807608,99.0,P48
598,2458873.984213,i,1.4871554792121067,2.6814386187502897,21.081655339392704,99.0,P48
599,2458875.8851852,i,-7.236446990178689,2.935015331657893,20.983549053619072,99.0,P48
600,2458875.8851852,i,-7.236446990178689,2.935015331657893,20.983549053619072,99.0,P48
601,2458876.97315975,i,-2.5695020983860406,1.6511422625808623,21.608113754833795,99.0,P48
602,2458876.97315975,i,-2.5695020983860406,1.6511422625808623,21.608113754833795,99.0,P48
603,2458877.9597859,i,-3.561095516682244,1.83820804873305,21.491588330752116,99.0,P48
604,2458877.9597859,i,-3.561095516682244,1.83820804873305,21.491588330752116,99.0,P48
605,2458878.9646296003,i,-3.4978228060054466,3.0306704826380444,20.948728191256052,99.0,P48
606,2458879.94871525,i,-2.2148350759703193,2.9907433436728708,20.963127127100922,99.0,P48
607,2458879.94871525,i,-2.2148350759703193,2.9907433436728708,20.963127127100922,99.0,P48
608,2458881.0541955996,i,-1.7910696292147479,1.879852783271518,21.467265389825542,99.0,P48
609,2458881.0541955996,i,-1.7910696292147479,1.879852783271518,21.467265389825542,99.0,P48
610,2458882.0647106003,i,-4.167217777105297,2.6233393035214996,21.105438824143256,99.0,P48
611,2458883.8959375,i,-1.9135176960544253,4.2434946324513,20.58326584621294,99.0,P48
612,2458884.9062904995,i,-3.8260019654612942,2.8787839555808525,21.004552305272938,99.0,P48
613,2458884.9062904995,i,-3.8260019654612942,2.8787839555808525,21.004552305272938,99.0,P48
614,2458885.9058796,i,-1.329246165408717,3.8064449641556126,20.701276101942707,99.0,P48
615,2458885.9058796,i,-1.329246165408717,3.8064449641556126,20.701276101942707,99.0,P48
616,2458886.9060185,i,-2.166991219455355,2.3312796550762513,21.233589055067256,99.0,P48
617,2458886.9060185,i,-2.166991219455355,2.3312796550762513,21.233589055067256,99.0,P48
618,2458888.9056134503,i,-3.4243093049604294,4.184985026705604,20.598340217942948,99.0,P48
619,2458888.9056134503,i,-3.4243093049604294,4.184985026705604,20.598340217942948,99.0,P48
620,2458890.8759201,i,-3.698149865326104,4.499070192510387,20.519768066936116,99.0,P48
621,2458890.8759201,i,-3.698149865326104,4.499070192510387,20.519768066936116,99.0,P48
622,2458893.9261111002,i,-1.0886752167353468,2.1713192371605237,21.3107657889477,99.0,P48
623,2458893.9261111002,i,-1.0886752167353468,2.1713192371605237,21.3107657889477,99.0,P48
624,2458894.9578356002,i,0.40969861958753,2.7161886389301806,21.06767516828906,99.0,P48
625,2458895.86502315,i,-2.672827684241605,1.7215348877832508,21.562785418336873,99.0,P48
626,2458895.86502315,i,-2.672827684241605,1.7215348877832508,21.562785418336873,99.0,P48
627,2458896.88643515,i,-0.7175995396939814,1.9218544589381514,21.443273749966686,99.0,P48
628,2458896.88643515,i,-0.7175995396939814,1.9218544589381514,21.443273749966686,99.0,P48
629,2458904.88984955,i,-2.258620804035914,1.7832202664790042,21.52456251090741,99.0,P48
630,2458904.88984955,i,-2.258620804035914,1.7832202664790042,21.52456251090741,99.0,P48
631,2458905.9129514,i,1.1202184790865786,4.583699254539211,20.499534701697726,99.0,P48
632,2458906.9280613502,i,-2.678287408626272,1.5319291421344252,21.689478294410165,99.0,P48
633,2458906.9280613502,i,-2.678287408626272,1.5319291421344252,21.689478294410165,99.0,P48
634,2458908.9188484,i,-0.602738334224059,1.77278561710248,21.530934440257475,99.0,P48
635,2458908.9188484,i,-0.602738334224059,1.77278561710248,21.530934440257475,99.0,P48
636,2458911.8446528004,i,-2.302987235721897,2.826957727573661,21.024276703184434,99.0,P48
637,2458911.8446528004,i,-2.302987235721897,2.826957727573661,21.024276703184434,99.0,P48
638,2458912.8688079,i,-2.303408617230986,2.0118938894251572,21.393562310193715,99.0,P48
639,2458912.8688079,i,-2.303408617230986,2.0118938894251572,21.393562310193715,99.0,P48
640,2458913.89846065,i,0.848029858329642,3.2934249561031996,20.858455558991658,99.0,P48
641,2458913.89846065,i,0.848029858329642,3.2934249561031996,20.858455558991658,99.0,P48
642,2458914.82340855,i,-0.5786377072918366,2.6749258111254197,21.084295635664642,99.0,P48
643,2458914.82340855,i,-0.5786377072918366,2.6749258111254197,21.084295635664642,99.0,P48
644,2458915.8353125,i,3.581089711266268,3.7146496296824822,20.7277803470621,99.0,P48
645,2458915.8353125,i,3.581089711266268,3.7146496296824822,20.7277803470621,99.0,P48
646,2458936.86609375,i,-4.202749770890564,1.836980493441436,21.492313627567622,99.0,P48
647,2458936.86609375,i,-4.202749770890564,1.836980493441436,21.492313627567622,99.0,P48
648,2458940.8065683004,i,-1.5234471520330517,7.437584378273762,19.97399522473497,99.0,P48
649,2458940.8065683004,i,-1.5234471520330517,7.437584378273762,19.97399522473497,99.0,P48
650,2458941.7959722,i,-1.5772335881925608,1.9544239056561998,21.42502807391612,99.0,P48
651,2458941.7959722,i,-1.5772335881925608,1.9544239056561998,21.42502807391612,99.0,P48
652,2458944.78274885,i,1.2417497871167238,3.1972546090622203,20.890631933898398,99.0,P48
653,2458944.78274885,i,1.2417497871167238,3.1972546090622203,20.890631933898398,99.0,P48
654,2458953.9666667003,i,-9.532953375619945,5.842019981043503,20.236167394093815,99.0,P48
655,2458954.83534725,i,0.7928702299305017,2.749830181322611,21.05431030330408,99.0,P48
656,2458954.83534725,i,0.7928702299305017,2.749830181322611,21.05431030330408,99.0,P48
657,2458955.8725058,i,0.4872261356557328,3.0750351206649325,20.932949788374145,99.0,P48
658,2458955.8725058,i,0.4872261356557328,3.0750351206649325,20.932949788374145,99.0,P48
659,2458964.7950116,i,-0.07948612821387414,3.883869471598289,20.679413424688185,99.0,P48
660,2458968.8458796,i,-0.15131737372765883,3.5815170807247854,20.767407422392616,99.0,P48
661,2458972.8459258997,i,7.052562454114646,7.248858498877268,20.001900933653204,99.0,P48
662,2458976.8873264,i,11.586389115622094,8.42683137822761,19.83841422983388,99.0,P48
663,2458980.8394097,i,-10.09184301197697,5.573406501401259,20.287273189487692,99.0,P48
664,2458987.7893287004,i,-2.0241611001931767,3.822533664274295,20.696696692049656,99.0,P48
665,2459011.7127082995,i,0.8380911680532231,4.162492935799595,20.604191215484136,99.0,P48
666,2459018.7755092997,i,0.3441139007584708,4.0428071366235,20.635867429974933,99.0,P48
667,2459023.7545255,i,-3.32967241122816,4.7178628215949745,20.468211716613084,99.0,P48
668,2459028.7934375,i,-3.9919288006864995,8.890039726896534,19.78031573489713,99.0,P48
669,2459033.7532407003,i,1.9750810701285433,6.362176065314829,20.143560780415868,99.0,P48
670,2459037.7761111,i,-1.9864947202599341,6.049923745428657,20.19820023730079,99.0,P48
671,2459041.6842592997,i,-6.848402085211889,3.9629118638368612,20.657538955104037,99.0,P48
672,2459045.6879051,i,-4.771272036801583,3.7548229768957913,20.71610132220734,99.0,P48
673,2459049.7476505,i,-6.15442162039495,3.990816059947686,20.649920711037062,99.0,P48
674,2459053.7562384,i,-2.948496526119151,4.524495098375441,20.513649684021715,99.0,P48
675,2459059.6920602,i,-0.4342037362165185,5.691524554092331,20.26450345465529,99.0,P48
676,2459063.6929051,i,7.62380320852939,8.149034211970017,19.874809636410017,99.0,P48
677,2459073.6536573996,i,-2.8357087487112507,8.06178808281753,19.886496544580346,99.0,P48
678,2459077.6707755,i,9.373262055633784,17.697197996164075,19.032813714658662,99.0,P48
679,2459081.6510532,i,-6.024256796234264,7.901010278873411,19.90836842217204,99.0,P48
680,2459085.6515741,i,4.246788748754108,10.526568294271623,19.59685795810235,99.0,P48
681,2459089.6670949,i,-17.861778665969847,12.077054793677759,19.447672397405213,99.0,P48
