,JD,Filter,Flux,eFlux,Mag,eMag,Telescope
0,2458281.8162000002,r,0.0,0.0,20.022,99.0,P48
1,2458281.98,o,0.0,0.0,20.2,99.0,ATLAS
2,2458282.672,i,0.0,0.0,19.5,99.0,P48
3,2458284.63,g,0.0,0.0,18.613,99.0,ASASSN
4,2458285.94,o,4.7863009232263804e-26,4.408493067354131e-27,14.7,0.1,ATLAS
5,2458286.695,i,6.792036326171857e-26,1.8767715739629334e-27,14.32,0.03,P48
6,2458287.65,g,2.0644292320739814e-25,9.50736498145888e-27,13.113,0.05,GROND
7,2458287.65,r,1.3158306550959165e-25,1.2119652344993242e-26,13.602,0.1,GROND
8,2458287.65,i,8.317637711026675e-26,7.661082905983858e-27,14.1,0.1,GROND
9,2458287.65,z,6.792036326171857e-26,3.1279526232715562e-27,14.32,0.05,GROND
10,2458287.65,J,4.7424198526024287e-26,3.057653031980934e-27,14.71,0.07,GROND
11,2458287.65,H,3.3113112148259077e-26,2.4399456312616064e-27,15.1,0.08,GROND
12,2458287.65,K,2.754228703338152e-26,2.5368229744295403e-27,15.3,0.1,GROND
13,2458287.7674,r,1.167347076492192e-25,3.2256067325012203e-27,13.732,0.03,P60
14,2458288.702,g,1.6398344276265377e-25,7.551968442601721e-27,13.363,0.05,GROND
15,2458288.702,r,9.981596274917204e-26,9.193696486061714e-27,13.902,0.1,GROND
16,2458288.702,i,6.309573444801943e-26,5.811525692918801e-27,14.4,0.1,GROND
17,2458288.702,z,4.9203953568145114e-26,2.2660013617088108e-27,14.67,0.05,GROND
18,2458288.702,J,3.4994516702835765e-26,2.2562551065658133e-27,15.04,0.07,GROND
19,2458288.702,H,2.4434305526939613e-26,1.575390427268834e-27,15.43,0.07,GROND
20,2458288.702,K,2.0892961308540408e-26,1.924377020221093e-27,15.6,0.1,GROND
21,2458288.7981,r,9.103323996799079e-26,2.5154252547109913e-27,14.001999999999999,0.03,P48
22,2458288.8405,r,9.272567425805907e-26,2.5621905017424443e-27,13.982,0.03,P60
23,2458288.9416,UVW1,1.6749428760264382e-25,7.713654213992991e-27,13.34,0.05,UVOT
24,2458288.9421,UVU,1.3551894123510295e-25,6.2410859922217435e-27,13.57,0.05,UVOT
25,2458288.9426,UVB,1.0471285480508985e-25,3.857892780882006e-27,13.85,0.04,UVOT
26,2458288.9442,UVW2,1.7538805018417603e-25,9.692625044718211e-27,13.29,0.06,UVOT
27,2458288.9448,UVV,8.629785477669702e-26,3.974295605447961e-27,14.06,0.05,UVOT
28,2458288.9464,UVM2,1.584893192461111e-25,7.298946267206e-27,13.4,0.05,UVOT
29,2458289.5227,u,9.375620069258831e-26,2.5906659489524262e-27,13.97,0.03,IOO
30,2458289.5234,g,1.0834278621501407e-25,2.9937216417522533e-27,13.812999999999999,0.03,IOO
31,2458289.5241,r,7.928663748785485e-26,2.1908438101092797e-27,14.152,0.03,IOO
32,2458289.5248,i,4.4463126746910835e-26,1.2286025627773094e-27,14.78,0.03,IOO
33,2458289.5255,z,3.597493351557431e-26,9.94057295263175e-28,15.01,0.03,IOO
34,2458289.6889,g,1.006468066438327e-25,2.7810667765634893e-27,13.892999999999999,0.03,KPED
35,2458289.6901,r,7.365462114702317e-26,2.713627011035209e-27,14.232,0.04,KPED
36,2458289.6904,r,7.712585649892137e-26,2.1311372340127484e-27,14.182,0.03,P60
37,2458289.6963,U,8.871560120379618e-26,8.171281311945857e-27,14.03,0.1,KPED
38,2458289.7108,r,7.641876239634653e-26,2.1115988504102382e-27,14.192,0.03,P60
39,2458289.7229,UVW1,1.3803842646028754e-25,3.814269866269343e-27,13.55,0.03,UVOT
40,2458289.7246,UVU,9.817479430199783e-26,4.521267122685725e-27,13.92,0.05,UVOT
41,2458289.7263,UVB,8.016780633876789e-26,2.953589622870697e-27,14.14,0.04,UVOT
42,2458289.7281,UVW2,1.3427649611378642e-25,3.710320423149666e-27,13.58,0.03,UVOT
43,2458289.7298,UVV,7.244359600749891e-26,2.6690097082987532e-27,14.25,0.04,UVOT
44,2458289.7331,UVM2,1.2823305826560125e-25,5.905547493119704e-27,13.63,0.05,UVOT
45,2458289.8493,r,8.002026771193295e-26,2.2111154382960194e-27,14.142,0.03,P60
46,2458290.1299,R,4.9203953568145114e-26,1.3596008170252862e-27,14.67,0.03,HFOSC
47,2458290.1336,I,3.6307805477010025e-26,1.003255194169937e-27,15.0,0.03,HFOSC
48,2458290.1365,V,6.486344335482402e-26,1.792302938790384e-27,14.37,0.03,HFOSC
49,2458290.1397,B,6.367955209079136e-26,1.7595897234261218e-27,14.39,0.03,HFOSC
50,2458290.1434,U,7.311390834834128e-26,2.0202793133003943e-27,14.24,0.03,HFOSC
51,2458290.4081,H,1.976969640111858e-26,5.462751147034699e-28,15.66,0.03,IOI
52,2458290.4131,z,3.162277660168379e-26,8.737987455563356e-28,15.15,0.03,IOO
53,2458290.4136,i,3.664375746478333e-26,1.0125382001874364e-27,14.99,0.03,IOO
54,2458290.4142,r,6.183010727517133e-26,1.708485970576715e-27,14.421999999999999,0.03,IOO
55,2458290.4147,g,7.634841051830958e-26,2.1096548913597563e-27,14.193,0.03,IOO
56,2458290.4154,u,6.854882264526592e-26,1.8941371275287626e-27,14.31,0.03,IOO
57,2458290.605,B,5.199959965335173e-26,1.436849948973521e-27,14.61,0.03,IOO
58,2458290.6061,V,5.495408738576226e-26,1.5184881841879594e-27,14.55,0.03,IOO
59,2458290.6071,r,5.796955946535226e-26,1.60181153537862e-27,14.491999999999999,0.03,IOO
60,2458290.6082,g,7.027486176561316e-26,1.9418309412990645e-27,14.283,0.03,IOO
61,2458290.6093,i,3.597493351557431e-26,9.94057295263175e-28,15.01,0.03,IOO
62,2458290.6338,B,5.546257129579105e-26,4.59761574709514e-27,14.54,0.09,ANDICAM
63,2458290.6395,I,3.404081897010009e-26,2.821841859914348e-27,15.07,0.09,ANDICAM
64,2458290.6451,H,1.80301774085957e-26,4.982088258799584e-28,15.76,0.03,ANDICAM
65,2458290.6453,R,4.487453899331295e-26,3.719912046972612e-27,14.77,0.09,ANDICAM
66,2458290.6508,J,2.290867652767789e-26,6.3301123314943045e-28,15.5,0.03,ANDICAM
67,2458290.651,V,5.345643593969736e-26,3.44657871951627e-27,14.58,0.07,ANDICAM
68,2458290.6958,r,5.69114957628839e-26,1.5725751799636334e-27,14.512,0.03,P60
69,2458290.7162,r,5.69114957628839e-26,2.6209586332727227e-27,14.512,0.05,KPED
70,2458290.7189,g,6.649668571246769e-26,3.674865195494208e-27,14.343,0.06,KPED
71,2458290.719,R,4.487453899331295e-26,1.6532942430989386e-27,14.77,0.04,MLO
72,2458290.7243,U,6.137620051647945e-26,3.957201838586683e-27,14.43,0.07,MLO
73,2458290.7267,U,5.970352865838366e-26,3.2994489449231086e-27,14.46,0.06,KPED
74,2458290.7271,B,5.105049999754044e-26,2.3510408030551918e-27,14.63,0.05,MLO
75,2458290.7304,V,5.395106225151268e-26,2.4846210855444725e-27,14.57,0.05,MLO
76,2458290.7335,I,3.3113112148259077e-26,1.2199728156308032e-27,15.1,0.04,MLO
77,2458290.7922,g,6.23447661105009e-26,4.019649652514565e-27,14.412999999999998,0.07,KPED
78,2458290.7942,r,5.286886658508791e-26,1.947825977160833e-27,14.591999999999999,0.04,KPED
79,2458290.9,J,1.9054607179632523e-26,5.265158104347201e-28,15.7,0.03,P200
80,2458290.9,Ks,1.3551894123510295e-26,3.7446515953330463e-28,16.07,0.03,P200
81,2458290.9893,UVM2,6.668067692136246e-26,3.0708610537608207e-27,14.34,0.05,UVOT
82,2458291.0041,UVW2,7.447319739059888e-26,4.1156782199833585e-27,14.22,0.06,UVOT
83,2458291.1549,R,3.4355794789987287e-26,9.493173470568467e-28,15.06,0.03,HFOSC
84,2458291.1579,I,2.679168324819037e-26,7.403062516769927e-28,15.33,0.03,HFOSC
85,2458291.1613,V,4.3251383103500793e-26,1.1951197320668912e-27,14.81,0.03,HFOSC
86,2458291.1652,B,4.0550853544838104e-26,1.1204988545133489e-27,14.88,0.03,HFOSC
87,2458291.1697,U,5.105049999754044e-26,1.410624481833115e-27,14.63,0.03,HFOSC
88,2458291.1932,UVW1,7.726805850956989e-26,2.1350665517980072e-27,14.18,0.03,UVOT
89,2458291.195,UVU,5.649369748123011e-26,2.6017176697628307e-27,14.52,0.05,UVOT
90,2458291.1967,UVB,4.017908108489392e-26,1.4803014123567806e-27,14.89,0.04,UVOT
91,2458291.1984,UVW2,6.982324040771733e-26,1.9293517658943717e-27,14.29,0.03,UVOT
92,2458291.2001,UVV,4.0550853544838104e-26,1.8674980908555817e-27,14.88,0.05,UVOT
93,2458291.2609,r,3.93731353700849e-26,5.439781067986307e-27,14.911999999999999,0.15,SLT
94,2458291.2613,i,2.754228703338152e-26,3.0441875693154478e-27,15.3,0.12,SLT
95,2458291.2618,V,3.9810717055349856e-26,1.1000474455747402e-27,14.9,0.03,SLT
96,2458291.3954,H,1.180320635651737e-26,3.26145519660607e-28,16.22,0.03,IOI
97,2458291.4013,z,2.333458062281014e-26,6.447797906275252e-28,15.48,0.03,IOO
98,2458291.4018,i,2.7289777828080407e-26,7.54069572480807e-28,15.31,0.03,IOO
99,2458291.4024,r,4.161021885174541e-26,1.1497711757873832e-27,14.852,0.03,IOO
100,2458291.4029,g,4.9980431357823755e-26,1.38105640668206e-27,14.652999999999999,0.03,IOO
101,2458291.4036,u,4.9659232145033374e-26,1.3721810484949812e-27,14.66,0.03,IOO
102,2458291.5128,B,3.564511334262439e-26,9.849437232004528e-28,15.02,0.03,IOO
103,2458291.5133,V,3.698281797802674e-26,1.021907100802065e-27,14.98,0.03,IOO
104,2458291.5139,r,3.973745050614629e-26,1.0980229484981012e-27,14.902,0.03,IOO
105,2458291.5145,g,4.7730941392875417e-26,1.3188986292587844e-27,14.703,0.03,IOO
106,2458291.5151,i,2.630267991895371e-26,7.26794139788718e-28,15.35,0.03,IOO
107,2458291.6422,B,3.564511334262439e-26,1.6415728720007545e-27,15.02,0.05,ANDICAM
108,2458291.6479,I,2.511886431509572e-26,1.8508880401654763e-27,15.4,0.08,ANDICAM
109,2458291.6535,H,1.0665961212302546e-26,5.894424543963826e-28,16.33,0.06,ANDICAM
110,2458291.6537,R,3.047894989627996e-26,1.9651160474713062e-27,15.19,0.07,ANDICAM
111,2458291.6592,J,1.3551894123510295e-26,3.7446515953330463e-28,16.07,0.03,ANDICAM
112,2458291.6594,V,3.4673685045253097e-26,2.235569635412837e-27,15.05,0.07,ANDICAM
113,2458291.6742,g,4.353113592296377e-26,2.4056996917913107e-27,14.802999999999999,0.06,KPED
114,2458291.6749,r,3.725632384666016e-26,1.715774332074245e-27,14.972,0.05,KPED
115,2458291.6809,U,4.24619563946313e-26,3.519919015857803e-27,14.83,0.09,KPED
116,2458291.6955,R,3.047894989627996e-26,1.4036543196223614e-27,15.19,0.05,MLO
117,2458291.7016,U,4.4463126746910835e-26,1.2286025627773094e-27,14.78,0.03,MLO
118,2458291.7084,B,3.6307805477010025e-26,2.006510388339874e-27,15.0,0.06,MLO
119,2458291.7159,V,3.664375746478333e-26,1.0125382001874364e-27,14.99,0.03,MLO
120,2458291.7226,I,2.376840286624864e-26,6.567671419245271e-28,15.46,0.03,MLO
121,2458291.7231,r,3.865449465982832e-26,1.0680987747949244e-27,14.932,0.03,P60
122,2458291.7738,r,3.760105236684979e-26,1.3853201572017974e-27,14.962,0.04,P48
123,2458292.0574,UVW1,5.861381645140297e-26,2.699356012314772e-27,14.48,0.05,UVOT
124,2458292.1946,UVU,4.4463126746910835e-26,2.0476709379621826e-27,14.78,0.05,UVOT
125,2458292.1963,UVB,3.047894989627996e-26,1.1229234556978891e-27,15.19,0.04,UVOT
126,2458292.1981,UVW2,5.199959965335173e-26,1.436849948973521e-27,14.61,0.03,UVOT
127,2458292.1998,UVV,2.937649651961531e-26,1.3528827723871838e-27,15.23,0.05,UVOT
128,2458292.205,UVM2,4.9659232145033374e-26,2.2869684141583022e-27,14.66,0.05,UVOT
129,2458292.4193,H,9.72747223776964e-27,2.6878895379302676e-28,16.43,0.03,IOI
130,2458292.4243,z,1.976969640111858e-26,5.462751147034699e-28,15.66,0.03,IOO
131,2458292.4253000002,i,2.2698648518838306e-26,6.272077512804173e-28,15.51,0.03,IOO
132,2458292.4264,r,3.215140824832699e-26,8.884058648335724e-28,15.132,0.03,IOO
133,2458292.4275,g,3.9336888067320143e-26,1.0869546302105593e-27,14.912999999999998,0.03,IOO
134,2458292.4287,u,3.8370724549227847e-26,1.0602576554083404e-27,14.94,0.03,IOO
135,2458292.5204,B,2.937649651961531e-26,8.117296634323103e-28,15.23,0.03,IOO
136,2458292.521,V,2.937649651961531e-26,8.117296634323103e-28,15.23,0.03,IOO
137,2458292.5216,r,3.127519311407986e-26,8.641943386040303e-28,15.161999999999999,0.03,IOO
138,2458292.5222,g,3.8618908944899e-26,1.0671154723652664e-27,14.933,0.03,IOO
139,2458292.5228,i,2.1877616239495338e-26,6.0452103452598325e-28,15.55,0.03,IOO
140,2458292.5809,UVU,4.0550853544838104e-26,1.8674980908555817e-27,14.88,0.05,UVOT
141,2458292.5926,UVW2,4.6989410860521607e-26,3.029620300484952e-27,14.72,0.07,UVOT
142,2458292.644,B,3.019951720402019e-26,1.668942647362265e-27,15.2,0.06,ANDICAM
143,2458292.6497,I,2.0701413487910202e-26,1.334713957956815e-27,15.61,0.07,ANDICAM
144,2458292.6555,R,2.290867652767789e-26,1.2660224662988609e-27,15.5,0.06,ANDICAM
145,2458292.6568,J,1.1168632477805658e-26,3.086110107158236e-28,16.28,0.03,ANDICAM
146,2458292.6612,V,2.8575905433749434e-26,1.842418145309441e-27,15.26,0.07,ANDICAM
147,2458292.6668,H,8.394599865193964e-27,3.8659850166684923e-28,16.59,0.05,ANDICAM
148,2458292.6807,r,2.986757755033496e-26,8.252991862485483e-28,15.212,0.03,P60
149,2458292.6866,g,3.8618908944899e-26,1.4228206298203554e-27,14.933,0.04,KPED
150,2458292.6866,r,3.042285727480961e-26,8.4064264368084e-28,15.192,0.03,KPED
151,2458292.6962,U,3.5318316979195555e-26,9.759137048686253e-28,15.03,0.03,KPED
152,2458292.7472,i,2.1086281499332972e-26,5.826549184673382e-28,15.59,0.03,RATIR
153,2458292.7473,g,3.654264677506518e-26,1.009744315420425e-27,14.992999999999999,0.03,RATIR
154,2458292.7477,r,2.986757755033496e-26,8.252991862485483e-28,15.212,0.03,RATIR
155,2458292.7497,I,1.9230917289101537e-26,1.0627752024924861e-27,15.69,0.06,MLO
156,2458292.7498,u,3.3728730865886785e-26,9.319903527462498e-28,15.08,0.03,RATIR
157,2458292.7565,R,2.31206479017558e-26,1.0647806899583585e-27,15.49,0.05,MLO
158,2458292.7634,V,2.805433637951716e-26,7.751958104315323e-28,15.28,0.03,MLO
159,2458292.7702,B,2.937649651961531e-26,8.117296634323103e-28,15.23,0.03,MLO
160,2458292.7769,U,3.7670379898390933e-26,3.469685907561106e-27,14.96,0.1,MLO
161,2458292.7795,UVW1,4.487453899331295e-26,1.2399706823242041e-27,14.77,0.03,UVOT
162,2458292.7812,UVU,3.9084089579240093e-26,1.799948861528972e-27,14.92,0.05,UVOT
163,2458292.7829,UVB,2.654605561975536e-26,1.2225318052756452e-27,15.34,0.05,UVOT
164,2458292.7864,UVV,2.5822601906345906e-26,1.4270573034731087e-27,15.37,0.06,UVOT
165,2458292.792,UVM2,3.564511334262439e-26,1.6415728720007545e-27,15.02,0.05,UVOT
166,2458292.8452,i,2.0892961308540408e-26,5.773131060663279e-28,15.6,0.03,RATIR
167,2458292.8457,r,2.932243282303103e-26,8.10235778475574e-28,15.232,0.03,RATIR
168,2458292.8556,u,3.3113112148259077e-26,9.149796117231023e-28,15.1,0.03,RATIR
169,2458292.8556,g,3.6207621775667145e-26,1.0004869238924326e-27,15.002999999999998,0.03,RATIR
170,2458292.9257,u,3.3728730865886785e-26,9.319903527462498e-28,15.08,0.03,RATIR
171,2458293.4388,H,8.550667128846806e-27,2.362715426594862e-28,16.57,0.03,IOI
172,2458293.4438,z,1.7378008287493692e-26,4.801881262087232e-28,15.8,0.03,IOO
173,2458293.4448,i,1.9408858775927792e-26,5.363044701831387e-28,15.68,0.03,IOO
174,2458293.4459,r,2.6742376570889865e-26,7.389438124036988e-28,15.331999999999999,0.03,IOO
175,2458293.447,g,3.302174352670757e-26,9.124549192237515e-28,15.103,0.03,IOO
176,2458293.4482,u,3.076096814740705e-26,8.499853038797194e-28,15.18,0.03,IOO
177,2458293.5538,B,2.511886431509572e-26,6.940830150620535e-28,15.4,0.03,IOO
178,2458293.5544,V,2.4210290467361602e-26,6.689773547212378e-28,15.44,0.03,IOO
179,2458293.5549,r,2.649720098878972e-26,7.32169134810437e-28,15.341999999999999,0.03,IOO
180,2458293.5555,g,3.271899836231799e-26,9.040894822414476e-28,15.113,0.03,IOO
181,2458293.5561,i,1.9054607179632523e-26,5.265158104347201e-28,15.7,0.03,IOO
182,2458293.6808,r,2.6742376570889865e-26,7.389438124036988e-28,15.331999999999999,0.03,P60
183,2458293.6899,I,1.7218685749860096e-26,4.757857350058053e-28,15.81,0.03,MLO
184,2458293.6899,U,3.162277660168379e-26,8.737987455563356e-28,15.15,0.03,MLO
185,2458293.6915,B,2.4434305526939613e-26,1.1252788766205956e-27,15.43,0.05,MLO
186,2458293.6917,V,2.31206479017558e-26,1.2777368279500302e-27,15.49,0.06,MLO
187,2458293.6996,R,2.0137242498623647e-26,9.273852122420396e-28,15.64,0.05,MLO
188,2458293.7117,r,2.5538771357793196e-26,7.056858623319478e-28,15.382,0.03,P60
189,2458293.744,r,2.484276893696798e-26,6.864539634420552e-28,15.411999999999999,0.03,P60
190,2458293.7461,g,3.095993213309174e-26,8.554830652968149e-28,15.173,0.03,P60
191,2458293.7481,i,1.9230917289101537e-26,5.3138760124624305e-28,15.69,0.03,P60
192,2458293.7498,r,2.5072636247771216e-26,6.928056437626751e-28,15.402,0.03,RATIR
193,2458293.7519,u,2.7797132677592825e-26,7.680887725225979e-28,15.29,0.03,RATIR
194,2458293.7523,u,2.754228703338152e-26,1.0147291897718159e-27,15.3,0.04,P60
195,2458293.7696,i,1.8365383433483435e-26,5.0747121949387765e-28,15.74,0.03,RATIR
196,2458293.7697,g,3.124640085806121e-26,8.633987526405418e-28,15.162999999999998,0.03,RATIR
197,2458293.8617,r,2.461500906233754e-26,6.801605156766382e-28,15.421999999999999,0.03,RATIR
198,2458293.8711,u,2.679168324819037e-26,1.9741500044719805e-27,15.33,0.08,RATIR
199,2458293.8782,i,1.8535316234148142e-26,5.121667928750522e-28,15.73,0.03,RATIR
200,2458294.1751,UVW2,2.9648313895243515e-26,1.6384810110662344e-27,15.22,0.06,UVOT
201,2458294.2243,R,1.8365383433483435e-26,5.0747121949387765e-28,15.74,0.03,HFOSC
202,2458294.227,I,1.674942876026438e-26,4.628192528395794e-28,15.84,0.03,HFOSC
203,2458294.2301,V,2.1281390459826916e-26,5.880461580499285e-28,15.58,0.03,HFOSC
204,2458294.2348,B,2.208004733018906e-26,6.101145987894185e-28,15.54,0.03,HFOSC
205,2458294.2421,U,2.703958364108835e-26,7.471562210856132e-28,15.32,0.03,HFOSC
206,2458294.3105,UVW1,3.104559588128337e-26,1.4297502017722835e-27,15.17,0.05,UVOT
207,2458294.3125,UVU,2.654605561975536e-26,1.2225318052756452e-27,15.34,0.05,UVOT
208,2458294.3138,UVB,1.995262314968883e-26,9.188828935105844e-28,15.65,0.05,UVOT
209,2458294.3141,UVW2,2.754228703338152e-26,2.0294583795436317e-27,15.3,0.08,UVOT
210,2458294.4202,H,8.550667128846806e-27,2.362715426594862e-28,16.57,0.03,IOI
211,2458294.425,z,1.5417004529495553e-26,4.260017830753123e-28,15.93,0.03,IOO
212,2458294.4261,i,1.674942876026438e-26,4.628192528395794e-28,15.84,0.03,IOO
213,2458294.4272,r,2.2449155075695827e-26,6.203137627990004e-28,15.522,0.03,IOO
214,2458294.4283,g,2.7214477464543833e-26,7.519888771634106e-28,15.312999999999999,0.03,IOO
215,2458294.4295,u,2.535128630497907e-26,7.005052861281864e-28,15.39,0.03,IOO
216,2458294.4304,V,2.032357010936221e-26,5.615797211760765e-28,15.63,0.03,IOO
217,2458294.6301,B,2.0892961308540408e-26,1.924377020221093e-27,15.6,0.1,ANDICAM
218,2458294.6411,I,1.6443717232149222e-26,7.572864157755006e-28,15.86,0.05,ANDICAM
219,2458294.652,R,1.80301774085957e-26,9.964176517599168e-28,15.76,0.06,ANDICAM
220,2458294.6625,J,1.0665961212302546e-26,2.947212271981913e-28,16.33,0.03,ANDICAM
221,2458294.663,V,1.870682140365794e-26,5.169058138617833e-28,15.72,0.03,ANDICAM
222,2458294.668,g,2.5515260109096518e-26,7.05036200859257e-28,15.383,0.03,KPED
223,2458294.6727,r,2.14387766597352e-26,5.9239504448011045e-28,15.572,0.03,KPED
224,2458294.6806,U,2.4660393372343563e-26,1.3628291446445735e-27,15.42,0.06,KPED
225,2458294.6809,r,2.2866516029195092e-26,6.318462566785047e-28,15.501999999999999,0.03,P60
226,2458294.7022,R,1.7218685749860096e-26,6.343809800077404e-28,15.81,0.04,MLO
227,2458294.7042,i,1.599558028614658e-26,4.419889551297755e-28,15.89,0.03,RATIR
228,2458294.7042,g,2.5515260109096518e-26,7.05036200859257e-28,15.383,0.03,RATIR
229,2458294.7046,r,2.14387766597352e-26,5.9239504448011045e-28,15.572,0.03,RATIR
230,2458294.7072,u,2.333458062281014e-26,1.0746329843792087e-27,15.48,0.05,RATIR
231,2458294.7104,V,1.9054607179632523e-26,7.020210805796269e-28,15.7,0.04,MLO
232,2458294.7132,r,2.124222477388686e-26,5.869639340670588e-28,15.581999999999999,0.03,P60
233,2458294.7153,g,2.5049554127725625e-26,9.228904532642765e-28,15.402999999999999,0.04,P60
234,2458294.7174,i,1.599558028614658e-26,4.419889551297755e-28,15.89,0.03,P60
235,2458294.7215,u,2.333458062281014e-26,1.2895595812550505e-27,15.48,0.06,P60
236,2458294.7318,B,1.995262314968883e-26,9.188828935105844e-28,15.65,0.05,MLO
237,2458294.7411,I,1.4859356422869968e-26,5.474571768580627e-28,15.97,0.04,MLO
238,2458294.8078,r,2.066331517564469e-26,5.709675373209364e-28,15.612,0.03,P48
239,2458295.1006,UVW2,1.7378008287493692e-26,1.9207525048348927e-27,15.8,0.12,UVOT
240,2458295.1096,UVW1,2.208004733018906e-26,1.016857664649031e-27,15.54,0.05,UVOT
241,2458295.1112,UVU,2.167704104819705e-26,9.982979206132932e-28,15.56,0.05,UVOT
242,2458295.1123,UVB,1.6443717232149222e-26,7.572864157755006e-28,15.86,0.05,UVOT
243,2458295.115,UVM2,1.976969640111858e-26,2.0030087539127232e-27,15.66,0.11,UVOT
244,2458295.1177,UVV,1.527566058238064e-26,9.848910755886936e-28,15.94,0.07,UVOT
245,2458295.1366,R,1.4588142602753414e-26,4.030987179539489e-28,15.99,0.03,HFOSC
246,2458295.1394,I,1.3931568029452978e-26,3.849562870807675e-28,16.04,0.03,HFOSC
247,2458295.1422,V,1.6904409316432564e-26,4.671016666601979e-28,15.83,0.03,HFOSC
248,2458295.1455,B,1.80301774085957e-26,4.982088258799584e-28,15.76,0.03,HFOSC
249,2458295.1498,U,2.0701413487910202e-26,5.720202676957779e-28,15.61,0.03,HFOSC
250,2458295.3944,H,6.486344335482402e-27,1.7923029387903842e-28,16.87,0.03,IOI
251,2458295.4011,i,1.3304544179780982e-26,3.676304001044758e-28,16.09,0.03,IOO
252,2458295.4021,r,1.7668512984538788e-26,4.882153353008783e-28,15.782,0.03,IOO
253,2458295.4032,g,2.141903990722123e-26,5.918496796690032e-28,15.572999999999999,0.03,IOO
254,2458295.4044,u,1.9408858775927792e-26,1.2513770970939904e-27,15.68,0.07,IOO
255,2458295.4053,V,1.555965631605075e-26,4.299435290425739e-28,15.92,0.03,IOO
256,2458295.6518,g,2.008167804183992e-26,5.5489577346891175e-28,15.642999999999999,0.03,KPED
257,2458295.6535,r,1.626297521013402e-26,4.4937759630102285e-28,15.872,0.03,KPED
258,2458295.6599,U,1.9230917289101537e-26,8.856460020770717e-28,15.69,0.05,KPED
259,2458295.6977,i,1.2589254117941713e-26,3.478655462266292e-28,16.15,0.03,RATIR
260,2458295.6978,g,1.989756811090657e-26,5.498084584389767e-28,15.652999999999999,0.03,RATIR
261,2458295.6982,r,1.626297521013402e-26,4.4937759630102285e-28,15.872,0.03,RATIR
262,2458295.7003,u,1.8879913490962927e-26,6.955849126264318e-28,15.71,0.04,RATIR
263,2458295.7131,R,1.3304544179780982e-26,4.901738668059678e-28,16.09,0.04,MLO
264,2458295.7162,I,1.180320635651737e-26,4.348606928808095e-28,16.22,0.04,MLO
265,2458295.7193,U,1.9408858775927792e-26,5.363044701831387e-28,15.68,0.03,MLO
266,2458295.7224,B,1.599558028614658e-26,4.419889551297755e-28,15.89,0.03,MLO
267,2458295.7248,V,1.499684835502368e-26,5.525227357473954e-28,15.96,0.04,MLO
268,2458296.0787,UVW1,1.976969640111858e-26,1.0925502294069398e-27,15.66,0.06,UVOT
269,2458296.1022,UVW2,1.599558028614658e-26,1.767955820519102e-27,15.89,0.12,UVOT
270,2458296.1128000002,UVU,1.9054607179632523e-26,1.0530316208694402e-27,15.7,0.06,UVOT
271,2458296.1134,UVB,1.6595869074375562e-26,9.171522008497132e-28,15.85,0.06,UVOT
272,2458296.1164,UVV,1.2823305826560126e-26,1.1811094986239408e-27,16.13,0.1,UVOT
273,2458296.1177,UVM2,1.8879913490962927e-26,1.0433773689396476e-27,15.71,0.06,UVOT
274,2458296.4091,H,5.915616341754767e-27,1.6345997075862852e-28,16.97,0.03,IOI
275,2458296.4141,z,1.076465213629835e-26,2.9744824913783776e-28,16.32,0.03,IOO
276,2458296.4152,i,1.1271974561755094e-26,3.11466553239986e-28,16.27,0.03,IOO
277,2458296.4163,r,1.483200967181871e-26,4.098372387902379e-28,15.972000000000001,0.03,IOO
278,2458296.4173,g,1.814679779396932e-26,5.014312736659109e-28,15.752999999999998,0.03,IOO
279,2458296.4185,u,1.6292960326397216e-26,4.502061433102297e-28,15.87,0.03,IOO
280,2458296.4195,V,1.3427649611378532e-26,3.7103204231496353e-28,16.08,0.03,IOO
281,2458296.6643,g,1.717117443244453e-26,4.744729050136647e-28,15.813,0.03,KPED
282,2458296.666,r,1.3778438433514496e-26,3.8072501888683323e-28,16.052,0.03,KPED
283,2458296.6735,U,1.599558028614658e-26,4.419889551297755e-28,15.89,0.03,KPED
284,2458296.7188,r,1.352695359013038e-26,3.73776004148394e-28,16.072,0.03,RATIR
285,2458296.7207,u,1.584893192461111e-26,4.3793677603236e-28,15.9,0.03,RATIR
286,2458296.73,g,1.717117443244453e-26,4.744729050136647e-28,15.813,0.03,RATIR
287,2458296.7301,i,1.0665961212302546e-26,2.947212271981913e-28,16.33,0.03,RATIR
288,2458296.86,U,1.6292960326397216e-26,1.3506184299306891e-27,15.87,0.09,MLO
289,2458296.8625,B,1.4060475241299242e-26,9.065425687491451e-28,16.03,0.07,MLO
290,2458296.865,V,1.2359474334444968e-26,3.4151628445551165e-28,16.17,0.03,MLO
291,2458296.8674,R,1.1066237839776676e-26,3.0578164796288132e-28,16.29,0.03,MLO
292,2458296.8698,I,1.0185913880541149e-26,4.690943115290204e-28,16.38,0.05,MLO
293,2458297.0382,UVU,1.6143585568264803e-26,7.43464380964576e-28,15.88,0.05,UVOT
294,2458297.0509,UVW2,1.3551894123510295e-26,9.98573758755479e-28,16.07,0.08,UVOT
295,2458297.1646,B,1.3182567385563994e-26,6.070999072287001e-28,16.1,0.05,LOT
296,2458297.1677,V,1.2133888504649662e-26,4.470438796960362e-28,16.19,0.04,LOT
297,2458297.1742,UVU,1.6292960326397216e-26,7.503435721837162e-28,15.87,0.05,UVOT
298,2458297.1755,UVW1,1.599558028614658e-26,7.3664825854962595e-28,15.89,0.05,UVOT
299,2458297.1779,UVB,1.3304544179780982e-26,6.127173335074598e-28,16.09,0.05,UVOT
300,2458297.1803,UVW2,1.202264434617418e-26,7.751543743503662e-28,16.2,0.07,UVOT
301,2458297.1816,g,1.67032122581504e-26,7.692370018490559e-28,15.842999999999998,0.05,LOT
302,2458297.1827,UVV,1.180320635651737e-26,8.69721385761619e-28,16.22,0.08,UVOT
303,2458297.184,r,1.3037670471382075e-26,3.602561611324143e-28,16.112,0.03,LOT
304,2458297.1846,UVM2,1.4588142602753414e-26,8.061974359078978e-28,15.99,0.06,UVOT
305,2458297.1865,i,1.0185913880541149e-26,2.814565869174122e-28,16.38,0.03,LOT
306,2458297.2134,I,9.817479430199784e-27,2.712760273611435e-28,16.42,0.03,HFOSC
307,2458297.2323,V,1.1912420080273763e-26,3.2916330699844604e-28,16.21,0.03,HFOSC
308,2458297.2364,B,1.3427649611378532e-26,3.7103204231496353e-28,16.08,0.03,HFOSC
309,2458297.2452,U,1.570362804333545e-26,4.3392174753621025e-28,15.91,0.03,HFOSC
310,2458297.3916,H,5.970352865838366e-27,1.6497244724615544e-28,16.96,0.03,IOI
311,2458297.3968,z,9.72747223776964e-27,2.6878895379302676e-28,16.43,0.03,IOO
312,2458297.3979,i,1e-26,2.763194252555954e-28,16.4,0.03,IOO
313,2458297.399,r,1.2918140390030467e-26,3.569533127944312e-28,16.122,0.03,IOO
314,2458297.4001,g,1.639834427626551e-26,4.531181065561069e-28,15.862999999999998,0.03,IOO
315,2458297.4013,u,1.4588142602753414e-26,4.030987179539489e-28,15.99,0.03,IOO
316,2458297.4022,V,1.1694993910198748e-26,3.231553995633807e-28,16.23,0.03,IOO
317,2458297.4028,B,1.3182567385563994e-26,3.6425994433722e-28,16.1,0.03,IOO
318,2458297.7033,I,9.289663867799362e-27,3.422552774357322e-28,16.48,0.04,MLO
319,2458297.7064,U,1.5417004529495553e-26,4.260017830753123e-28,15.93,0.03,MLO
320,2458297.7096,B,1.3061708881318297e-26,3.609203890941778e-28,16.11,0.03,MLO
321,2458297.712,V,1.1587773561551263e-26,3.201926930519829e-28,16.24,0.03,MLO
322,2458297.7143,R,9.908319448927645e-27,3.650481513835367e-28,16.41,0.04,MLO
323,2458297.744,r,1.2918140390030467e-26,3.569533127944312e-28,16.122,0.03,P60
324,2458297.7764,r,1.2682357755555815e-26,3.504381805901026e-28,16.142,0.03,P60
325,2458297.7785,g,1.4818355175164186e-26,4.094599385234646e-28,15.973,0.03,P60
326,2458297.7805,i,9.375620069258831e-27,2.5906659489524262e-28,16.47,0.03,P60
327,2458297.7847,u,1.3931568029452978e-26,1.0265500988820467e-27,16.04,0.08,P60
328,2458297.7934,r,1.2450878639160493e-26,4.587226172666663e-28,16.162,0.04,P48
329,2458298.0386,UVW2,1.0964781961431828e-26,7.069491915816781e-28,16.3,0.07,UVOT
330,2458298.1294,B,1.2359474334444968e-26,5.6919380742585285e-28,16.17,0.05,LOT
331,2458298.1325,V,1.1168632477805658e-26,3.086110107158236e-28,16.28,0.03,LOT
332,2458298.1351,g,1.5233510631495574e-26,7.015524837199766e-28,15.943,0.05,LOT
333,2458298.1375,r,1.1673470764922016e-26,3.225606732501247e-28,16.232,0.03,LOT
334,2458298.1401,i,9.204495717531684e-27,2.5433809664359443e-28,16.49,0.03,LOT
335,2458298.2977,UVW2,1.1481536214968887e-26,7.402666805266852e-28,16.25,0.07,UVOT
336,2458298.3871999998,H,5.3456435939696916e-27,1.4771051655069607e-28,17.08,0.03,IOI
337,2458298.3918,z,8.9536476554959e-27,2.474066774107737e-28,16.52,0.03,IOO
338,2458298.3924,i,9.120108393559115e-27,2.5200631095769864e-28,16.5,0.03,IOO
339,2458298.3931,r,1.1781484060029188e-26,3.255452904125224e-28,16.222,0.03,IOO
340,2458298.3937,g,1.5233510631495574e-26,4.209314902319859e-28,15.943,0.03,IOO
341,2458298.3946,u,1.3551894123510295e-26,6.241085992221744e-28,16.07,0.05,IOO
342,2458298.3956,V,1.0665961212302546e-26,2.947212271981913e-28,16.33,0.03,IOO
343,2458298.3962,B,1.202264434617418e-26,3.322090175787283e-28,16.2,0.03,IOO
344,2458298.664,i,8.871560120379618e-27,2.451384393583757e-28,16.53,0.03,RATIR
345,2458298.6642,g,1.4682499678319932e-26,4.057059872428828e-28,15.982999999999999,0.03,RATIR
346,2458298.6646,r,1.1673470764922016e-26,3.225606732501247e-28,16.232,0.03,RATIR
347,2458298.6666,u,1.2246161992650514e-26,3.383852443396107e-28,16.18,0.03,RATIR
348,2458298.6934,UVM2,1.180320635651737e-26,6.52291039321214e-28,16.22,0.06,UVOT
349,2458298.7064,UVW2,1.1168632477805658e-26,8.229626952421962e-28,16.28,0.08,UVOT
350,2458298.8932,UVW1,1.3551894123510295e-26,6.241085992221744e-28,16.07,0.05,UVOT
351,2458298.8953,UVU,1.4588142602753414e-26,6.718311965899149e-28,15.99,0.05,UVOT
352,2458298.8967,UVB,1.202264434617418e-26,5.536816959645473e-28,16.2,0.05,UVOT
353,2458298.9001,UVW2,1.0471285480508986e-26,6.751312366543511e-28,16.35,0.07,UVOT
354,2458298.9011,UVM2,1.0665961212302546e-26,5.894424543963826e-28,16.33,0.06,UVOT
355,2458298.9035,UVV,9.638290236239665e-27,7.101991516064964e-28,16.44,0.08,UVOT
356,2458299.1297,B,1.180320635651737e-26,3.26145519660607e-28,16.22,0.03,SLT
357,2458299.1327,V,1.0185913880541149e-26,2.814565869174122e-28,16.38,0.03,SLT
358,2458299.135,R,9.908319448927645e-27,2.737861135376525e-28,16.41,0.03,SLT
359,2458299.1374,r,1.0944602678150819e-26,3.024206321677485e-28,16.302,0.03,SLT
360,2458299.1397,i,8.472274141405911e-27,2.3410539213611248e-28,16.58,0.03,SLT
361,2458299.272,R,8.709635899560761e-27,2.40664158595213e-28,16.55,0.03,HFOSC
362,2458299.2778,I,8.394599865193964e-27,2.319591010001095e-28,16.59,0.03,HFOSC
363,2458299.2839,V,9.908319448927645e-27,2.737861135376525e-28,16.41,0.03,HFOSC
364,2458299.2885,B,1.1271974561755094e-26,3.11466553239986e-28,16.27,0.03,HFOSC
365,2458299.2939,U,1.3551894123510295e-26,3.7446515953330463e-28,16.07,0.03,HFOSC
366,2458299.3973,H,4.965923214503337e-27,1.372181048494981e-28,17.16,0.03,IOI
367,2458299.4022,z,8.165823713585906e-27,2.2563757152765696e-28,16.62,0.03,IOO
368,2458299.4028,i,8.394599865193964e-27,2.319591010001095e-28,16.59,0.03,IOO
369,2458299.4034,r,1.07448411664456e-26,2.9690083355749095e-28,16.322,0.03,IOO
370,2458299.404,g,1.4151419329314187e-26,3.91031205562702e-28,16.023,0.03,IOO
371,2458299.405,u,1.2589254117941713e-26,4.638207283021723e-28,16.15,0.04,IOO
372,2458299.4059,V,9.817479430199784e-27,2.712760273611435e-28,16.42,0.03,IOO
373,2458299.4066,B,1.1271974561755094e-26,3.11466553239986e-28,16.27,0.03,IOO
374,2458299.6624,g,1.3765753865094043e-26,6.339575327021296e-28,16.053,0.05,KPED
375,2458299.664,r,1.0452014414584394e-26,3.8507928210682115e-28,16.352,0.04,KPED
376,2458299.6663,i,7.870457896950936e-27,2.1747604025838447e-28,16.66,0.03,RATIR
377,2458299.6664,g,1.363954867506622e-26,3.7688722506400164e-28,16.063000000000002,0.03,RATIR
378,2458299.667,r,9.981596274917122e-27,2.7581089458184914e-28,16.402,0.03,RATIR
379,2458299.675,J,5.44502652842422e-27,1.5045666008356506e-28,17.06,0.03,WIRC
380,2458299.681,H,4.570881896148789e-27,1.2630234584550395e-28,17.25,0.03,WIRC
381,2458299.6879,Ks,4.285485203974375e-27,1.1841628085035574e-28,17.32,0.03,WIRC
382,2458299.7012,r,9.890084450210667e-27,2.732822451011513e-28,16.412,0.03,P60
383,2458299.7112,r,1.0261243651933309e-26,2.835380948309839e-28,16.372,0.03,P60
384,2458299.7429,r,1.0646331870513135e-26,2.941788303540518e-28,16.332,0.03,P60
385,2458299.745,g,1.3390598855467243e-26,3.7000825795709426e-28,16.083000000000002,0.03,P60
386,2458299.7471,i,8.09095899178378e-27,2.235689138376286e-28,16.63,0.03,P60
387,2458299.7512,u,1.180320635651737e-26,3.26145519660607e-28,16.22,0.03,P60
388,2458300.0198,UVW1,1.1066237839776676e-26,6.1156329592576265e-28,16.29,0.06,UVOT
389,2458300.2181,R,7.447319739059949e-27,2.0578391099916958e-28,16.72,0.03,HFOSC
390,2458300.2205,UVW1,1.076465213629835e-26,4.957470818963962e-28,16.32,0.05,UVOT
391,2458300.2236,UVU,1.2359474334444968e-26,5.6919380742585285e-28,16.17,0.05,UVOT
392,2458300.2282,UVW2,8.165823713585906e-27,5.264876668978663e-28,16.62,0.07,UVOT
393,2458300.2341,UVM2,8.472274141405911e-27,4.6821078427222495e-28,16.58,0.06,UVOT
394,2458300.2366,V,8.709635899560761e-27,2.40664158595213e-28,16.55,0.03,HFOSC
395,2458300.243,B,9.908319448927645e-27,2.737861135376525e-28,16.41,0.03,HFOSC
396,2458300.2504,U,1.1587773561551263e-26,3.201926930519829e-28,16.24,0.03,HFOSC
397,2458300.2549,I,7.112135136533238e-27,1.96522109326699e-28,16.77,0.03,HFOSC
398,2458300.3863,H,3.944573020752752e-27,1.0899621499731283e-28,17.41,0.03,IOI
399,2458300.3912,z,7.112135136533238e-27,1.96522109326699e-28,16.77,0.03,IOO
400,2458300.3925,r,9.103323996799079e-27,2.5154252547109913e-28,16.502,0.03,IOO
401,2458300.3931,g,1.1879550279416512e-26,3.282550505503319e-28,16.213,0.03,IOO
402,2458300.394,u,1.0471285480508986e-26,2.8934195856615044e-28,16.35,0.03,IOO
403,2458300.395,V,8.629785477669702e-27,2.384577363268776e-28,16.56,0.03,IOO
404,2458300.3957,B,9.638290236239665e-27,2.6632468185243614e-28,16.44,0.03,IOO
405,2458300.6576,g,1.155579955402127e-26,3.1930918911360234e-28,16.243000000000002,0.03,KPED
406,2458300.6593,r,8.774047879567553e-27,2.424439867247182e-28,16.541999999999998,0.03,KPED
407,2458300.6599,Ks,3.664375746478333e-27,1.0125382001874363e-28,17.49,0.03,WIRC
408,2458300.6689,U,1.1168632477805658e-26,3.086110107158236e-28,16.28,0.03,KPED
409,2458300.67,H,3.944573020752752e-27,1.0899621499731283e-28,17.41,0.03,WIRC
410,2458300.6788,J,4.570881896148789e-27,1.2630234584550395e-28,17.25,0.03,WIRC
411,2458300.6795,r,8.774047879567553e-27,2.424439867247182e-28,16.541999999999998,0.03,P60
412,2458300.7021,i,6.606934480075964e-27,1.8256243382359667e-28,16.85,0.03,RATIR
413,2458300.7022,g,1.155579955402127e-26,3.1930918911360234e-28,16.243000000000002,0.03,RATIR
414,2458300.7026,r,8.613903457724247e-27,2.3801888526455504e-28,16.562,0.03,RATIR
415,2458300.7047,u,1.0964781961431828e-26,3.0297822496357634e-28,16.3,0.03,RATIR
416,2458300.8234,u,1.0185913880541149e-26,2.814565869174122e-28,16.38,0.03,RATIR
417,2458300.8246999998,r,8.456682000993528e-27,2.3367455100838706e-28,16.582,0.03,RATIR
418,2458300.8249,g,1.1344882442111658e-26,3.1348113959965894e-28,16.263,0.03,RATIR
419,2458300.8249,i,6.668067692136247e-27,1.8425166322564923e-28,16.84,0.03,RATIR
420,2458300.8336,r,8.85523314502852e-27,3.2624972441847727e-28,16.532,0.04,P48
421,2458301.1233,UVU,1.0092528860766793e-26,4.647936290304316e-28,16.39,0.05,UVOT
422,2458301.141,UVW2,6.54636174067268e-27,4.220736131961754e-28,16.86,0.07,UVOT
423,2458301.1512,UVW1,9.120108393559115e-27,5.040126219153973e-28,16.5,0.06,UVOT
424,2458301.1603,UVM2,6.982324040771732e-27,3.858703531788743e-28,16.79,0.06,UVOT
425,2458301.4067,H,3.944573020752752e-27,1.0899621499731283e-28,17.41,0.03,IOI
426,2458301.4114,z,6.486344335482402e-27,1.7923029387903842e-28,16.87,0.03,IOO
427,2458301.412,i,6.367955209079084e-27,1.7595897234261075e-28,16.89,0.03,IOO
428,2458301.4127,r,7.92866374878542e-27,2.190843810109262e-28,16.652,0.03,IOO
429,2458301.4133,g,1.0734949358052338e-26,2.9662750367649452e-28,16.323,0.03,IOO
430,2458301.4142,u,9.289663867799362e-27,2.5669145807679913e-28,16.48,0.03,IOO
431,2458301.4152,V,7.585775750291883e-27,2.0960971954384864e-28,16.7,0.03,IOO
432,2458301.4158,B,8.629785477669702e-27,2.384577363268776e-28,16.56,0.03,IOO
433,2458301.6676,Ks,3.564511334262439e-27,9.849437232004528e-29,17.52,0.03,WIRC
434,2458301.6833,H,3.837072454922753e-27,1.0602576554083315e-28,17.44,0.03,WIRC
435,2458301.6967,J,4.285485203974375e-27,1.1841628085035574e-28,17.32,0.03,WIRC
436,2458301.7077,i,5.970352865838366e-27,1.6497244724615544e-28,16.96,0.03,RATIR
437,2458301.7077,g,1.0251797048255567e-26,2.8327706682109878e-28,16.373,0.03,RATIR
438,2458301.7081,r,7.641876239634652e-27,2.111598850410238e-28,16.692,0.03,RATIR
439,2458301.8219,r,7.641876239634652e-27,2.111598850410238e-28,16.692,0.03,RATIR
440,2458301.8223,i,5.861381645140297e-27,1.6196136073888633e-28,16.98,0.03,RATIR
441,2458301.8227,g,9.880979539411224e-27,2.7303065872924076e-28,16.413,0.03,RATIR
442,2458302.1483,UVW2,5.248074602497712e-27,3.383671568341529e-28,17.1,0.07,UVOT
443,2458302.2902,UVW1,6.668067692136247e-27,3.6850332645129846e-28,16.84,0.06,UVOT
444,2458302.2919,UVU,8.165823713585906e-27,4.512751430553139e-28,16.62,0.06,UVOT
445,2458302.2936,UVW2,4.87528490103385e-27,3.1433171508922306e-28,17.18,0.07,UVOT
446,2458302.301,UVM2,5.1999599653351306e-27,2.8736998979470187e-28,17.11,0.06,UVOT
447,2458302.3974,H,3.404081897010009e-27,9.406139533047827e-29,17.57,0.03,IOI
448,2458302.4021,z,5.546257129579105e-27,1.5325385823650466e-28,17.04,0.03,IOO
449,2458302.4028,i,5.395106225151268e-27,1.4907726513266836e-28,17.07,0.03,IOO
450,2458302.4034,r,6.717381285473773e-27,1.8561429360248057e-28,16.832,0.03,IOO
451,2458302.404,g,9.094943385552881e-27,2.5131095290281513e-28,16.503,0.03,IOO
452,2458302.4049,u,7.798301105232513e-27,2.1548220793679225e-28,16.67,0.03,IOO
453,2458302.4059,V,6.309573444801943e-27,1.7434577078756402e-28,16.9,0.03,IOO
454,2458302.4065,B,7.24435960074995e-27,2.001757281224081e-28,16.75,0.03,IOO
455,2458302.543,UVW1,6.251726927756849e-27,3.454947183065404e-28,16.91,0.06,UVOT
456,2458302.5436,UVU,8.09095899178378e-27,4.471378276752572e-28,16.63,0.06,UVOT
457,2458302.5465,UVW2,4.613175745603772e-27,2.9743234981326706e-28,17.24,0.07,UVOT
458,2458302.5491,UVM2,5.296634438916581e-27,2.927125967900846e-28,17.09,0.06,UVOT
459,2458302.6568,g,8.371436744351598e-27,2.3131905897628066e-28,16.593,0.03,KPED
460,2458302.6586,r,6.240221421389785e-27,1.7242943966260802e-28,16.912,0.03,KPED
461,2458302.6669,U,8.394599865193964e-27,4.63918202000219e-28,16.59,0.06,KPED
462,2458302.7014,i,4.87528490103385e-27,1.347135921810956e-28,17.18,0.03,RATIR
463,2458302.7014,g,8.371436744351598e-27,2.3131905897628066e-28,16.593,0.03,RATIR
464,2458302.7019,r,6.126324544438677e-27,1.6928224770485427e-28,16.932,0.03,RATIR
465,2458302.7747,r,6.3562357993783904e-27,1.756351422873277e-28,16.892,0.03,P60
466,2458302.7813,i,4.87528490103385e-27,1.347135921810956e-28,17.18,0.03,RATIR
467,2458302.7813,g,8.294686950952579e-27,2.2919831309623038e-28,16.603,0.03,RATIR
468,2458302.7817,r,6.0145065197755265e-27,1.661924984740405e-28,16.951999999999998,0.03,RATIR
469,2458302.8064,r,5.6389728033495046e-27,1.558157724053469e-28,17.022,0.03,P60
470,2458302.8085,g,7.994660025203212e-27,2.2090798632780357e-28,16.643,0.03,P60
471,2458302.8106,i,5.058246620031106e-27,1.3976917988480536e-28,17.14,0.03,P60
472,2458302.8147,u,7.112135136533238e-27,1.96522109326699e-28,16.77,0.03,P60
473,2458302.8838,UVM2,4.7863009232263804e-27,3.085945147147892e-28,17.2,0.07,UVOT
474,2458302.8999,UVW2,4.246195639463095e-27,3.128816902984688e-28,17.33,0.08,UVOT
475,2458303.1214,F172,3.664375746478333e-27,2.700101867166497e-28,17.49,0.08,ASTROSA
476,2458303.2375,F172,3.767037989839093e-27,1.734842953780553e-28,17.46,0.05,ASTROSA
477,2458303.3299,F172,3.630780547701033e-27,5.350694368906375e-28,17.5,0.16,ASTROSA
478,2458303.3871,H,3.404081897010009e-27,9.406139533047827e-29,17.57,0.03,IOI
479,2458303.3917,z,4.742419852602429e-27,1.3104227279918287e-28,17.21,0.03,IOO
480,2458303.3924,i,4.487453899331295e-27,1.239970682324204e-28,17.27,0.03,IOO
481,2458303.393,r,5.3358056184603326e-27,1.474386741768536e-28,17.082,0.03,IOO
482,2458303.3936,g,7.56484440833285e-27,2.090313459058538e-28,16.703,0.03,IOO
483,2458303.3946,u,6.606934480075964e-27,3.6512486764719333e-28,16.85,0.06,IOO
484,2458303.3955,V,5.1999599653351306e-27,1.4368499489735094e-28,17.11,0.03,IOO
485,2458303.3961,B,5.915616341754767e-27,1.6345997075862852e-28,16.97,0.03,IOO
486,2458303.6742,UVW1,5.248074602497712e-27,2.9002899157213105e-28,17.1,0.06,UVOT
487,2458303.6792,r,5.286886658508791e-27,1.4608694828706246e-28,17.092,0.03,P60
488,2458303.6956,R,4.168693834703329e-27,1.151891084471768e-28,17.35,0.03,MLO
489,2458303.6981,I,4.246195639463095e-27,1.564408451492344e-28,17.33,0.04,MLO
490,2458303.7014,U,6.668067692136247e-27,1.8425166322564923e-28,16.84,0.03,MLO
491,2458303.7044,B,5.807644175213112e-27,2.1396865341118586e-28,16.99,0.04,MLO
492,2458303.7108,r,5.190390101970815e-27,1.434205609828907e-28,17.112,0.03,P60
493,2458303.7129,g,7.291216599950674e-27,2.014704780312427e-28,16.743000000000002,0.03,P60
494,2458303.715,i,4.3251383103501145e-27,1.195119732066901e-28,17.31,0.03,P60
495,2458303.7191,u,6.426877173170194e-27,1.775871006678694e-28,16.88,0.03,P60
496,2458303.7577,UVW2,3.191537855100745e-27,2.645651717408741e-28,17.64,0.09,UVOT
497,2458303.7984,r,5.286886658508791e-27,1.9478259771608332e-28,17.092,0.04,P48
498,2458304.2814,UVW1,4.698941086052199e-27,3.029620300484977e-28,17.22,0.07,UVOT
499,2458304.2829,UVU,6.426877173170194e-27,3.551742013357388e-28,16.88,0.06,UVOT
500,2458304.2865,UVW2,3.133285724315576e-27,2.020171324510365e-28,17.66,0.07,UVOT
501,2458304.291,UVM2,3.5318316979195845e-27,2.2771319780268116e-28,17.53,0.07,UVOT
502,2458304.3998,H,3.837072454922753e-27,1.0602576554083315e-28,17.44,0.03,IOI
503,2458304.4044,z,4.742419852602429e-27,1.3104227279918287e-28,17.21,0.03,IOO
504,2458304.405,i,4.246195639463095e-27,1.1733063386192579e-28,17.33,0.03,IOO
505,2458304.4057,r,5.142804319487897e-27,1.4210567337628894e-28,17.122,0.03,IOO
506,2458304.4063,g,6.89922009844046e-27,1.9063885323129201e-28,16.803,0.03,IOO
507,2458304.4072,u,5.970352865838366e-27,1.6497244724615544e-28,16.96,0.03,IOO
508,2458304.4082,V,4.87528490103385e-27,1.347135921810956e-28,17.18,0.03,IOO
509,2458304.4088,B,5.597576014951116e-27,1.5467189872757987e-28,17.03,0.03,IOO
510,2458304.6707,UVU,5.861381645140297e-27,3.2392272147777266e-28,16.98,0.06,UVOT
511,2458304.6834,UVW2,3.133285724315576e-27,2.3087672280118455e-28,17.66,0.08,UVOT
512,2458304.7527,r,5.3358056184603326e-27,1.474386741768536e-28,17.082,0.03,P60
513,2458304.7844,r,5.190390101970815e-27,1.434205609828907e-28,17.112,0.03,P60
514,2458304.7865,g,6.835967668380956e-27,1.8889106571928584e-28,16.813000000000002,0.03,P60
515,2458304.7885,i,4.4463126746911204e-27,1.2286025627773197e-28,17.28,0.03,P60
516,2458304.7927,u,6.025595860743593e-27,1.6649891850631645e-28,16.95,0.03,P60
517,2458304.8141,i,4.285485203974375e-27,1.1841628085035574e-28,17.32,0.03,RATIR
518,2458304.8141,g,6.77329514008607e-27,1.8715930201951003e-28,16.823,0.03,RATIR
519,2458304.8146,r,5.238416190277918e-27,1.4474761509472e-28,17.102,0.03,RATIR
520,2458304.8869,i,4.3651583224016295e-27,1.2061780387956973e-28,17.3,0.03,RATIR
521,2458304.8874,r,5.238416190277918e-27,1.4474761509472e-28,17.102,0.03,RATIR
522,2458305.2988,R,4.285485203974375e-27,1.1841628085035574e-28,17.32,0.03,HFOSC
523,2458305.3045,I,4.613175745603772e-27,1.2747100706282873e-28,17.24,0.03,HFOSC
524,2458305.3103,V,4.830588020397699e-27,1.3347853054428568e-28,17.19,0.03,HFOSC
525,2458305.3177,B,5.6493697481230106e-27,1.5610306018576983e-28,17.02,0.03,HFOSC
526,2458305.6713,UVW2,3.076096814740705e-27,1.9832990423860122e-28,17.68,0.07,UVOT
527,2458305.7005,R,4.130475019901577e-27,1.1413304835317978e-28,17.36,0.03,MLO
528,2458305.7028,I,4.092606597300127e-27,1.8847778379387153e-28,17.37,0.05,MLO
529,2458305.7059,U,5.915616341754767e-27,1.6345997075862852e-28,16.97,0.03,MLO
530,2458305.709,B,5.395106225151268e-27,1.4907726513266836e-28,17.07,0.03,MLO
531,2458305.7113,V,4.570881896148789e-27,1.2630234584550395e-28,17.25,0.03,MLO
532,2458305.7926,r,5.0956548060811455e-27,1.4080284073172548e-28,17.131999999999998,0.03,P60
533,2458305.7934,r,5.286886658508791e-27,1.4608694828706246e-28,17.092,0.03,P60
534,2458305.8238,r,5.385177219975295e-27,1.4880290743230987e-28,17.072,0.03,P60
535,2458305.8246,r,5.385177219975295e-27,1.4880290743230987e-28,17.072,0.03,P60
536,2458305.8268,g,6.528298441586167e-27,1.8038956732760891e-28,16.863,0.03,RATIR
537,2458305.8356,i,4.3651583224016295e-27,1.2061780387956973e-28,17.3,0.03,RATIR
538,2458305.8357,r,5.190390101970815e-27,1.434205609828907e-28,17.112,0.03,RATIR
539,2458306.1355,UVW1,4.285485203974375e-27,2.7630465531749673e-28,17.32,0.07,UVOT
540,2458306.1369,UVU,5.4954087385762256e-27,3.543139096438572e-28,17.05,0.07,UVOT
541,2458306.1397,UVW2,3.0478949896279707e-27,2.24584691139576e-28,17.69,0.08,UVOT
542,2458306.3862,H,3.499451670283577e-27,9.669664742424915e-29,17.54,0.03,IOI
543,2458306.401,z,4.487453899331295e-27,1.239970682324204e-28,17.27,0.03,IOO
544,2458306.4016,i,4.168693834703329e-27,1.151891084471768e-28,17.35,0.03,IOO
545,2458306.4023,r,4.956784065941178e-27,1.3696557242169598e-28,17.162,0.03,IOO
546,2458306.4029,g,6.292163512879859e-27,1.738647005493191e-28,16.903000000000002,0.03,IOO
547,2458306.4038,u,5.105049999754044e-27,1.410624481833115e-28,17.13,0.03,IOO
548,2458306.4048,V,4.528975799036195e-27,1.2514439897861825e-28,17.26,0.03,IOO
549,2458306.4054,B,5.1999599653351306e-27,1.4368499489735094e-28,17.11,0.03,IOO
550,2458306.6897,r,4.604685783785738e-27,2.1206068820971436e-28,17.242,0.05,P48
551,2458306.6943,g,5.899293451041407e-27,1.6300893758058596e-28,16.973000000000003,0.03,KPED
552,2458306.696,r,4.64729241676205e-27,1.284137169594377e-28,17.232,0.03,KPED
553,2458306.7184,r,4.7336920334830186e-27,1.3080110620290185e-28,17.212,0.03,P60
554,2458306.7298,UVM2,3.019951720402019e-27,2.225256863149687e-28,17.7,0.08,UVOT
555,2458306.7471,UVW2,2.4210290467361604e-27,2.006932064163714e-28,17.94,0.09,UVOT
556,2458306.7488,r,4.7336920334830186e-27,1.3080110620290185e-28,17.212,0.03,P60
557,2458306.7496,r,5.048937562011544e-27,1.3951195252864172e-28,17.142,0.03,P60
558,2458306.7667,g,5.899293451041407e-27,1.6300893758058596e-28,16.973000000000003,0.03,RATIR
559,2458306.7757,r,4.64729241676205e-27,1.284137169594377e-28,17.232,0.03,RATIR
560,2458306.7759,i,3.872576449216181e-27,1.0700680987057696e-28,17.43,0.03,RATIR
561,2458306.78,r,4.690293284059364e-27,1.2960191445314628e-28,17.222,0.03,P60
562,2458306.7808,r,4.77749234659096e-27,1.3201139393730201e-28,17.201999999999998,0.03,P60
563,2458306.8111,r,4.8216979390061736e-27,1.3323288032622748e-28,17.192,0.03,P60
564,2458306.812,r,4.520640796485022e-27,1.2491408666717383e-28,17.262,0.03,P60
565,2458306.8423,r,4.911339996469963e-27,1.357098645059398e-28,17.172,0.03,P60
566,2458306.8431,r,4.956784065941178e-27,1.3696557242169598e-28,17.162,0.03,P60
567,2458306.8475,i,3.732501577957229e-27,1.0313626907867447e-28,17.47,0.03,RATIR
568,2458306.8846,g,5.9538789412768415e-27,1.6451724070950097e-28,16.963,0.03,RATIR
569,2458306.885,r,4.64729241676205e-27,1.284137169594377e-28,17.232,0.03,RATIR
570,2458307.1311,R,3.564511334262439e-27,9.849437232004528e-29,17.52,0.03,HFOSC
571,2458307.1347,I,3.9084089579239774e-27,1.0799693169173742e-28,17.42,0.03,HFOSC
572,2458307.1482,V,3.944573020752752e-27,1.0899621499731283e-28,17.41,0.03,HFOSC
573,2458307.1528,B,4.655860935229582e-27,1.286504817692617e-28,17.23,0.03,HFOSC
574,2458307.1582,U,5.105049999754044e-27,1.410624481833115e-28,17.13,0.03,HFOSC
575,2458307.2705,UVW1,3.435579478998757e-27,2.5315129254849455e-28,17.56,0.08,UVOT
576,2458307.2721,UVU,4.570881896148789e-27,3.368062555880106e-28,17.25,0.08,UVOT
577,2458307.2756,UVW2,2.4660393372343158e-27,2.044243716966827e-28,17.92,0.09,UVOT
578,2458307.2799,UVM2,2.3550492838960283e-27,1.9522375937242565e-28,17.97,0.09,UVOT
579,2458307.3871,H,2.779713267759283e-27,7.680887725225981e-29,17.79,0.03,IOI
580,2458307.4012,z,4.05508535448381e-27,1.1204988545133487e-28,17.38,0.03,IOO
581,2458307.4018,i,3.5974933515574305e-27,9.940572952631749e-29,17.51,0.03,IOO
582,2458307.4024,r,4.277598314820376e-27,1.1819835078254699e-28,17.322,0.03,IOO
583,2458307.403,g,5.5309534074031e-27,1.5283098666491018e-28,17.043,0.03,IOO
584,2458307.404,u,4.405548635065516e-27,1.2173386667768763e-28,17.29,0.03,IOO
585,2458307.4049,V,3.837072454922753e-27,1.0602576554083315e-28,17.44,0.03,IOO
586,2458307.4056,B,4.4463126746911204e-27,1.2286025627773197e-28,17.28,0.03,IOO
587,2458307.6594,UVW1,3.1045595881283364e-27,2.2876003228356534e-28,17.67,0.08,UVOT
588,2458307.6605,UVW1,3.076096814740705e-27,2.266627477012585e-28,17.68,0.08,UVOT
589,2458307.6614,UVU,4.487453899331295e-27,3.3065884861978776e-28,17.27,0.08,UVOT
590,2458307.6619,UVU,4.487453899331295e-27,3.3065884861978776e-28,17.27,0.08,UVOT
591,2458307.6634,UVW2,2.167704104819705e-27,2.795234177717221e-28,18.06,0.14,UVOT
592,2458307.6654,UVW2,2.187761623949534e-27,1.81356310357795e-28,18.05,0.09,UVOT
593,2458307.6682,UVM2,2.488857318282375e-27,2.063158871192905e-28,17.91,0.09,UVOT
594,2458307.6699,UVM2,2.488857318282375e-27,2.063158871192905e-28,17.91,0.09,UVOT
595,2458307.69,r,4.317178444709204e-27,1.1929202665678927e-28,17.312,0.03,P60
596,2458307.7217,r,4.122873407228848e-27,1.1392300102870537e-28,17.362,0.03,P60
597,2458307.7238,g,5.380219571891105e-27,1.4866591798538559e-28,17.073,0.03,P60
598,2458307.7258,i,3.4673685045253095e-27,9.58101272319787e-29,17.55,0.03,P60
599,2458307.7305,r,4.19952334664063e-27,1.1604098774911936e-28,17.342,0.03,P60
600,2458307.7494,r,4.1610218851745405e-27,1.1497711757873832e-28,17.352,0.03,P60
601,2458308.1653,B,4.05508535448381e-27,1.1204988545133487e-28,17.38,0.03,SLT
602,2458308.1706,R,3.34195040026115e-27,9.23445813832868e-29,17.59,0.03,SLT
603,2458308.1729,r,3.6240985589974175e-27,2.3366206054141956e-28,17.502,0.07,SLT
604,2458308.1752,i,3.191537855100745e-27,1.1758452077372183e-28,17.64,0.04,SLT
605,2458308.196,UVW1,2.9922646366081828e-27,1.9292486374005046e-28,17.71,0.07,UVOT
606,2458308.2129,UVW2,1.958844673505965e-27,1.804222781160509e-28,18.17,0.1,UVOT
607,2458308.3887,H,2.4660393372343158e-27,1.3628291446445514e-28,17.92,0.06,IOI
608,2458308.4182,u,3.8018939632056284e-27,1.0505371547956971e-28,17.45,0.03,IOO
609,2458308.4192,g,4.861832584649818e-27,1.3434187854793636e-28,17.183,0.03,IOO
610,2458308.4199,r,3.865449465982864e-27,1.0680987747949333e-28,17.432,0.03,IOO
611,2458308.4206,i,3.1622776601683794e-27,8.737987455563357e-29,17.65,0.03,IOO
612,2458308.4213,z,3.5974933515574305e-27,9.940572952631749e-29,17.51,0.03,IOO
613,2458308.422,B,3.9084089579239774e-27,1.0799693169173742e-28,17.42,0.03,IOO
614,2458308.4227,V,3.4673685045253095e-27,9.58101272319787e-29,17.55,0.03,IOO
615,2458308.6544,UVW1,2.8313919957993672e-27,2.0863162905401984e-28,17.77,0.08,UVOT
616,2458308.6555,UVW1,2.8313919957993672e-27,2.0863162905401984e-28,17.77,0.08,UVOT
617,2458308.6565,UVU,3.8018939632056284e-27,2.801432412788526e-28,17.45,0.08,UVOT
618,2458308.6571,UVU,3.8018939632056284e-27,2.801432412788526e-28,17.45,0.08,UVOT
619,2458308.6587,UVW2,1.75388050184176e-27,1.4538937567077314e-28,18.29,0.09,UVOT
620,2458308.6608,UVW2,1.75388050184176e-27,1.4538937567077314e-28,18.29,0.09,UVOT
621,2458308.664,UVM2,2.187761623949534e-27,1.81356310357795e-28,18.05,0.09,UVOT
622,2458308.6657,UVM2,2.187761623949534e-27,1.81356310357795e-28,18.05,0.09,UVOT
623,2458308.8218,i,3.0478949896279707e-27,8.421925917734098e-29,17.69,0.03,RATIR
624,2458308.8248,g,4.60044666393475e-27,1.2711927780974717e-28,17.243000000000002,0.03,RATIR
625,2458308.8293,r,3.557951305597441e-27,9.831310598500801e-29,17.522,0.03,RATIR
626,2458309.1181,R,2.8313919957993672e-27,7.823686089525745e-29,17.77,0.03,HFOSC
627,2458309.1244,I,3.076096814740705e-27,8.499853038797194e-29,17.68,0.03,HFOSC
628,2458309.1275,V,3.1045595881283364e-27,8.5785012106337e-29,17.67,0.03,HFOSC
629,2458309.1316,B,3.767037989839093e-27,1.0409057722683318e-28,17.46,0.03,HFOSC
630,2458309.1371999998,U,4.285485203974375e-27,1.1841628085035574e-28,17.32,0.03,HFOSC
631,2458309.2631,UVU,3.732501577957229e-27,2.0627253815734893e-28,17.47,0.06,UVOT
632,2458309.2789,UVW2,1.8879913490962927e-27,1.7389622815660795e-28,18.21,0.1,UVOT
633,2458309.3877,u,3.732501577957229e-27,1.0313626907867447e-28,17.47,0.03,IOO
634,2458309.3887,g,4.516479049291137e-27,1.247990895079065e-28,17.263,0.03,IOO
635,2458309.3894,r,3.460987254853535e-27,9.563380090780698e-29,17.552,0.03,IOO
636,2458309.3901,i,2.9648313895243514e-27,8.192405055331171e-29,17.72,0.03,IOO
637,2458309.3907,z,3.3728730865886784e-27,9.319903527462498e-29,17.58,0.03,IOO
638,2458309.3914,B,3.698281797802674e-27,1.0219071008020652e-28,17.48,0.03,IOO
639,2458309.3921,V,3.133285724315576e-27,8.65787710504442e-29,17.66,0.03,IOO
640,2458309.7251,UVW1,2.9922646366081828e-27,2.2048555856005764e-28,17.71,0.08,UVOT
641,2458309.7266,UVU,3.250872973854347e-27,2.395411604571684e-28,17.62,0.08,UVOT
642,2458309.73,UVW2,1.8879913490962927e-27,1.5650660534094713e-28,18.21,0.09,UVOT
643,2458309.7345,UVM2,2.051162178825571e-27,1.7003278630772896e-28,18.12,0.09,UVOT
644,2458310.4148,z,3.076096814740705e-27,8.499853038797194e-29,17.68,0.03,IOO
645,2458310.4156,i,2.679168324819015e-27,7.403062516769867e-29,17.83,0.03,IOO
646,2458310.4164,r,3.1856642365731103e-27,8.80260910907187e-29,17.642,0.03,IOO
647,2458310.4173,g,4.043896205078194e-27,1.11740707518049e-28,17.383000000000003,0.03,IOO
648,2458310.4185,u,3.076096814740705e-27,8.499853038797194e-29,17.68,0.03,IOO
649,2458310.4198,B,3.250872973854347e-27,8.982793517143814e-29,17.62,0.03,IOO
650,2458310.4206,V,2.9376496519615304e-27,8.1172966343231e-29,17.73,0.03,IOO
651,2458310.7153,UVW1,2.4660393372343158e-27,2.044243716966827e-28,17.92,0.09,UVOT
652,2458310.7168,UVU,3.250872973854347e-27,2.395411604571684e-28,17.62,0.08,UVOT
653,2458310.7202,UVW2,1.5135612484362072e-27,1.3940879141901144e-28,18.45,0.1,UVOT
654,2458310.7244,UVM2,1.786487574852046e-27,1.6454707330312664e-28,18.27,0.1,UVOT
655,2458311.1845,UVM2,1.3304544179780982e-27,1.3479781337164113e-28,18.59,0.11,UVOT
656,2458311.2014,UVW1,1.7060823890031208e-27,1.8856948206721422e-28,18.32,0.12,UVOT
657,2458311.4035,H,2.013724249862365e-27,5.564311273452237e-29,18.14,0.03,IOI
658,2458311.409,z,2.558585886905632e-27,7.069869817368422e-29,17.88,0.03,IOO
659,2458311.4099,i,2.2490546058357643e-27,6.214574760529881e-29,18.02,0.03,IOO
660,2458311.4107,r,2.507263624777101e-27,6.928056437626695e-29,17.902,0.03,IOO
661,2458311.4116,g,3.271899836231799e-27,9.040894822414476e-29,17.613,0.03,IOO
662,2458311.4128,u,2.5351286304978865e-27,1.1675088102136347e-28,17.89,0.05,IOO
663,2458311.414,B,2.6061535499988765e-27,7.201308510635192e-29,17.86,0.03,IOO
664,2458311.4148,V,2.2490546058357643e-27,6.214574760529881e-29,18.02,0.03,IOO
665,2458311.6564,UVW1,1.599558028614658e-27,1.6206261688091773e-28,18.39,0.11,UVOT
666,2458311.6579,UVU,2.679168324819015e-27,2.467687505589956e-28,17.83,0.1,UVOT
667,2458311.6613,UVW2,1.0185913880541148e-27,1.1258263476696486e-28,18.88,0.12,UVOT
668,2458311.6658,UVM2,1.3551894123510294e-27,1.3730389182887833e-28,18.57,0.11,UVOT
669,2458311.6896,r,2.507263624777101e-27,1.6165465021128956e-28,17.902,0.07,P48
670,2458311.8566,i,2.032357010936221e-27,5.615797211760764e-29,18.13,0.03,RATIR
671,2458311.8567,g,3.0394849687700946e-27,8.398687396435739e-29,17.693,0.03,RATIR
672,2458311.8574,r,2.5538771357793195e-27,7.056858623319478e-29,17.881999999999998,0.03,RATIR
673,2458312.2563,UVW1,1.81970085860999e-27,1.8436685497568285e-28,18.25,0.11,UVOT
674,2458312.2577,UVU,2.2908676527677888e-27,2.110037443831435e-28,18.0,0.1,UVOT
675,2458312.2608,UVW2,1.1587773561551262e-27,1.1740398745239373e-28,18.74,0.11,UVOT
676,2458312.2651,UVM2,1.180320635651737e-27,1.1958669054222257e-28,18.72,0.11,UVOT
677,2458312.4032,z,2.558585886905632e-27,7.069869817368422e-29,17.88,0.03,IOO
678,2458312.4041,i,1.9952623149688828e-27,5.513297361063505e-29,18.15,0.03,IOO
679,2458312.4049,r,2.350715115938283e-27,6.495482497757068e-29,17.972,0.03,IOO
680,2458312.4058,g,2.902685610499039e-27,8.020684195907816e-29,17.743000000000002,0.03,IOO
681,2458312.407,u,2.2490546058357643e-27,6.214574760529881e-29,18.02,0.03,IOO
682,2458312.4083,B,2.4434305526939615e-27,6.751673259723573e-29,17.93,0.03,IOO
683,2458312.4091,V,2.051162178825571e-27,5.667759543590966e-29,18.12,0.03,IOO
684,2458312.4229,H,2.0701413487910204e-27,9.533671128262965e-29,18.11,0.05,IOI
685,2458312.7887,i,2.1478304741305375e-27,5.934872821582031e-29,18.07,0.03,RATIR
686,2458312.8649,g,2.797692637854626e-27,7.730568217338009e-29,17.783,0.03,RATIR
687,2458312.8653,r,2.4165734514368204e-27,6.677461871889528e-29,17.942,0.03,RATIR
688,2458312.8813,i,2.089296130854041e-27,1.5395016161768744e-28,18.1,0.08,RATIR
689,2458312.9158,UVW1,1.5135612484362072e-27,1.3940879141901144e-28,18.45,0.1,UVOT
690,2458312.9169,UVU,2.2908676527677888e-27,1.899033699448291e-28,18.0,0.09,UVOT
691,2458312.921,UVW2,1.0185913880541148e-27,1.0320074853638448e-28,18.88,0.11,UVOT
692,2458312.9248,UVM2,1.2359474334444968e-27,1.1383876148517055e-28,18.67,0.1,UVOT
693,2458313.4042,H,2.1478304741305375e-27,9.891454702636721e-29,18.07,0.05,IOI
694,2458313.4095,z,2.558585886905632e-27,7.069869817368422e-29,17.88,0.03,IOO
695,2458313.4104,i,2.1281390459826915e-27,5.880461580499285e-29,18.08,0.03,IOO
696,2458313.4112,r,2.307809729698398e-27,6.376926581095324e-29,17.992,0.03,IOO
697,2458313.4121,g,2.902685610499039e-27,8.020684195907816e-29,17.743000000000002,0.03,IOO
698,2458313.4133,u,2.167704104819705e-27,5.989787523679759e-29,18.06,0.03,IOO
699,2458313.4145,B,2.31206479017558e-27,6.388684139750151e-29,17.99,0.03,IOO
700,2458313.4153,V,2.0701413487910204e-27,5.720202676957779e-29,18.11,0.03,IOO
701,2458313.6991,r,2.350715115938283e-27,8.660643330342757e-29,17.972,0.04,RATIR
702,2458313.7401,B,2.31206479017558e-27,8.518245519666868e-29,17.99,0.04,MLO
703,2458313.7408,i,2.032357010936221e-27,5.615797211760764e-29,18.13,0.03,RATIR
704,2458313.7409,g,2.849705627341145e-27,7.874290210945412e-29,17.763,0.03,RATIR
705,2458313.7531,V,2.032357010936221e-27,5.615797211760764e-29,18.13,0.03,MLO
706,2458313.7573,R,1.9054607179632523e-27,5.2651581043472e-29,18.2,0.03,MLO
707,2458313.7601,I,2.0701413487910204e-27,5.720202676957779e-29,18.11,0.03,MLO
708,2458313.7633,U,2.488857318282375e-27,6.877196237309684e-29,17.91,0.03,MLO
709,2458313.8201,r,2.3724660151048075e-27,6.555584457321932e-29,17.962,0.03,RATIR
710,2458313.8314,i,2.089296130854041e-27,5.773131060663279e-29,18.1,0.03,RATIR
711,2458313.8416,g,2.8760736288630045e-27,7.947150121202001e-29,17.753,0.03,RATIR
712,2458314.4127,H,2.208004733018906e-27,1.016857664649031e-28,18.04,0.05,IOI
713,2458314.4183,z,2.654605561975536e-27,7.33519083165387e-29,17.84,0.03,IOO
714,2458314.4192,i,2.032357010936221e-27,5.615797211760764e-29,18.13,0.03,IOO
715,2458314.42,r,2.244915507569583e-27,6.203137627990004e-29,18.022,0.03,IOO
716,2458314.4209,g,2.6964973635434057e-27,7.450946016975421e-29,17.823,0.03,IOO
717,2458314.4221,u,1.958844673505965e-27,5.412668343481527e-29,18.17,0.03,IOO
718,2458314.4233,B,2.208004733018906e-27,6.101145987894185e-29,18.04,0.03,IOO
719,2458314.4242,V,1.9952623149688828e-27,5.513297361063505e-29,18.15,0.03,IOO
720,2458315.2506,UVW1,1.270574105208529e-27,1.287309123818165e-28,18.64,0.11,UVOT
721,2458315.2512,UVU,1.8365383433483437e-27,1.8607278048108852e-28,18.24,0.11,UVOT
722,2458315.2537000002,UVW2,8.472274141405912e-28,1.092491829968525e-28,19.08,0.14,UVOT
723,2458315.2568,UVM2,7.585775750291883e-28,1.2576583172630917e-28,19.2,0.18,UVOT
724,2458315.4175,H,1.5417004529495552e-27,4.2600178307531225e-29,18.43,0.03,IOI
725,2458315.4319,z,2.2698648518838306e-27,6.272077512804173e-29,18.01,0.03,IOO
726,2458315.4327,i,1.737800828749369e-27,4.8018812620872317e-29,18.3,0.03,IOO
727,2458315.4336,r,1.9915902890575913e-27,5.503150840170188e-29,18.152,0.03,IOO
728,2458315.4344,g,2.4143487297141294e-27,6.671314533611851e-29,17.943,0.03,IOO
729,2458315.4356,u,1.786487574852046e-27,4.936412199093799e-29,18.27,0.03,IOO
730,2458315.4369,B,1.870682140365809e-27,5.169058138617875e-29,18.22,0.03,IOO
731,2458315.4377,V,1.6904409316432564e-27,4.671016666601979e-29,18.33,0.03,IOO
732,2458316.1661,UVW1,1.2246161992650514e-27,1.579131140251517e-28,18.68,0.14,UVOT
733,2458316.3943,H,1.3803842646028753e-27,1.017138631005158e-28,18.55,0.08,IOI
734,2458316.4366,z,1.75388050184176e-27,1.1308062552171246e-28,18.29,0.07,IOO
735,2458316.4375,i,1.4454397707459397e-27,3.994030866940977e-29,18.5,0.03,IOO
736,2458316.4384,r,1.7029425618775534e-27,4.705561099412968e-29,18.322,0.03,IOO
737,2458316.4392,g,2.1028098370377444e-27,5.810472055920818e-29,18.093,0.03,IOO
738,2458316.4405,u,1.5559656316050622e-27,7.165725484042839e-29,18.42,0.05,IOO
739,2458316.4417,B,1.674942876026438e-27,4.628192528395794e-29,18.34,0.03,IOO
740,2458316.4425,V,1.4588142602753415e-27,4.030987179539489e-29,18.49,0.03,IOO
741,2458316.6669,i,1.4588142602753415e-27,4.030987179539489e-29,18.49,0.03,RATIR
742,2458316.667,g,2.045502431109356e-27,5.652120561230604e-29,18.123,0.03,RATIR
743,2458316.6674,r,1.5674727518004376e-27,5.77497559841738e-29,18.412,0.04,RATIR
744,2458317.0242,UVW1,1.0964781961431829e-27,1.1109201581997798e-28,18.8,0.11,UVOT
745,2458317.0264,UVU,1.6292960326397216e-27,1.8008245732409189e-28,18.37,0.12,UVOT
746,2458317.0314,UVW2,7.516228940182015e-28,8.30752024336227e-29,19.21,0.12,UVOT
747,2458317.0376,UVM2,7.177942912713644e-28,9.255890280739709e-29,19.26,0.14,UVOT
748,2458317.3993,z,1.7701089583174258e-27,4.891154900020518e-29,18.28,0.03,IOO
749,2458317.4009,i,1.3677288255958579e-27,3.7793004299415796e-29,18.56,0.03,IOO
750,2458317.402,r,1.5107757319250002e-27,4.1745668193561756e-29,18.451999999999998,0.03,IOO
751,2458317.4031,g,1.8827818367346718e-27,5.202491950081989e-29,18.213,0.03,IOO
752,2458317.405,u,1.5275660582380638e-27,4.220961752522972e-29,18.44,0.03,IOO
753,2458317.4067,B,1.5135612484362072e-27,4.182263742570343e-29,18.45,0.03,IOO
754,2458317.4075,V,1.3061708881318298e-27,3.6092038909417786e-29,18.61,0.03,IOO
755,2458317.4279,H,1.1271974561755094e-27,8.305774753066294e-29,18.77,0.08,IOI
756,2458318.4005,H,1.247383514242933e-27,1.3787051829156484e-28,18.66,0.12,IOI
757,2458318.4509,z,1.5417004529495552e-27,4.2600178307531225e-29,18.43,0.03,IOO
758,2458318.4524,i,1.3551894123510294e-27,3.7446515953330454e-29,18.57,0.03,IOO
759,2458318.4535,r,1.4561294986160562e-27,4.02356866155307e-29,18.492,0.03,IOO
760,2458318.4546,g,1.765224717452545e-27,4.877658793734581e-29,18.283,0.03,IOO
761,2458318.4558,u,1.499684835502368e-27,4.1439205181054653e-29,18.46,0.03,IOO
762,2458318.4582,B,1.3931568029452978e-27,3.8495628708076747e-29,18.54,0.03,IOO
763,2458318.4591,V,1.2589254117941712e-27,4.6382072830217233e-29,18.65,0.04,IOO
764,2458319.4173,g,1.441451385758197e-27,3.983010184465865e-29,18.503,0.03,IOO
765,2458319.4184,r,1.2918140390030467e-27,3.569533127944312e-29,18.622,0.03,IOO
766,2458319.4195,B,1.2133888504649662e-27,3.352829097720271e-29,18.69,0.03,IOO
767,2458319.4206,z,1.5275660582380638e-27,5.627949003363963e-29,18.44,0.04,IOO
768,2458319.4216,u,1.2359474334444968e-27,6.830325689110233e-29,18.67,0.06,IOO
769,2458319.4263,UVW1,9.72747223776964e-28,1.164752133103116e-28,18.93,0.13,UVOT
770,2458319.4284,UVU,1.1271974561755094e-27,1.55733276619993e-28,18.77,0.15,UVOT
771,2458319.433,UVW2,5.9156163417547674e-28,8.172998537931427e-29,19.47,0.15,UVOT
772,2458319.4389,UVM2,6.729766562843114e-28,9.297826143745666e-29,19.33,0.15,UVOT
773,2458319.8325,UVW1,7.655966069112507e-28,8.461968575974032e-29,19.19,0.12,UVOT
774,2458320.7425,UVW1,8.394599865193964e-28,1.082475804667178e-28,19.09,0.14,UVOT
775,2458320.7449,UVU,1.0280162981264746e-27,1.3256174057078977e-28,18.87,0.14,UVOT
776,2458320.7504,UVW2,5.296634438916581e-28,7.317814919752115e-29,19.59,0.15,UVOT
777,2458320.7575,UVM2,5.597576014951116e-28,8.249167932137593e-29,19.53,0.16,UVOT
778,2458321.4085,H,9.204495717531685e-28,9.325730210265131e-29,18.99,0.11,IOI
779,2458321.7115,r,1.016716800466378e-27,1.6856316117154647e-28,18.881999999999998,0.18,P48
780,2458322.4086,H,8.394599865193964e-28,6.185576026669587e-29,19.09,0.08,IOI
781,2458322.4324,z,1.2359474334444968e-27,4.553550459406822e-29,18.67,0.04,IOO
782,2458322.4339,i,9.036494737223004e-28,3.329278709486231e-29,19.01,0.04,IOO
783,2458322.435,r,9.981596274917122e-28,2.7581089458184917e-29,18.902,0.03,IOO
784,2458322.4361,g,1.1879550279416511e-27,3.2825505055033185e-29,18.713,0.03,IOO
785,2458322.438,u,9.37562006925883e-28,4.3177765815873763e-29,18.97,0.05,IOO
786,2458322.4397,B,1.0185913880541148e-27,2.8145658691741216e-29,18.88,0.03,IOO
787,2458322.4405,V,8.790225168308824e-28,4.048183277290607e-29,19.04,0.05,IOO
788,2458322.6578,i,8.871560120379618e-28,2.4513843935837568e-29,19.03,0.03,RATIR
789,2458322.6578,g,1.221237130165309e-27,5.624192365134517e-29,18.683,0.05,RATIR
790,2458322.6582,r,9.981596274917122e-28,4.5968482430308193e-29,18.902,0.05,RATIR
791,2458322.7224,J,9.289663867799362e-28,2.5669145807679917e-29,18.98,0.03,WIRC
792,2458322.7303,U,1.0665961212302547e-27,7.859232725285103e-29,18.83,0.08,MLO
793,2458322.7337,R,8.09095899178378e-28,2.980918851168381e-29,19.13,0.04,MLO
794,2458322.7354,B,1e-27,2.763194252555955e-29,18.9,0.03,MLO
795,2458322.7363,UVW1,7.585775750291883e-28,9.78178691204627e-29,19.2,0.14,UVOT
796,2458322.7385,UVU,8.165823713585906e-28,1.3538254291659417e-28,19.12,0.18,UVOT
797,2458322.7385,V,8.165823713585906e-28,3.008500953702093e-29,19.12,0.04,MLO
798,2458322.7394,H,7.655966069112507e-28,2.115492143993508e-29,19.19,0.03,WIRC
799,2458322.7436,UVW2,4.965923214503337e-28,7.318298925306566e-29,19.66,0.16,UVOT
800,2458322.7438,I,8.472274141405912e-28,3.1214052284814997e-29,19.08,0.04,MLO
801,2458322.7501,UVM2,6.025595860743593e-28,8.324945925315822e-29,19.45,0.15,UVOT
802,2458322.7565,Ks,9.72747223776964e-28,2.6878895379302677e-29,18.93,0.03,WIRC
803,2458323.3825,z,1.1912420080273762e-27,4.3888440933126134e-29,18.71,0.04,IOO
804,2458323.3846,i,9.036494737223004e-28,3.329278709486231e-29,19.01,0.04,IOO
805,2458323.386,r,9.444957325077087e-28,3.4797669061719023e-29,18.962,0.04,IOO
806,2458323.3874,g,1.103570289964014e-27,3.049379082520071e-29,18.793,0.03,IOO
807,2458323.3895,u,8.394599865193964e-28,5.41237902333589e-29,19.09,0.07,IOO
808,2458323.3916,B,9.036494737223004e-28,2.4969590321146737e-29,19.01,0.03,IOO
809,2458323.3929,V,7.655966069112507e-28,2.820656191991344e-29,19.19,0.04,IOO
810,2458323.4345,H,8.394599865193964e-28,4.63918202000219e-29,19.09,0.06,IOI
811,2458323.6569,i,8.629785477669703e-28,3.1794364843583687e-29,19.06,0.04,RATIR
812,2458323.6569,g,1.0539014450691606e-27,4.853557359625866e-29,18.843,0.05,RATIR
813,2458323.6575,r,8.534930716135496e-28,5.502856683517405e-29,19.072,0.07,RATIR
814,2458324.3964,z,1.076465213629835e-27,4.957470818963963e-29,18.82,0.05,IOO
815,2458324.3967,UVW1,7.379042301291045e-28,1.1554178789900319e-28,19.23,0.17,UVOT
816,2458324.3981,UVU,8.472274141405912e-28,1.56070261424075e-28,19.08,0.2,UVOT
817,2458324.3985,i,8.165823713585906e-28,3.760626192127616e-29,19.12,0.05,IOO
818,2458324.3999,r,8.150795556115965e-28,3.002964191255766e-29,19.122,0.04,IOO
819,2458324.4013,g,1.006468066438327e-27,2.7810667765634895e-29,18.893,0.03,IOO
820,2458324.4014,UVW2,4.6989410860521995e-28,7.790452201247084e-29,19.72,0.18,UVOT
821,2458324.4034,u,8.165823713585906e-28,3.760626192127616e-29,19.12,0.05,IOO
822,2458324.4054,B,7.655966069112507e-28,2.115492143993508e-29,19.19,0.03,IOO
823,2458324.4055,UVM2,5.44502652842422e-28,9.027399605013903e-29,19.56,0.18,UVOT
824,2458324.4068,V,6.668067692136246e-28,3.070861053760821e-29,19.34,0.05,IOO
825,2458324.4121,H,7.447319739059949e-28,5.487570959977857e-29,19.22,0.08,IOI
826,2458324.661,UVW1,6.729766562843114e-28,9.917681219995376e-29,19.33,0.16,UVOT
827,2458324.6618,UVU,5.011872336272715e-28,1.2002273256248556e-28,19.65,0.26,UVOT
828,2458324.6653,UVW2,3.564511334262439e-28,6.237976913602868e-29,20.02,0.19,UVOT
829,2458324.6682,UVM2,4.092606597300126e-28,7.539111351754861e-29,19.87,0.2,UVOT
830,2458324.6762,g,1.006468066438327e-27,6.489155811981475e-29,18.893,0.07,RATIR
831,2458324.6764,i,6.729766562843114e-28,4.338985533747978e-29,19.33,0.07,RATIR
832,2458324.6767,r,8.85523314502852e-28,5.709370177323353e-29,19.032,0.07,RATIR
833,2458324.6983,B,8.241381150129961e-28,3.036338270288279e-29,19.11,0.04,MLO
834,2458324.7034,V,6.982324040771733e-28,3.21558627649062e-29,19.29,0.05,MLO
835,2458324.7045,U,9.638290236239666e-28,2.6632468185243615e-29,18.94,0.03,MLO
836,2458324.7076,R,6.0813500127871635e-28,2.2405268537486094e-29,19.44,0.04,MLO
837,2458325.3885,z,9.289663867799362e-28,4.2781909679466524e-29,18.98,0.05,IOO
838,2458325.3906,i,6.194410750767736e-28,2.8527266974153707e-29,19.42,0.05,IOO
839,2458325.392,r,7.5718150971471325e-28,3.4870659929755605e-29,19.201999999999998,0.05,IOO
840,2458325.3934,g,8.448896694845141e-28,3.890990464605849e-29,19.083000000000002,0.05,IOO
841,2458325.3955,u,7.2443596007499505e-28,5.33801941659755e-29,19.25,0.08,IOO
842,2458325.3975,B,7.585775750291883e-28,3.4934953257308106e-29,19.2,0.05,IOO
843,2458325.3989,V,6.0813500127871635e-28,3.360790280622914e-29,19.44,0.06,IOO
844,2458325.4044,H,7.655966069112507e-28,6.346476431980524e-29,19.19,0.09,IOI
845,2458325.8575,UVW1,5.011872336272715e-28,8.770891994950867e-29,19.65,0.19,UVOT
846,2458325.8597,UVU,6.486344335482401e-28,1.1948686258602563e-28,19.37,0.2,UVOT
847,2458325.8648,UVW2,3.6307805477010327e-28,6.353949563076321e-29,20.0,0.19,UVOT
848,2458326.3804,z,9.817479430199784e-28,6.329773971760016e-29,18.92,0.07,IOO
849,2458326.3831,i,6.309573444801942e-28,2.3246102771675203e-29,19.4,0.04,IOO
850,2458326.3858,r,6.905577442196807e-28,2.5441935865144354e-29,19.302,0.04,IOO
851,2458326.3885,g,8.294686950952578e-28,3.055977507949738e-29,19.103,0.04,IOO
852,2458326.3912,u,6.309573444801942e-28,5.811525692918801e-29,19.4,0.1,IOO
853,2458326.3939,B,7.04693068967151e-28,2.596271783981398e-29,19.28,0.04,IOO
854,2458326.3959,V,6.0813500127871635e-28,2.800658567185762e-29,19.44,0.05,IOO
855,2458326.6669,UVW1,4.742419852602429e-28,9.172959095942801e-29,19.71,0.21,UVOT
856,2458326.6686,UVU,6.918309709189306e-28,1.3381643538083762e-28,19.3,0.21,UVOT
857,2458326.6726,UVW2,3.564511334262439e-28,6.894606062403169e-29,20.02,0.21,UVOT
858,2458326.7007,U,8.165823713585906e-28,7.521252384255232e-29,19.12,0.1,MLO
859,2458326.7075,B,6.792036326171857e-28,2.502362098617245e-29,19.32,0.04,MLO
860,2458326.712,V,5.495408738576226e-28,3.036976368375919e-29,19.55,0.06,MLO
861,2458326.7165,R,5.44502652842422e-28,2.0060888011142008e-29,19.56,0.04,MLO
862,2458327.4201,z,7.655966069112507e-28,3.52582023998918e-29,19.19,0.05,IOO
863,2458327.4228,i,5.105049999754044e-28,3.2914571242772687e-29,19.63,0.07,IOO
864,2458327.4255,r,6.3562357993783905e-28,3.512702845746554e-29,19.392,0.06,IOO
865,2458327.4282,g,7.56484440833285e-28,3.483855765097564e-29,19.203,0.05,IOO
866,2458327.4309,u,6.194410750767736e-28,5.705453394830741e-29,19.42,0.1,IOO
867,2458327.4336,B,6.54636174067268e-28,6.029623045659647e-29,19.36,0.1,IOO
868,2458327.4362,V,4.920395356814471e-28,3.625602178734067e-29,19.67,0.08,IOO
869,2458327.6501,UVW1,4.405548635065517e-28,8.115591111845844e-29,19.79,0.2,UVOT
870,2458327.6524,UVU,6.486344335482401e-28,1.1948686258602563e-28,19.37,0.2,UVOT
871,2458327.6578,UVW2,3.3419504002611498e-28,6.156305425552455e-29,20.09,0.2,UVOT
872,2458327.6645,UVM2,3.5318316979195844e-28,6.831395934080434e-29,20.03,0.21,UVOT
873,2458327.6782,g,6.963057796029323e-28,1.9240281282203155e-29,19.293,0.03,RATIR
874,2458327.6788,r,5.638972803349505e-28,1.558157724053469e-29,19.522,0.03,RATIR
875,2458327.6921,i,4.742419852602429e-28,1.3104227279918287e-29,19.71,0.03,RATIR
876,2458328.4091,H,4.742419852602429e-28,9.609766671940079e-29,19.71,0.22,IOI
877,2458328.4282,z,7.870457896950936e-28,6.524281207751534e-29,19.16,0.09,IOO
878,2458328.4309,i,5.395106225151267e-28,4.969242171088944e-29,19.57,0.1,IOO
879,2458328.433,r,4.77749234659096e-28,4.4003797979100673e-29,19.701999999999998,0.1,IOO
880,2458328.4357,g,6.528298441586168e-28,3.0064927887934826e-29,19.363,0.05,IOO
881,2458328.4384,u,5.395106225151267e-28,8.944635907960099e-29,19.57,0.18,IOO
882,2458328.4411,B,5.597576014951116e-28,2.0622919830343983e-29,19.53,0.04,IOO
883,2458328.4437,V,4.570881896148789e-28,6.315117292275198e-29,19.75,0.15,IOO
884,2458328.6801,g,6.7732951400860696e-28,1.8715930201951004e-29,19.323,0.03,RATIR
885,2458328.6976,i,4.2854852039743745e-28,1.5788837446714099e-29,19.82,0.04,RATIR
886,2458328.7085,r,5.536049950434022e-28,2.0396241873202622e-29,19.541999999999998,0.04,RATIR
887,2458329.4314,z,7.2443596007499505e-28,5.33801941659755e-29,19.25,0.08,IOO
888,2458329.4341,i,4.487453899331295e-28,3.3065884861978777e-29,19.77,0.08,IOO
889,2458329.4368,r,5.002648624210031e-28,3.225434316060626e-29,19.652,0.07,IOO
890,2458329.4395,g,6.468446641717226e-28,2.9789290972263174e-29,19.373,0.05,IOO
891,2458329.4422,u,4.2854852039743745e-28,4.341930297846377e-29,19.82,0.11,IOO
892,2458329.4455,V,4.44631267469112e-28,2.866739313147079e-29,19.78,0.07,IOO
893,2458329.4476,B,5.395106225151267e-28,2.981545302653366e-29,19.57,0.06,IOO
894,2458329.7095,UVW1,3.8370724549227532e-28,8.128642024797211e-29,19.94,0.23,UVOT
895,2458329.7117,UVU,3.5318316979195844e-28,1.0409746185265423e-28,20.03,0.32,UVOT
896,2458329.7168,UVW2,2.5822601906345902e-28,5.946072097804619e-29,20.37,0.25,UVOT
897,2458329.7234,UVM2,2.249054605835764e-28,6.007422268512217e-29,20.52,0.29,UVOT
898,2458330.4098,H,6.137620051647946e-28,6.218460032064788e-29,19.43,0.11,IOI
899,2458330.4305,z,7.112135136533238e-28,3.275368488778317e-29,19.27,0.05,IOO
900,2458330.4332,i,4.613175745603772e-28,2.5494201412565743e-29,19.74,0.06,IOO
901,2458330.4372,r,4.733692033483018e-28,2.616022124058037e-29,19.712,0.06,IOO
902,2458330.4399,g,5.791619210831178e-28,1.6003368916361362e-29,19.493000000000002,0.03,IOO
903,2458330.4426,u,5.546257129579105e-28,3.0650771647300935e-29,19.54,0.06,IOO
904,2458330.4453,V,4.207266283844464e-28,2.71261527004801e-29,19.84,0.07,IOO
905,2458330.4467,B,5.011872336272715e-28,2.3081294723554916e-29,19.65,0.05,IOO
906,2458331.3686,UVW1,4.570881896148789e-28,8.841164209185278e-29,19.75,0.21,UVOT
907,2458331.3706,UVU,5.345643593969691e-28,1.1816841324055686e-28,19.58,0.24,UVOT
908,2458331.3753,UVW2,2.5822601906345902e-28,5.946072097804619e-29,20.37,0.25,UVOT
909,2458331.3813,UVM2,1.9408858775927794e-28,6.07811732874224e-29,20.68,0.34,UVOT
910,2458331.3983,z,6.854882264526648e-28,3.1568952125479637e-29,19.31,0.05,IOO
911,2458331.401,i,4.017908108489359e-28,1.8503767654459606e-29,19.89,0.05,IOO
912,2458331.4031,r,5.286886658508791e-28,1.4608694828706248e-29,19.592,0.03,IOO
913,2458331.407,g,6.0089695048348645e-28,1.6603949999543696e-29,19.453,0.03,IOO
914,2458331.4091,u,4.920395356814471e-28,4.985202995759342e-29,19.67,0.11,IOO
915,2458331.4118,B,5.199959965335131e-28,4.310549846920528e-29,19.61,0.09,IOO
916,2458331.4144,V,3.8725764492161806e-28,2.1401361974115392e-29,19.93,0.06,IOO
917,2458332.4313,UVW1,1.8535316234148142e-28,6.65816830737568e-29,20.73,0.39,UVOT
918,2458332.4335,UVU,4.742419852602429e-28,1.1356996975929184e-28,19.71,0.26,UVOT
919,2458332.4387,UVW2,2.443430552693961e-28,5.851450158427096e-29,20.43,0.26,UVOT
920,2458332.4452,UVM2,3.019951720402019e-28,6.953927697342772e-29,20.2,0.25,UVOT
921,2458332.763,UVW1,2.9922646366081827e-28,7.992601497802089e-29,20.21,0.29,UVOT
922,2458332.7638,UVU,2.535128630497886e-28,1.050757929192271e-28,20.39,0.45,UVOT
923,2458332.7672,UVW2,1.4588142602753415e-28,5.240283333401337e-29,20.99,0.39,UVOT
924,2458332.7701,UVM2,2.6061535499988763e-28,6.481177659571673e-29,20.36,0.27,UVOT
925,2458333.8993,UVW1,2.1086281499332973e-28,8.739823777010074e-29,20.59,0.45,UVOT
926,2458333.9002,UVU,4.2854852039743745e-28,1.3815232765874836e-28,19.82,0.35,UVOT
927,2458333.9025,UVW2,2.443430552693961e-28,6.976729035047692e-29,20.43,0.31,UVOT
928,2458333.9053,UVM2,2.6061535499988763e-28,8.161482978719886e-29,20.36,0.34,UVOT
929,2458335.3787000002,z,4.405548635065517e-28,5.275134222699798e-29,19.79,0.13,IOO
930,2458335.3826,i,2.9376496519615306e-28,1.8940358813420572e-29,20.23,0.07,IOO
931,2458335.3866,r,3.42925673297557e-28,1.895140499019381e-29,20.062,0.06,IOO
932,2458335.3906,g,4.043896205078194e-28,1.4898761002406534e-29,19.883000000000003,0.04,IOO
933,2458335.3946,u,3.9445730207527524e-28,4.7231693165502235e-29,19.91,0.13,IOO
934,2458335.3979,B,3.564511334262439e-28,1.6415728720007547e-29,20.02,0.05,IOO
935,2458335.4005,V,2.535128630497886e-28,1.4010105722563615e-29,20.39,0.06,IOO
936,2458335.6863,UVW1,2.6302679918953706e-28,6.541147258098462e-29,20.35,0.27,UVOT
937,2458335.6866,UVU,2.4210290467361604e-28,9.36568296609733e-29,20.44,0.42,UVOT
938,2458335.6916,UVW2,1.7218685749860096e-28,4.916452595059988e-29,20.81,0.31,UVOT
939,2458335.6936,UVM2,2.249054605835764e-28,5.593117284476893e-29,20.52,0.27,UVOT
940,2458337.9438,UVU,1.599558028614658e-28,7.955801192335961e-29,20.89,0.54,UVOT
941,2458337.9441,UVW1,1.976969640111858e-28,6.009026261738169e-29,20.66,0.33,UVOT
942,2458337.9488,UVW2,1.3551894123510296e-28,4.4935819143996555e-29,21.07,0.36,UVOT
943,2458337.9499,UVM2,1.4859356422870212e-28,4.65338600329361e-29,20.97,0.34,UVOT
944,2458340.396,z,3.564511334262439e-28,3.61146031840166e-29,20.02,0.11,IOO
945,2458340.399,i,1.6443717232149223e-28,1.6660301147061013e-29,20.86,0.11,IOO
946,2458340.4019,r,1.9915902890575915e-28,1.4675068907120504e-29,20.652,0.08,IOO
947,2458340.4048,g,2.5049554127725626e-28,1.3843356798964146e-29,20.403000000000002,0.06,IOO
948,2458340.408,u,2.7289777828080403e-28,5.781200055686186e-29,20.31,0.23,IOO
949,2458341.2028,UVW1,1.4321878992735395e-28,6.068033836841007e-29,21.01,0.46,UVOT
950,2458341.2044,UVU,3.2210687912834282e-28,1.0087163940649954e-28,20.13,0.34,UVOT
951,2458341.2091,UVW2,1.1066237839776676e-28,4.484797503455593e-29,21.29,0.44,UVOT
952,2458341.2143,UVM2,7.585775750291882e-29,4.3319342039062043e-29,21.7,0.62,UVOT
953,2458345.7141,UVU,9.289663867799362e-29,7.27292464550931e-29,21.48,0.85,UVOT
954,2458345.7144,UVW1,1.4859356422870212e-28,6.158893239653306e-29,20.97,0.45,UVOT
955,2458345.7182,UVW2,4.78630092322638e-29,3.482709523209763e-29,22.2,0.79,UVOT
956,2458345.7198,UVM2,1.0665961212302545e-28,4.2243375898407425e-29,21.33,0.43,UVOT
957,2458347.4132,z,2.1086281499332973e-28,3.495929510804029e-29,20.59,0.18,IOO
958,2458347.4161,i,1.247383514242933e-28,1.6084893800682567e-29,21.16,0.14,IOO
959,2458347.419,r,1.6262975210134022e-28,1.3481327889030686e-29,20.872,0.09,IOO
960,2458347.4219,g,1.6248003352273158e-28,1.7958555791404429e-29,20.873,0.12,IOO
961,2458347.4251,u,1.7060823890031208e-28,2.042836055728154e-29,20.82,0.13,IOO
962,2458354.9614,UVW2,2.333458062281014e-29,2.3856852253218435e-29,22.98,1.11,UVOT
963,2458354.9632,UVM2,2.511886431509572e-29,2.313610050206845e-29,22.9,1.0,UVOT
964,2458354.9656,UVW1,7.24435960074995e-29,3.669888348910816e-29,21.75,0.55,UVOT
965,2458365.3938,r,6.969473963563254e-29,7.061270479800661e-30,21.791999999999998,0.11,IOO
966,2458367.3992,r,5.238416190277918e-29,9.649841006314668e-30,22.102,0.2,IOO
967,2458367.4047,g,4.0438962050781943e-29,5.9595044009626144e-30,22.383000000000003,0.16,IOO
968,2458367.4107,z,6.309573444801943e-29,2.3246102771675203e-29,21.9,0.4,IOO
