,JD,Filter,Flux,eFlux,Mag,eMag,Telescope
0,2458214.7330092997,r,-6.254141824523617,17.01466153272254,19.075516703572294,99.0,P48
1,2458215.7493403,r,12.4935962612325,19.408482395090182,18.932596044198235,99.0,P48
2,2458216.7476967997,r,5.367684532879841,3.8471706103210415,20.689721373225247,99.0,P48
3,2458217.7962934,r,-0.8648078224211694,2.0376650274972135,21.37974300988872,99.0,P48
4,2458217.7962934,r,-0.8648078224211694,2.0376650274972135,21.37974300988872,99.0,P48
5,2458217.7962934,r,-0.8648078224211694,2.0376650274972135,21.37974300988872,99.0,P48
6,2458217.7962934,r,-0.8648078224211694,2.0376650274972135,21.37974300988872,99.0,P48
7,2458218.7783487667,r,-1.60968748203651,1.9831473819122944,21.40918751180004,99.0,P48
8,2458218.7783487667,r,-1.60968748203651,1.9831473819122944,21.40918751180004,99.0,P48
9,2458218.7783487667,r,-1.60968748203651,1.9831473819122944,21.40918751180004,99.0,P48
10,2458219.7406597333,r,-3.836413129561889,2.433193221544633,21.187133494351755,99.0,P48
11,2458219.7406597333,r,-3.836413129561889,2.433193221544633,21.187133494351755,99.0,P48
12,2458219.7406597333,r,-3.836413129561889,2.433193221544633,21.187133494351755,99.0,P48
13,2458221.7695409,r,-6.08910495375065,3.8028736797006686,20.70229524000129,99.0,P48
14,2458221.7695409,r,-6.08910495375065,3.8028736797006686,20.70229524000129,99.0,P48
15,2458221.7695409,r,-6.08910495375065,3.8028736797006686,20.70229524000129,99.0,P48
16,2458222.7720428,r,-2.019277367501505,4.455073708503491,20.530437754742017,99.0,P48
17,2458222.7720428,r,-2.019277367501505,4.455073708503491,20.530437754742017,99.0,P48
18,2458224.76668518,r,-3.026615731420114,2.322312878368176,21.23777316276064,99.0,P48
19,2458224.76668518,r,-3.026615731420114,2.322312878368176,21.23777316276064,99.0,P48
20,2458224.76668518,r,-3.026615731420114,2.322312878368176,21.23777316276064,99.0,P48
21,2458224.76668518,r,-3.026615731420114,2.322312878368176,21.23777316276064,99.0,P48
22,2458224.76668518,r,-3.026615731420114,2.322312878368176,21.23777316276064,99.0,P48
23,2458226.7668518997,r,-1.3230724097094826,3.3607035166091905,20.836499488096443,99.0,P48
24,2458227.76206595,r,0.5236498367566806,2.820893819288969,21.02660814098596,99.0,P48
25,2458227.76206595,r,0.5236498367566806,2.820893819288969,21.02660814098596,99.0,P48
26,2458230.74668405,r,0.9901932089396943,2.601858539334162,21.114365787474444,99.0,P48
27,2458230.74668405,r,0.9901932089396943,2.601858539334162,21.114365787474444,99.0,P48
28,2458231.73283565,r,1.355234993622209,3.119062896401828,20.91751465800224,99.0,P48
29,2458231.73283565,r,1.355234993622209,3.119062896401828,20.91751465800224,99.0,P48
30,2458233.6975752497,r,0.8659288565923702,3.7166070135032085,20.727208383898407,99.0,P48
31,2458233.6975752497,r,0.8659288565923702,3.7166070135032085,20.727208383898407,99.0,P48
32,2458242.7676851503,r,3.806490601133205,2.531374251248273,21.144184093632596,99.0,P48
33,2458242.7676851503,r,3.806490601133205,2.531374251248273,21.144184093632596,99.0,P48
34,2458243.6807639,r,-1.555316406043514,3.494604752905436,20.794079831043675,99.0,P48
35,2458244.6775694,r,3.540079743025375,3.2275865263243517,20.88038025460893,99.0,P48
36,2458245.6774421,r,-2.5896291817495927,3.6157855330578763,20.75706833217084,99.0,P48
37,2458245.6774421,r,-2.5896291817495927,3.6157855330578763,20.75706833217084,99.0,P48
38,2458246.7381597,r,-6.539414721604991,3.7975189969028653,20.703825101467096,99.0,P48
39,2458247.7409491,r,0.2703027298581403,3.2590203012405157,20.869857324657673,99.0,P48
40,2458248.74511575,r,-8.572534694734633,2.448583154878378,21.18028784560579,99.0,P48
41,2458248.74511575,r,-8.572534694734633,2.448583154878378,21.18028784560579,99.0,P48
42,2458249.7418866,r,10.28512433309201,6.556813844665086,20.110842854830626,99.0,P48
43,2458250.7233681,r,-1.9819094940489876,4.829115464396444,20.442906015340835,99.0,P48
44,2458254.7011169,r,-0.054805593790882415,2.1969456186364327,21.29802672193653,99.0,P48
45,2458254.7011169,r,-0.054805593790882415,2.1969456186364327,21.29802672193653,99.0,P48
46,2458255.7454051003,r,-0.918390105616467,3.7403569111697026,20.72029237593422,99.0,P48
47,2458256.7490509,r,-3.308584529912531,4.559412978864461,20.505302661254838,99.0,P48
48,2458257.74265625,r,-1.9419112255715547,2.8936217622498823,20.99897058417826,99.0,P48
49,2458257.74265625,r,-1.9419112255715547,2.8936217622498823,20.99897058417826,99.0,P48
50,2458258.7138773,r,-4.587734263569957,4.335090150488703,20.560079655936942,99.0,P48
51,2458260.7027257,r,-2.738701420695098,3.0308300841040996,20.948671015615083,99.0,P48
52,2458260.7027257,r,-2.738701420695098,3.0308300841040996,20.948671015615083,99.0,P48
53,2458263.7375462996,r,-7.748105935022826,4.093330010540534,20.622383090300772,99.0,P48
54,2458266.7488136496,r,4.113443608435366,4.945731126394661,20.416998733306812,99.0,P48
55,2458266.7488136496,r,4.113443608435366,4.945731126394661,20.416998733306812,99.0,P48
56,2458267.7869444,r,7.419813691284445,8.090998891159973,19.882569635024495,99.0,P48
57,2458269.6752604004,r,-13.467169785447119,3.4460405483198056,20.809274030837315,99.0,P48
58,2458269.6752604004,r,-13.467169785447119,3.4460405483198056,20.809274030837315,99.0,P48
59,2458272.6788021,r,0.5080471693336128,2.2495154477993444,21.272352539448022,99.0,P48
60,2458272.6788021,r,0.5080471693336128,2.2495154477993444,21.272352539448022,99.0,P48
61,2458274.7057407,r,-2.0342745130460798,3.4687466951864487,20.80214352241684,99.0,P48
62,2458276.7080093,r,-0.5092852196218235,2.936468907418889,20.983011472388142,99.0,P48
63,2458277.7412269,r,-4.18849026957096,3.2110902230060328,20.885943718545487,99.0,P48
64,2458278.7479282003,r,-3.076768998522158,3.487745592366368,20.796212992789748,99.0,P48
65,2458279.67574655,r,-0.1841152107276102,2.820125673701905,21.02690383345098,99.0,P48
66,2458279.67574655,r,-0.1841152107276102,2.820125673701905,21.02690383345098,99.0,P48
67,2458280.6951389,r,-3.0943549117597717,3.494416661309444,20.794138270657328,99.0,P48
68,2458281.704294,r,-9.558524250903703,3.598460182474754,20.762283235375783,99.0,P48
69,2458282.7049942,r,0.4168987147850459,2.3660762946799587,21.217503128049483,99.0,P48
70,2458282.7049942,r,0.4168987147850459,2.3660762946799587,21.217503128049483,99.0,P48
71,2458283.7068518996,r,-5.652240128269142,3.1800007472668503,20.896506934062213,99.0,P48
72,2458284.6964582996,r,-1.0480206568940051,3.5650816353554333,20.772401291573505,99.0,P48
73,2458288.748044,r,-1.1665417436079681,4.559201833965671,20.505352942501673,99.0,P48
74,2458291.7409722,r,-7.92983967183732,5.918791566460495,20.221992373361893,99.0,P48
75,2458294.7358218,r,3.037414761250441,5.250788231715294,20.352013731126597,99.0,P48
76,2458297.7843171,r,-10.312839135080807,11.77682362666409,19.475004561722443,99.0,P48
77,2458300.6827778,r,0.5948535451801922,4.241032593535699,20.58389596378862,99.0,P48
78,2458306.6752778,r,-2.8568248144281503,6.196940345870246,20.17213170044949,99.0,P48
79,2458319.7118634,r,-2.603465055622448,7.2627676311424985,19.999819615823434,99.0,P48
80,2458325.7159837997,r,2.467441738065757,10.59896617584399,19.58941622364484,99.0,P48
81,2458336.7023727,r,9.677307388698535,6.663964065144415,20.093243372886853,99.0,P48
82,2458424.0466898,r,4.210863351180549,8.451681429533553,19.835217192251836,99.0,P48
83,2458427.0456366,r,0.04693962699456569,5.119520846003527,20.379501699842677,99.0,P48
84,2458433.0515741003,r,-2.103737286943368,5.823625629401655,20.239591367486987,99.0,P48
85,2458439.0252778,r,-1.9888960930878838,3.737765607666657,20.721044830079308,99.0,P48
86,2458441.051956,r,-1.8500474203580553,2.7259477106877656,21.063781186878437,99.0,P48
87,2458441.051956,r,-1.8500474203580553,2.7259477106877656,21.063781186878437,99.0,P48
88,2458443.9513194496,r,-1.8180292904225481,5.253170465934217,20.351521254326467,99.0,P48
89,2458443.9513194496,r,-1.8180292904225481,5.253170465934217,20.351521254326467,99.0,P48
90,2458447.97282985,r,8.640952622045102,6.335657401491888,20.148095776933143,99.0,P48
91,2458447.97282985,r,8.640952622045102,6.335657401491888,20.148095776933143,99.0,P48
92,2458449.0276852,r,3.2735212037787798,4.54512462454899,20.508710499631377,99.0,P48
93,2458449.0276852,r,3.2735212037787798,4.54512462454899,20.508710499631377,99.0,P48
94,2458450.0323032,r,-1.3710533849074007,5.24217796461296,20.35379558778161,99.0,P48
95,2458455.9894502,r,-2.521107693738979,5.2206797070019535,20.35825736489995,99.0,P48
96,2458455.9894502,r,-2.521107693738979,5.2206797070019535,20.35825736489995,99.0,P48
97,2458462.0499074,r,-1.4769596217668899,3.1387703502116353,20.910676135466055,99.0,P48
98,2458466.009294,r,-0.3207824840782858,3.5423433782951297,20.77934834570445,99.0,P48
99,2458468.0520255,r,0.29587438525752674,3.7872074078969167,20.70677726396116,99.0,P48
100,2458469.0346296,r,0.9457972126104831,3.1156835064977564,20.91869165096749,99.0,P48
101,2458473.053206,r,3.2447490380028685,3.7008317026188164,20.731826649757664,99.0,P48
102,2458477.026875,r,-6.588071213677525,5.399745480679881,20.321641765038322,99.0,P48
103,2458481.0570949,r,3.0857580667611386,5.760822363750842,20.251363779496778,99.0,P48
104,2458486.9873321997,r,0.8347193602509224,2.2776312817876594,21.258866441828083,99.0,P48
105,2458486.9873321997,r,0.8347193602509224,2.2776312817876594,21.258866441828083,99.0,P48
106,2458488.0375231,r,0.2461447536026988,2.766426507447161,21.047777145938433,99.0,P48
107,2458492.0387905,r,0.3587214107598057,2.7087166886791487,21.070666030450823,99.0,P48
108,2458492.0387905,r,0.3587214107598057,2.7087166886791487,21.070666030450823,99.0,P48
109,2458492.9867014,r,-3.5032572963862227,6.0197878494193215,20.20362202407604,99.0,P48
110,2458494.0111574,r,-0.9783739119008409,3.276178586102995,20.864156070812363,99.0,P48
111,2458503.98788775,r,1.1134403309415823,8.952791258390285,19.772678842455235,99.0,P48
112,2458503.98788775,r,1.1134403309415823,8.952791258390285,19.772678842455235,99.0,P48
113,2458507.05510995,r,-0.33071447397432435,8.341052492665197,19.84952285329789,99.0,P48
114,2458507.05510995,r,-0.33071447397432435,8.341052492665197,19.84952285329789,99.0,P48
115,2458508.9859144,r,-5.830600972565326,6.739117406594472,20.08106743274177,99.0,P48
116,2458509.9861632,r,3.0752669972709326,4.353326384875734,20.555521916581917,99.0,P48
117,2458509.9861632,r,3.0752669972709326,4.353326384875734,20.555521916581917,99.0,P48
118,2458511.9023495,r,3.961135943099758,4.165220688988735,20.603479946909246,99.0,P48
119,2458512.9522454,r,6.277583213136903,15.211915097648097,19.197115257120096,99.0,P48
120,2458512.9522454,r,6.277583213136903,15.211915097648097,19.197115257120096,99.0,P48
121,2458513.9496528,r,-18.783598530179113,14.204896481910275,19.271479806279192,99.0,P48
122,2458514.9318403,r,-11.350157936757393,14.185894540442865,19.272933171835383,99.0,P48
123,2458523.0362558,r,-0.21403804426539774,2.5104967452832403,21.15317583247859,99.0,P48
124,2458523.0362558,r,-0.21403804426539774,2.5104967452832403,21.15317583247859,99.0,P48
125,2458524.9493287,r,-3.255752670063365,3.8502274038863,20.68885903724817,99.0,P48
126,2458526.9997743,r,6.098639174414008,4.727928835298974,20.465897661836074,99.0,P48
127,2458526.9997743,r,6.098639174414008,4.727928835298974,20.465897661836074,99.0,P48
128,2458534.8801447,r,3.848558325563259,10.112732485303544,19.640403691935745,99.0,P48
129,2458534.8801447,r,3.848558325563259,10.112732485303544,19.640403691935745,99.0,P48
130,2458538.8488483997,r,-4.491175399658825,12.363468790131051,19.422224147015278,99.0,P48
131,2458538.8488483997,r,-4.491175399658825,12.363468790131051,19.422224147015278,99.0,P48
132,2458539.8392014,r,5.828295352228855,6.077025375579415,20.193347364619164,99.0,P48
133,2458540.8291551,r,5.706397940083264,3.339492249946145,20.84337388935378,99.0,P48
134,2458543.8579745498,r,2.107988943041518,2.30164803104356,21.247477709455666,99.0,P48
135,2458543.8579745498,r,2.107988943041518,2.30164803104356,21.247477709455666,99.0,P48
136,2458558.8478008998,r,-9.255248179218118,4.555806055197178,20.506161920435147,99.0,P48
137,2458562.8504051,r,-24.310839529225404,12.159724927650325,19.440265612623016,99.0,P48
138,2458562.8504051,r,-24.310839529225404,12.159724927650325,19.440265612623016,99.0,P48
139,2458567.82684025,r,-0.4795040413436777,2.9348908977357593,20.98359508584143,99.0,P48
140,2458567.82684025,r,-0.4795040413436777,2.9348908977357593,20.98359508584143,99.0,P48
141,2458568.7900579,r,-1.7019072654179968,2.9443853661221437,20.98008836271068,99.0,P48
142,2458569.8753009,r,-6.402370400425157,4.689512494585798,20.4747557458668,99.0,P48
143,2458572.807037,r,-0.19658133949699527,4.486588563444854,20.522784376737075,99.0,P48
144,2458572.807037,r,-0.19658133949699527,4.486588563444854,20.522784376737075,99.0,P48
145,2458573.7795255003,r,-5.5662121063096235,3.825878242217327,20.695747127711794,99.0,P48
146,2458574.7790972,r,93.16008608983356,148.43078468108916,16.72376503076145,99.0,P48
147,2458575.8666898003,r,16.59185189630892,15.126019028260165,19.203263383172235,99.0,P48
148,2458575.8666898003,r,16.59185189630892,15.126019028260165,19.203263383172235,99.0,P48
149,2458580.7880208,r,-1.9416988281895127,2.2898756981165453,21.253045218995005,99.0,P48
150,2458580.7880208,r,-1.9416988281895127,2.2898756981165453,21.253045218995005,99.0,P48
151,2458581.7671412,r,-2.22515827622652,3.5057077110537755,20.79063572942333,99.0,P48
152,2458582.7848611,r,-1.0050228794125362,3.271908639958298,20.865572067764976,99.0,P48
153,2458584.82065395,r,3.265350979665923,2.634021623972497,21.101026649219136,99.0,P48
154,2458584.82065395,r,3.265350979665923,2.634021623972497,21.101026649219136,99.0,P48
155,2458585.8187384,r,2.0766320863244228,3.3856515642760026,20.82846933796654,99.0,P48
156,2458586.738125,r,0.60908987297616,4.027028586503612,20.640113207842695,99.0,P48
157,2458587.7661979,r,7.995370165538102,8.369338986528664,19.845847092635402,99.0,P48
158,2458587.7661979,r,7.995370165538102,8.369338986528664,19.845847092635402,99.0,P48
159,2458588.8443981004,r,-37.59597911394933,52.97422757394764,17.84241340688824,99.0,P48
160,2458589.7645486,r,-0.43195841851974365,10.406305066340181,19.60933360586193,99.0,P48
161,2458591.850463,r,2.31294085923434,8.018396985152958,19.892356104012837,99.0,P48
162,2458591.850463,r,2.31294085923434,8.018396985152958,19.892356104012837,99.0,P48
163,2458592.7811457994,r,-5.300649999896802,8.990603071374775,19.76810292840701,99.0,P48
164,2458594.8266204,r,5.86699156938276,6.362632099467066,20.14348295876489,99.0,P48
165,2458594.8266204,r,5.86699156938276,6.362632099467066,20.14348295876489,99.0,P48
166,2458596.7666551,r,3.487952459331509,3.88668803929832,20.678625779496087,99.0,P48
167,2458597.8225347,r,1.5375454766370995,2.7488359448936954,21.054702936162286,99.0,P48
168,2458597.8225347,r,1.5375454766370995,2.7488359448936954,21.054702936162286,99.0,P48
169,2458599.948125,r,-3.462056558974242,2.59716996359007,21.11632406018299,99.0,P48
170,2458601.7817708,r,0.17444987372118775,2.6438358881566155,21.096988755355923,99.0,P48
171,2458602.7785764,r,-0.30097891044577735,10.256100714586998,19.62511929677531,99.0,P48
172,2458606.7284317,r,10.058755455792442,2.213106918520834,21.393704997549484,0.23882950237854314,P48
173,2458606.7284317,r,10.058755455792442,2.213106918520834,21.393704997549484,0.23882950237854314,P48
174,2458607.7353241,r,65.58961602222757,3.747700491127858,19.35797790117579,0.062023977724471616,P48
175,2458608.7446644,r,75.6450348260097,3.665703024442619,19.203114554385973,0.05260253554228369,P48
176,2458612.7178588,r,68.8093522649783,2.312288407775441,19.305946948167257,0.03647744069693478,P48
177,2458612.7178588,r,68.8093522649783,2.312288407775441,19.305946948167257,0.03647744069693478,P48
178,2458616.681169,r,47.72549432000718,3.8004260697032093,19.703189533974196,0.0864393875315698,P48
179,2458616.681169,r,47.72549432000718,3.8004260697032093,19.703189533974196,0.0864393875315698,P48
180,2458617.7565741,r,44.89379970897229,5.755143511293179,19.769599710649157,0.13915525800905207,P48
181,2458618.8058681,r,54.31961841923003,7.044814286062095,19.562673846080354,0.14078055277378732,P48
182,2458628.8242245,r,48.77706769814266,3.3171773137852494,19.679526400931316,0.07382149325575386,P48
183,2458628.8242245,r,48.77706769814266,3.3171773137852494,19.679526400931316,0.07382149325575386,P48
184,2458632.6824884,r,50.627930231384056,3.7589628543911817,19.639090189923298,0.08059492378600601,P48
185,2458633.6942245,r,45.84955326719892,2.515755874666677,19.746727851031338,0.059561169244899674,P48
186,2458633.6942245,r,45.84955326719892,2.515755874666677,19.746727851031338,0.059561169244899674,P48
187,2458634.7759144,r,44.9788037849932,3.5426363391121303,19.7675458693934,0.08549653219966794,P48
188,2458635.7440278,r,39.360040379027176,3.2036859833261824,19.91242678403872,0.08835359672937722,P48
189,2458637.6982523,r,37.848253256153946,3.1717707309966747,19.954951019608686,0.09096739828903681,P48
190,2458638.7221875,r,27.000448875858147,2.873675307626793,20.321638161635892,0.11553046991074298,P48
191,2458639.6874074,r,31.193764570618555,2.3488777762926034,20.16489614710885,0.0817377082010548,P48
192,2458639.6874074,r,31.193764570618555,2.3488777762926034,20.16489614710885,0.0817377082010548,P48
193,2458640.7280093,r,32.999990846870425,3.4843801935270076,20.10378107373556,0.11461502270180972,P48
194,2458642.7370139,r,28.954712898455004,3.140705239312515,20.24576746471356,0.11774371755057701,P48
195,2458648.7049768995,r,25.235568637086605,8.057718608237689,20.395032884265532,0.34660021634653343,P48
196,2458651.7406134,r,32.1947378062708,7.742399284607024,20.130603390904255,0.2610480779192413,P48
197,2458654.6822801004,r,14.963801632827339,3.5309573178861253,20.96246076639977,0.2561417387515307,P48
198,2458661.7053472,r,13.17634173260628,3.72887999384102,21.100578497599635,0.3071944637939951,P48
199,2458667.7249768996,r,2.9699880281856146,3.9352277831513445,20.66515029983482,99.0,P48
200,2458670.6796412,r,8.41762554495977,4.491588853737489,20.521575000598894,99.0,P48
201,2458673.7044444,r,8.888300178662995,4.379830756719977,20.54893166657704,99.0,P48
202,2458676.6978935003,r,11.117001918085574,5.825494341092292,20.239243027361503,99.0,P48
203,2458677.6984953997,r,2.239118142219262,5.2981140849003285,20.342271724722558,99.0,P48
204,2458678.702662,r,10.677087780351707,5.572713541288482,20.287408191063307,99.0,P48
205,2458679.6978471996,r,9.374363409517123,4.5900127635641335,20.498040256178584,99.0,P48
206,2458679.6978471996,r,9.374363409517123,4.5900127635641335,20.498040256178584,99.0,P48
207,2458680.7441551,r,14.749498207400748,10.911860320287829,19.557827993999474,99.0,P48
208,2458681.7387384,r,9.353291370503952,12.204527818560267,19.43627253505358,99.0,P48
209,2458682.74694445,r,9.806781653066144,6.361815094693915,20.14362238355079,99.0,P48
210,2458682.74694445,r,9.806781653066144,6.361815094693915,20.14362238355079,99.0,P48
211,2458690.6753819,r,10.52584558672087,4.909895118164704,20.424894451362114,99.0,P48
212,2458694.6812731004,r,14.124495597374052,4.478756603715132,21.025133253299295,0.3442027546977772,P48
213,2458786.0093634,r,10.441589123987086,6.2564842758882495,20.161749095629716,99.0,P48
214,2458793.0148264,r,-0.9949537760527227,5.622877371408642,20.277678458806008,99.0,P48
215,2458799.9906597002,r,2.965430285933495,9.933952500652767,19.65976979146395,99.0,P48
216,2458813.0562384,r,-2.9534183479125624,4.863037132232983,20.435306024954542,99.0,P48
217,2458827.9416435002,r,4.90224726464878,9.947977960630341,19.65823795307012,99.0,P48
218,2458833.9741435,r,5.934594417197499,6.676688686917184,20.091172171874874,99.0,P48
219,2458833.9741435,r,5.934594417197499,6.676688686917184,20.091172171874874,99.0,P48
220,2458837.0079397997,r,-4.051205320554041,4.087809889865204,20.623848264067348,99.0,P48
221,2458853.0645486503,r,3.314941186384643,2.628729987128115,21.103210040747037,99.0,P48
222,2458853.0645486503,r,3.314941186384643,2.628729987128115,21.103210040747037,99.0,P48
223,2458856.8649421004,r,-14.945797330872866,15.699616822493454,19.16285235716672,99.0,P48
224,2458859.9457002003,r,5.7035206469149395,3.500536095694605,20.792238588589292,99.0,P48
225,2458859.9457002003,r,5.7035206469149395,3.500536095694605,20.792238588589292,99.0,P48
226,2458859.9457002003,r,5.7035206469149395,3.500536095694605,20.792238588589292,99.0,P48
227,2458859.9457002003,r,5.7035206469149395,3.500536095694605,20.792238588589292,99.0,P48
228,2458860.8864814998,r,5.514291386946425,7.63774019098294,19.945162786359695,99.0,P48
229,2458862.0282523,r,-4.089946022241861,7.7454361302221875,19.929960296537722,99.0,P48
230,2458862.9036998334,r,-0.7906250513098247,4.8822516324797265,20.431024590897252,99.0,P48
231,2458862.9036998334,r,-0.7906250513098247,4.8822516324797265,20.431024590897252,99.0,P48
232,2458862.9036998334,r,-0.7906250513098247,4.8822516324797265,20.431024590897252,99.0,P48
233,2458864.0481597,r,-2.802738692600501,4.505419249528243,20.518236963533283,99.0,P48
234,2458864.9216088,r,1.5036584881830979,2.8264336468319793,21.024478003041253,99.0,P48
235,2458864.9216088,r,1.5036584881830979,2.8264336468319793,21.024478003041253,99.0,P48
236,2458867.0263657,r,1.9078968578548874,3.8983817674547865,20.67536407115132,99.0,P48
237,2458867.9866955997,r,3.1711394224420415,2.5179303506777564,21.149965707231008,99.0,P48
238,2458867.9866955997,r,3.1711394224420415,2.5179303506777564,21.149965707231008,99.0,P48
239,2458872.0078819334,r,-1.3070325935821174,2.359390898315735,21.220575239831085,99.0,P48
240,2458872.0078819334,r,-1.3070325935821174,2.359390898315735,21.220575239831085,99.0,P48
241,2458872.0078819334,r,-1.3070325935821174,2.359390898315735,21.220575239831085,99.0,P48
242,2458873.7802604,r,6.8854886121965935,3.270548356601962,20.86602355224879,99.0,P48
243,2458873.7802604,r,6.8854886121965935,3.270548356601962,20.86602355224879,99.0,P48
244,2458874.8290278,r,2.12516386978064,2.734970629118862,21.060193322157353,99.0,P48
245,2458875.9464930333,r,3.2007134200497345,2.0416074235830717,21.37764439865453,99.0,P48
246,2458875.9464930333,r,3.2007134200497345,2.0416074235830717,21.37764439865453,99.0,P48
247,2458875.9464930333,r,3.2007134200497345,2.0416074235830717,21.37764439865453,99.0,P48
248,2458876.7890451495,r,0.6480697998985331,2.9136362850158157,20.99148664671555,99.0,P48
249,2458876.7890451495,r,0.6480697998985331,2.9136362850158157,20.99148664671555,99.0,P48
250,2458877.92060185,r,4.424125113611961,2.323312675867773,21.23730583436888,99.0,P48
251,2458877.92060185,r,4.424125113611961,2.323312675867773,21.23730583436888,99.0,P48
252,2458878.8532369,r,0.7448895656467367,2.9953793377631697,20.961445414946635,99.0,P48
253,2458878.8532369,r,0.7448895656467367,2.9953793377631697,20.961445414946635,99.0,P48
254,2458878.8532369,r,0.7448895656467367,2.9953793377631697,20.961445414946635,99.0,P48
255,2458879.84881945,r,8.017589859405849,4.9045644302124884,20.426073878807223,99.0,P48
256,2458879.84881945,r,8.017589859405849,4.9045644302124884,20.426073878807223,99.0,P48
257,2458880.8939641,r,6.817629391592294,2.6967949928373964,21.0754551562716,99.0,P48
258,2458880.8939641,r,6.817629391592294,2.6967949928373964,21.0754551562716,99.0,P48
259,2458881.8996990668,r,-0.8392530088243604,2.028178404523003,21.384809603763983,99.0,P48
260,2458881.8996990668,r,-0.8392530088243604,2.028178404523003,21.384809603763983,99.0,P48
261,2458881.8996990668,r,-0.8392530088243604,2.028178404523003,21.384809603763983,99.0,P48
262,2458884.0383565,r,3.0342655437570163,3.697574790296795,20.732782571240364,99.0,P48
263,2458884.0383565,r,3.0342655437570163,3.697574790296795,20.732782571240364,99.0,P48
264,2458885.0004861336,r,5.097316918491577,3.8207477068600273,20.697204086339088,99.0,P48
265,2458885.0004861336,r,5.097316918491577,3.8207477068600273,20.697204086339088,99.0,P48
266,2458885.0004861336,r,5.097316918491577,3.8207477068600273,20.697204086339088,99.0,P48
267,2458885.8633391,r,4.404966012878027,5.664130131333776,20.269741932773925,99.0,P48
268,2458885.8633391,r,4.404966012878027,5.664130131333776,20.269741932773925,99.0,P48
269,2458886.8988252496,r,-3.440710038355349,4.403195362261423,20.543155102180528,99.0,P48
270,2458886.8988252496,r,-3.440710038355349,4.403195362261423,20.543155102180528,99.0,P48
271,2458888.0121181,r,-7.471516501080877,7.571743846719228,19.954585205935203,99.0,P48
272,2458888.942581,r,0.5423859591057022,6.831600897088163,20.06626877193912,99.0,P48
273,2458888.942581,r,0.5423859591057022,6.831600897088163,20.06626877193912,99.0,P48
274,2458890.941875,r,8.88162227153546,6.946431471168538,20.04817060012799,99.0,P48
275,2458890.941875,r,8.88162227153546,6.946431471168538,20.04817060012799,99.0,P48
276,2458890.941875,r,8.88162227153546,6.946431471168538,20.04817060012799,99.0,P48
277,2458891.99935185,r,0.7205790909555454,3.678929092208271,20.738271445893254,99.0,P48
278,2458891.99935185,r,0.7205790909555454,3.678929092208271,20.738271445893254,99.0,P48
279,2458892.81619215,r,3.3783989122062255,4.6999696150018835,20.472337363511976,99.0,P48
280,2458892.81619215,r,3.3783989122062255,4.6999696150018835,20.472337363511976,99.0,P48
281,2458893.8106134334,r,-0.07770628944480132,2.14060400345682,21.32623415583749,99.0,P48
282,2458893.8106134334,r,-0.07770628944480132,2.14060400345682,21.32623415583749,99.0,P48
283,2458893.8106134334,r,-0.07770628944480132,2.14060400345682,21.32623415583749,99.0,P48
284,2458894.9797569504,r,-1.1990255051558267,2.709471336167194,21.070363586865938,99.0,P48
285,2458894.9797569504,r,-1.1990255051558267,2.709471336167194,21.070363586865938,99.0,P48
286,2458895.9535358497,r,2.634527930796449,2.5597824458047365,21.132067347952017,99.0,P48
287,2458895.9535358497,r,2.634527930796449,2.5597824458047365,21.132067347952017,99.0,P48
288,2458898.88640625,r,3.0056243435227774,1.3921542368753927,21.793356605511743,99.0,P48
289,2458898.88640625,r,3.0056243435227774,1.3921542368753927,21.793356605511743,99.0,P48
290,2458898.88640625,r,3.0056243435227774,1.3921542368753927,21.793356605511743,99.0,P48
291,2458898.88640625,r,3.0056243435227774,1.3921542368753927,21.793356605511743,99.0,P48
292,2458899.9047395755,r,5.131567007006489,1.6155984321573025,22.12444061175507,0.34175371688847833,P48
293,2458899.9047395755,r,5.131567007006489,1.6155984321573025,22.12444061175507,0.34175371688847833,P48
294,2458899.9047395755,r,5.131567007006489,1.6155984321573025,22.12444061175507,0.34175371688847833,P48
295,2458899.9047395755,r,5.131567007006489,1.6155984321573025,22.12444061175507,0.34175371688847833,P48
296,2458900.9274971,r,1.1475712127420685,2.2561827504724303,21.26913930284615,99.0,P48
297,2458900.9274971,r,1.1475712127420685,2.2561827504724303,21.26913930284615,99.0,P48
298,2458900.9274971,r,1.1475712127420685,2.2561827504724303,21.26913930284615,99.0,P48
299,2458900.9274971,r,1.1475712127420685,2.2561827504724303,21.26913930284615,99.0,P48
300,2458901.9216628335,r,2.258373510408162,1.2171830465598694,21.939185252432253,99.0,P48
301,2458901.9216628335,r,2.258373510408162,1.2171830465598694,21.939185252432253,99.0,P48
302,2458901.9216628335,r,2.258373510408162,1.2171830465598694,21.939185252432253,99.0,P48
303,2458901.9216628335,r,2.258373510408162,1.2171830465598694,21.939185252432253,99.0,P48
304,2458901.9216628335,r,2.258373510408162,1.2171830465598694,21.939185252432253,99.0,P48
305,2458901.9216628335,r,2.258373510408162,1.2171830465598694,21.939185252432253,99.0,P48
306,2458903.9327711714,r,3.37671605180066,1.1078971267759876,22.5788292664598,0.35615145385826175,P48
307,2458903.9327711714,r,3.37671605180066,1.1078971267759876,22.5788292664598,0.35615145385826175,P48
308,2458903.9327711714,r,3.37671605180066,1.1078971267759876,22.5788292664598,0.35615145385826175,P48
309,2458903.9327711714,r,3.37671605180066,1.1078971267759876,22.5788292664598,0.35615145385826175,P48
310,2458903.9327711714,r,3.37671605180066,1.1078971267759876,22.5788292664598,0.35615145385826175,P48
311,2458903.9327711714,r,3.37671605180066,1.1078971267759876,22.5788292664598,0.35615145385826175,P48
312,2458903.9327711714,r,3.37671605180066,1.1078971267759876,22.5788292664598,0.35615145385826175,P48
313,2458904.973179,r,2.0243641134116706,2.1410715777875167,21.325997023260935,99.0,P48
314,2458904.973179,r,2.0243641134116706,2.1410715777875167,21.325997023260935,99.0,P48
315,2458904.973179,r,2.0243641134116706,2.1410715777875167,21.325997023260935,99.0,P48
316,2458906.9778125,r,1.7794697408784206,2.546165416859919,21.137858451494473,99.0,P48
317,2458906.9778125,r,1.7794697408784206,2.546165416859919,21.137858451494473,99.0,P48
318,2458906.9778125,r,1.7794697408784206,2.546165416859919,21.137858451494473,99.0,P48
319,2458908.953645867,r,0.3319871294173286,1.7726924441441656,21.53099150520185,99.0,P48
320,2458908.953645867,r,0.3319871294173286,1.7726924441441656,21.53099150520185,99.0,P48
321,2458908.953645867,r,0.3319871294173286,1.7726924441441656,21.53099150520185,99.0,P48
322,2458911.8018518668,r,5.645503550945,3.24543477919964,20.8743927744093,99.0,P48
323,2458911.8018518668,r,5.645503550945,3.24543477919964,20.8743927744093,99.0,P48
324,2458911.8018518668,r,5.645503550945,3.24543477919964,20.8743927744093,99.0,P48
325,2458912.9459529333,r,0.8515820257340319,1.9799335272507597,21.410948464557634,99.0,P48
326,2458912.9459529333,r,0.8515820257340319,1.9799335272507597,21.410948464557634,99.0,P48
327,2458912.9459529333,r,0.8515820257340319,1.9799335272507597,21.410948464557634,99.0,P48
328,2458913.9515895,r,3.509996452678266,2.9520565362869475,20.977263312615158,99.0,P48
329,2458913.9515895,r,3.509996452678266,2.9520565362869475,20.977263312615158,99.0,P48
330,2458913.9515895,r,3.509996452678266,2.9520565362869475,20.977263312615158,99.0,P48
331,2458914.8607677333,r,3.821465742361115,3.0455199911612327,20.94342135263932,99.0,P48
332,2458914.8607677333,r,3.821465742361115,3.0455199911612327,20.94342135263932,99.0,P48
333,2458914.8607677333,r,3.821465742361115,3.0455199911612327,20.94342135263932,99.0,P48
334,2458915.922473,r,9.795051531707012,5.058338198662654,20.392555332282143,99.0,P48
335,2458915.922473,r,9.795051531707012,5.058338198662654,20.392555332282143,99.0,P48
336,2458915.922473,r,9.795051531707012,5.058338198662654,20.392555332282143,99.0,P48
337,2458936.9130903,r,0.516401281314536,1.9656048235064574,21.418834466128466,99.0,P48
338,2458936.9130903,r,0.516401281314536,1.9656048235064574,21.418834466128466,99.0,P48
339,2458936.9130903,r,0.516401281314536,1.9656048235064574,21.418834466128466,99.0,P48
340,2458939.8741743662,r,1.8905508151137906,10.468571123327848,19.602856469204106,99.0,P48
341,2458939.8741743662,r,1.8905508151137906,10.468571123327848,19.602856469204106,99.0,P48
342,2458939.8741743662,r,1.8905508151137906,10.468571123327848,19.602856469204106,99.0,P48
343,2458940.8254572,r,16.075324254225166,21.95803010064259,18.79859154894008,99.0,P48
344,2458940.8254572,r,16.075324254225166,21.95803010064259,18.79859154894008,99.0,P48
345,2458941.88164355,r,3.2298408723447594,3.471950841674938,20.801141070407784,99.0,P48
346,2458941.88164355,r,3.2298408723447594,3.471950841674938,20.801141070407784,99.0,P48
347,2458944.8738194667,r,2.324216007467042,4.720481185515375,20.467609311662304,99.0,P48
348,2458944.8738194667,r,2.324216007467042,4.720481185515375,20.467609311662304,99.0,P48
349,2458944.8738194667,r,2.324216007467042,4.720481185515375,20.467609311662304,99.0,P48
350,2458954.761821,r,1.9980344488704642,1.7445862890698993,21.548343851718663,99.0,P48
351,2458954.761821,r,1.9980344488704642,1.7445862890698993,21.548343851718663,99.0,P48
352,2458954.761821,r,1.9980344488704642,1.7445862890698993,21.548343851718663,99.0,P48
353,2458955.7472338,r,3.676401038885835,2.0889731871328285,21.35274282500979,99.0,P48
354,2458955.7472338,r,3.676401038885835,2.0889731871328285,21.35274282500979,99.0,P48
355,2458956.7846412,r,4.733456069107286,2.9443716330775036,20.98009342675519,99.0,P48
356,2458962.7847569,r,0.269980084577263,3.3750721519290097,20.831867335242578,99.0,P48
357,2458965.7759375,r,3.5692915993037295,3.1430808465430276,20.909186108875033,99.0,P48
358,2458968.867963,r,0.9027061389325621,3.19944320696086,20.88988897553542,99.0,P48
359,2458969.7990741003,r,3.414931269426111,6.048565271127067,20.198444060266887,99.0,P48
360,2458970.6980671003,r,0.09182950579332964,4.316611991744825,20.56471745694329,99.0,P48
361,2458971.7033487335,r,-1.1538136104653178,2.5588556125589776,21.132460537081712,99.0,P48
362,2458971.7033487335,r,-1.1538136104653178,2.5588556125589776,21.132460537081712,99.0,P48
363,2458971.7033487335,r,-1.1538136104653178,2.5588556125589776,21.132460537081712,99.0,P48
364,2458972.6953819,r,-2.794791765444135,6.66579626723233,20.092944899680404,99.0,P48
365,2458973.6865856005,r,-5.257107198946048,5.922138157844983,20.221378652039327,99.0,P48
366,2458974.7578935,r,4.609621691973807,4.615670139883204,20.491988078450284,99.0,P48
367,2458974.7578935,r,4.609621691973807,4.615670139883204,20.491988078450284,99.0,P48
368,2458975.6735994997,r,-0.07386783821532733,6.16834620561565,20.177153136633372,99.0,P48
369,2458976.7601678,r,0.8560928304844688,4.979407853498837,20.409630739313016,99.0,P48
370,2458976.7601678,r,0.8560928304844688,4.979407853498837,20.409630739313016,99.0,P48
371,2458977.74230905,r,0.7494523481863726,11.574294453632737,19.493838672274734,99.0,P48
372,2458977.74230905,r,0.7494523481863726,11.574294453632737,19.493838672274734,99.0,P48
373,2458978.7443866003,r,-1.8824791420542277,4.535532280916796,20.511004333382,99.0,P48
374,2458980.7605093,r,4.108131620744202,1.8976214662118058,21.457051027850294,99.0,P48
375,2458980.7605093,r,4.108131620744202,1.8976214662118058,21.457051027850294,99.0,P48
376,2458981.7451852,r,6.604864080893916,3.39251622908923,20.826270154382808,99.0,P48
377,2458986.758912,r,-1.1787978679915272,2.967699372509682,20.9715252269828,99.0,P48
378,2458987.8020369997,r,-2.347679482671321,2.7903245390879925,21.038438193038537,99.0,P48
379,2458991.71340855,r,2.7802625755400254,1.9636890536734248,21.419893191129717,99.0,P48
380,2458991.71340855,r,2.7802625755400254,1.9636890536734248,21.419893191129717,99.0,P48
381,2458992.7386227003,r,2.860322215156905,3.0897721070975828,20.927758868494198,99.0,P48
382,2458993.7804861,r,-1.8374784968121725,3.205390075784525,20.88787276922458,99.0,P48
383,2458994.70274305,r,6.766909057950287,2.121515538570464,21.824089772434483,0.3403186148057668,P48
384,2458994.70274305,r,6.766909057950287,2.121515538570464,21.824089772434483,0.3403186148057668,P48
385,2458995.7324421,r,3.9604636495666043,3.1197327586780457,20.917281506038783,99.0,P48
386,2458996.7471065,r,-4.159937913919143,3.2075524346608546,20.887140577596522,99.0,P48
387,2458997.7452835497,r,1.9751204144484142,2.3324197439210597,21.233058216497184,99.0,P48
388,2458997.7452835497,r,1.9751204144484142,2.3324197439210597,21.233058216497184,99.0,P48
389,2458998.7346875,r,2.007458676075231,3.4843257083837256,20.797278125945635,99.0,P48
390,2458999.7790625,r,1.5924659113928472,5.141059248103318,20.374943466860557,99.0,P48
391,2459004.7386689996,r,-6.235191334836195,6.325279778477283,20.14987563941716,99.0,P48
392,2459009.675625,r,5.309069107549482,4.153328472137877,20.60658429093269,99.0,P48
393,2459012.7294907,r,2.3920224287441503,3.2058341913488597,20.887722347923447,99.0,P48
394,2459016.7280902998,r,10.22807493070129,6.121389648186864,20.18544992724766,99.0,P48
395,2459019.7172106,r,1.8430238520459423,3.3887497705867484,20.827476236191302,99.0,P48
396,2459022.7234954,r,-0.17882221399749643,3.0524968272141044,20.940936936138637,99.0,P48
397,2459025.6745139,r,10.277704550612555,6.865248626624564,20.060934314319105,99.0,P48
398,2459028.7188079,r,-0.8265671462716215,5.2597982596487185,20.350152271552012,99.0,P48
399,2459031.7201157003,r,-1.4757133142109589,5.651667950064285,20.272133394121603,99.0,P48
400,2459036.7801968,r,-13.744081783121187,9.427060466236187,19.716634257398766,99.0,P48
401,2459039.7174421,r,1.1885515204094863,3.4408419192422954,20.810913187858866,99.0,P48
402,2459042.7264468,r,3.135636668569118,4.657713906652424,20.482142966393006,99.0,P48
403,2459045.7054051002,r,-0.6440986335991866,3.8174330476446663,20.69814641694323,99.0,P48
404,2459055.6636457997,r,3.3896628036885588,9.89384934386121,19.664161756742644,99.0,P48
405,2459060.672364025,r,5.040554267746406,2.8161847584829687,21.02842212989041,99.0,P48
406,2459060.672364025,r,5.040554267746406,2.8161847584829687,21.02842212989041,99.0,P48
407,2459060.672364025,r,5.040554267746406,2.8161847584829687,21.02842212989041,99.0,P48
408,2459060.672364025,r,5.040554267746406,2.8161847584829687,21.02842212989041,99.0,P48
409,2459066.66859952,r,-2.478551041957026,3.2492249396316746,20.873125544085244,99.0,P48
410,2459066.66859952,r,-2.478551041957026,3.2492249396316746,20.873125544085244,99.0,P48
411,2459066.66859952,r,-2.478551041957026,3.2492249396316746,20.873125544085244,99.0,P48
412,2459066.66859952,r,-2.478551041957026,3.2492249396316746,20.873125544085244,99.0,P48
413,2459066.66859952,r,-2.478551041957026,3.2492249396316746,20.873125544085244,99.0,P48
414,2459068.66754166,r,2.959638508227595,2.6649025436676235,21.0883716607453,99.0,P48
415,2459068.66754166,r,2.959638508227595,2.6649025436676235,21.0883716607453,99.0,P48
416,2459068.66754166,r,2.959638508227595,2.6649025436676235,21.0883716607453,99.0,P48
417,2459068.66754166,r,2.959638508227595,2.6649025436676235,21.0883716607453,99.0,P48
418,2459068.66754166,r,2.959638508227595,2.6649025436676235,21.0883716607453,99.0,P48
419,2459070.67250575,r,1.4106698591835167,3.4145369779585164,20.81924543840676,99.0,P48
420,2459070.67250575,r,1.4106698591835167,3.4145369779585164,20.81924543840676,99.0,P48
421,2459072.6620081,r,2.156658564057271,3.4136899759788473,20.81951479697547,99.0,P48
422,2459072.6620081,r,2.156658564057271,3.4136899759788473,20.81951479697547,99.0,P48
423,2459072.6620081,r,2.156658564057271,3.4136899759788473,20.81951479697547,99.0,P48
424,2459072.6620081,r,2.156658564057271,3.4136899759788473,20.81951479697547,99.0,P48
425,2459074.6611713,r,-0.16791708880052755,3.11272442888306,20.91972330399151,99.0,P48
426,2459074.6611713,r,-0.16791708880052755,3.11272442888306,20.91972330399151,99.0,P48
427,2459074.6611713,r,-0.16791708880052755,3.11272442888306,20.91972330399151,99.0,P48
428,2459074.6611713,r,-0.16791708880052755,3.11272442888306,20.91972330399151,99.0,P48
429,2459074.6611713,r,-0.16791708880052755,3.11272442888306,20.91972330399151,99.0,P48
430,2459076.65846526,r,3.18358016264181,3.032736177776845,20.94798840907994,99.0,P48
431,2459076.65846526,r,3.18358016264181,3.032736177776845,20.94798840907994,99.0,P48
432,2459076.65846526,r,3.18358016264181,3.032736177776845,20.94798840907994,99.0,P48
433,2459076.65846526,r,3.18358016264181,3.032736177776845,20.94798840907994,99.0,P48
434,2459076.65846526,r,3.18358016264181,3.032736177776845,20.94798840907994,99.0,P48
435,2459078.65614585,r,-4.455102343506178,3.3040503958449565,20.854958331953092,99.0,P48
436,2459078.65614585,r,-4.455102343506178,3.3040503958449565,20.854958331953092,99.0,P48
437,2459078.65614585,r,-4.455102343506178,3.3040503958449565,20.854958331953092,99.0,P48
438,2459078.65614585,r,-4.455102343506178,3.3040503958449565,20.854958331953092,99.0,P48
439,2459080.6560300803,r,5.160553358381744,6.332696305396033,20.14860333606355,99.0,P48
440,2459080.6560300803,r,5.160553358381744,6.332696305396033,20.14860333606355,99.0,P48
441,2459080.6560300803,r,5.160553358381744,6.332696305396033,20.14860333606355,99.0,P48
442,2459080.6560300803,r,5.160553358381744,6.332696305396033,20.14860333606355,99.0,P48
443,2459080.6560300803,r,5.160553358381744,6.332696305396033,20.14860333606355,99.0,P48
444,2459082.65215275,r,-4.939508361247137,5.7818109850036254,20.247415264386003,99.0,P48
445,2459082.65215275,r,-4.939508361247137,5.7818109850036254,20.247415264386003,99.0,P48
446,2459082.65215275,r,-4.939508361247137,5.7818109850036254,20.247415264386003,99.0,P48
447,2459082.65215275,r,-4.939508361247137,5.7818109850036254,20.247415264386003,99.0,P48
448,2459084.6505324002,r,3.7481787899266727,5.246030022330941,20.35299805998268,99.0,P48
449,2459084.6505324002,r,3.7481787899266727,5.246030022330941,20.35299805998268,99.0,P48
450,2459084.6505324002,r,3.7481787899266727,5.246030022330941,20.35299805998268,99.0,P48
451,2459084.6505324002,r,3.7481787899266727,5.246030022330941,20.35299805998268,99.0,P48
452,2459086.6476070504,r,4.208660174202957,5.246498778472932,20.35290104895234,99.0,P48
453,2459086.6476070504,r,4.208660174202957,5.246498778472932,20.35290104895234,99.0,P48
454,2459086.6476070504,r,4.208660174202957,5.246498778472932,20.35290104895234,99.0,P48
455,2459086.6476070504,r,4.208660174202957,5.246498778472932,20.35290104895234,99.0,P48
456,2458202.8119676,g,0.9521421939463397,3.0737138577474585,20.93341640134294,99.0,P48
457,2458202.8119676,g,0.9521421939463397,3.0737138577474585,20.93341640134294,99.0,P48
458,2458205.8125984,g,-2.474539679158649,5.676805843727551,20.267314886958978,99.0,P48
459,2458205.8125984,g,-2.474539679158649,5.676805843727551,20.267314886958978,99.0,P48
460,2458206.832662,g,-2.7992774991025193,7.426535177451348,19.975609382846546,99.0,P48
461,2458208.8024306,g,3.022618602687885,21.667473655909063,18.813054296146394,99.0,P48
462,2458214.7611515997,g,10.416155468403225,10.815516352819367,19.56745684342374,99.0,P48
463,2458214.7611515997,g,10.416155468403225,10.815516352819367,19.56745684342374,99.0,P48
464,2458216.770463,g,-1.5017227291135167,5.019350849201416,20.40095610508199,99.0,P48
465,2458229.7745486,g,-0.9134281273279006,4.895615475215748,20.428056741821784,99.0,P48
466,2458230.81984375,g,-2.256308071115549,9.13047204809475,19.751341910991464,99.0,P48
467,2458230.81984375,g,-2.256308071115549,9.13047204809475,19.751341910991464,99.0,P48
468,2458232.6833912004,g,-2.1342129141915045,10.33760531309681,19.616525121896572,99.0,P48
469,2458234.7101157503,g,4.100996152994483,9.460902005431953,19.712743628782576,99.0,P48
470,2458234.7101157503,g,4.100996152994483,9.460902005431953,19.712743628782576,99.0,P48
471,2458235.6766667003,g,1.982696494205452,7.854854758117024,19.914729591573405,99.0,P48
472,2458236.701475675,g,11.82588772858328,5.384845408913444,20.32464188953621,99.0,P48
473,2458236.701475675,g,11.82588772858328,5.384845408913444,20.32464188953621,99.0,P48
474,2458236.701475675,g,11.82588772858328,5.384845408913444,20.32464188953621,99.0,P48
475,2458236.701475675,g,11.82588772858328,5.384845408913444,20.32464188953621,99.0,P48
476,2458237.69965275,g,-7.277625766265497,9.214952822126568,19.741342198911006,99.0,P48
477,2458237.69965275,g,-7.277625766265497,9.214952822126568,19.741342198911006,99.0,P48
478,2458238.6516551003,g,-20.255474751526958,12.232140361121425,19.433818849493562,99.0,P48
479,2458242.7122859,g,2.309804592947176,2.2784066149199296,21.25849690703506,99.0,P48
480,2458242.7122859,g,2.309804592947176,2.2784066149199296,21.25849690703506,99.0,P48
481,2458243.7161457995,g,1.8548697803303793,3.33661230630427,20.844310621020355,99.0,P48
482,2458244.7150347,g,1.8825687097090849,2.7531116791097907,21.053015417235486,99.0,P48
483,2458247.7011343,g,-1.4800177748026755,2.0311360647060366,21.383227445330736,99.0,P48
484,2458248.7263946496,g,3.035657352706469,1.7867949901973788,21.522388173835353,99.0,P48
485,2458248.7263946496,g,3.035657352706469,1.7867949901973788,21.522388173835353,99.0,P48
486,2458249.7267707996,g,2.893552920351293,4.158453802529385,20.60524528630316,99.0,P48
487,2458250.7030671,g,7.821432026957832,5.247780982021434,20.352635735876426,99.0,P48
488,2458255.7023843,g,3.9524942470304283,3.4500488626655668,20.80801187420448,99.0,P48
489,2458258.6771180998,g,-2.7846155919291458,2.9219062643134532,20.988409290369937,99.0,P48
490,2458259.7030556,g,7.095820684786223,190.633638759951,16.45207614506207,99.0,P48
491,2458263.7615856,g,-13.782813406414045,5.123834353726242,20.378587286217538,99.0,P48
492,2458267.6804514,g,1.2798469783509234,11.797975969527466,19.47305622103506,99.0,P48
493,2458272.72413775,g,2.051313096241853,2.0136985335502544,21.392588854667817,99.0,P48
494,2458272.72413775,g,2.051313096241853,2.0136985335502544,21.392588854667817,99.0,P48
495,2458274.7232522997,g,-0.029690871079503592,2.155680859248845,21.318613825292452,99.0,P48
496,2458276.7266146,g,-10.829330915043446,1.2854367122307953,21.879948241021474,99.0,P48
497,2458276.7266146,g,-10.829330915043446,1.2854367122307953,21.879948241021474,99.0,P48
498,2458277.6953356,g,-0.3838699049606769,3.069472443451326,20.934915642149463,99.0,P48
499,2458278.7033565,g,-11.071671300414378,3.102501452085757,20.9232950055681,99.0,P48
500,2458279.6946296003,g,-6.146874270486848,1.8505087074846798,21.484347156687704,99.0,P48
501,2458279.6946296003,g,-6.146874270486848,1.8505087074846798,21.484347156687704,99.0,P48
502,2458280.7416088,g,-10.945904763947663,2.5442952448636107,21.138656223512292,99.0,P48
503,2458283.7449537003,g,-6.15667818715469,3.043156108656514,20.944264410442376,99.0,P48
504,2458284.7393866,g,-10.69772781937219,2.9278293532118314,20.986210587837313,99.0,P48
505,2458288.7193403,g,-1.5625874125202877,4.4319891570460515,20.53607826613205,99.0,P48
506,2458294.7087153,g,-2.8282804876961456,6.412589296393103,20.134991424694284,99.0,P48
507,2458300.6967824,g,1.069078516771689,3.4671502905961487,20.802643320581456,99.0,P48
508,2458303.7011343,g,-2.341794364915717,3.0030887874218646,20.958654557998702,99.0,P48
509,2458306.7241551,g,-1.858661087126144,4.529117491587381,20.512541021584695,99.0,P48
510,2458333.6814814997,g,-2.0270902385512004,4.71956575114044,20.46781988693883,99.0,P48
511,2458336.6791435,g,-0.3300520320374578,4.804548007371401,20.44844364605678,99.0,P48
512,2458348.6587037,g,-3.1011122737779946,10.911605427284204,19.557853356292117,99.0,P48
513,2458423.9929051003,g,0.3067350659177382,9.491167437359291,19.709275901605952,99.0,P48
514,2458426.9903472,g,-0.7082204242601089,4.811409948460035,20.446894084552106,99.0,P48
515,2458429.9931829,g,-5.346696998372006,3.103494754586381,20.92294744992659,99.0,P48
516,2458432.9707755,g,-2.1660371921439068,5.999313312903417,20.207321130485724,99.0,P48
517,2458438.9703935003,g,-1.9169691135363125,4.4580051039865225,20.5297235857353,99.0,P48
518,2458440.98925345,g,-8.907612873342055,9.517027518439185,19.706321676475767,99.0,P48
519,2458440.98925345,g,-8.907612873342055,9.517027518439185,19.706321676475767,99.0,P48
520,2458441.9891319,g,-2.03437488232578,3.9493563099987252,20.6612591955342,99.0,P48
521,2458443.0120948995,g,10.973637218596329,14.353302643838049,19.260195383703405,99.0,P48
522,2458451.0141609004,g,-1.721039403309355,4.598508886830572,20.496032413870466,99.0,P48
523,2458451.0141609004,g,-1.721039403309355,4.598508886830572,20.496032413870466,99.0,P48
524,2458461.97177665,g,-0.5252859347671023,4.38179402307545,20.54844509257942,99.0,P48
525,2458461.97177665,g,-0.5252859347671023,4.38179402307545,20.54844509257942,99.0,P48
526,2458462.9902431,g,38.36547561686884,46.94271309505154,17.97365452311903,99.0,P48
527,2458464.9948958,g,2.740905627581285,2.035511247562545,21.380891222935333,99.0,P48
528,2458464.9948958,g,2.740905627581285,2.035511247562545,21.380891222935333,99.0,P48
529,2458467.9859143505,g,2.586314650069418,7.1445352728488976,20.017640027406614,99.0,P48
530,2458467.9859143505,g,2.586314650069418,7.1445352728488976,20.017640027406614,99.0,P48
531,2458469.0491551002,g,-3.1124653992090328,2.691082695466247,21.077757380171555,99.0,P48
532,2458472.01054975,g,2.8787251932215256,2.4334227401823108,21.187031083684168,99.0,P48
533,2458472.01054975,g,2.8787251932215256,2.4334227401823108,21.187031083684168,99.0,P48
534,2458473.015625,g,4.316312126231708,4.768303415766659,20.45666528277379,99.0,P48
535,2458477.050162,g,2.3091001613364415,7.932970447408839,19.903985398115875,99.0,P48
536,2458481.0151852,g,-1.4077738297568783,5.8948338748692075,20.22639606280195,99.0,P48
537,2458487.03523725,g,2.4697253119698526,3.3747957035630334,20.831956270316944,99.0,P48
538,2458487.03523725,g,2.4697253119698526,3.3747957035630334,20.831956270316944,99.0,P48
539,2458487.9888079,g,0.1522240329491369,3.869621995065341,20.68340363182925,99.0,P48
540,2458491.98622105,g,3.3260275065399836,3.0772623263907857,20.932163689191377,99.0,P48
541,2458491.98622105,g,3.3260275065399836,3.0772623263907857,20.932163689191377,99.0,P48
542,2458493.0268056,g,-2.473247001369552,2.2385849067805563,21.277641060937395,99.0,P48
543,2458494.0498957997,g,2.800117364772704,2.299069957766902,21.248694522915986,99.0,P48
544,2458495.0177488504,g,1.1274893551626692,1.853846437203974,21.48239059753661,99.0,P48
545,2458495.0177488504,g,1.1274893551626692,1.853846437203974,21.48239059753661,99.0,P48
546,2458505.9334143996,g,-14.618644979178422,15.054802761605144,19.20838731406601,99.0,P48
547,2458507.01211225,g,-5.312030678753306,8.67041232435047,19.807475611694276,99.0,P48
548,2458507.01211225,g,-5.312030678753306,8.67041232435047,19.807475611694276,99.0,P48
549,2458508.001331,g,-0.40410394823556006,8.642377020140584,19.81099196839368,99.0,P48
550,2458510.0091146,g,1.8092033806500205,6.3171517922078495,20.15127170790779,99.0,P48
551,2458510.0091146,g,1.8092033806500205,6.3171517922078495,20.15127170790779,99.0,P48
552,2458511.9520255,g,0.1902886525646595,3.8710669346899036,20.682998287215476,99.0,P48
553,2458513.8877315,g,-1.171508158564745,5.72819729582484,20.25753006934429,99.0,P48
554,2458514.9728125,g,-7.706244824799091,20.846403755206534,18.85499712673424,99.0,P48
555,2458522.9628703496,g,0.781449859626706,2.0084091756888003,21.395444497060236,99.0,P48
556,2458522.9628703496,g,0.781449859626706,2.0084091756888003,21.395444497060236,99.0,P48
557,2458524.9270023,g,1.0679510193004338,4.004201102831896,20.6462852868864,99.0,P48
558,2458526.948559,g,-2.5648578856607807,3.0017676085449794,20.959132321884518,99.0,P48
559,2458526.948559,g,-2.5648578856607807,3.0017676085449794,20.959132321884518,99.0,P48
560,2458534.7882928,g,-15.82073343143359,11.383311924255201,19.511903397903495,99.0,P48
561,2458534.7882928,g,-15.82073343143359,11.383311924255201,19.511903397903495,99.0,P48
562,2458538.80126735,g,-2.424513455137482,6.74832716172182,20.079584666146182,99.0,P48
563,2458538.80126735,g,-2.424513455137482,6.74832716172182,20.079584666146182,99.0,P48
564,2458539.784375,g,3.212026887704416,12.692081365115472,19.39374287023852,99.0,P48
565,2458540.861331,g,-0.06008578366501882,2.4471001393461216,21.18094563476741,99.0,P48
566,2458543.80820025,g,0.6206204823187436,3.6630552938721035,20.742966303171336,99.0,P48
567,2458543.80820025,g,0.6206204823187436,3.6630552938721035,20.742966303171336,99.0,P48
568,2458546.759184,g,-0.637450405531407,4.565807713459899,20.503780945508836,99.0,P48
569,2458546.759184,g,-0.637450405531407,4.565807713459899,20.503780945508836,99.0,P48
570,2458547.8193519,g,3.0837124173789765,3.343337114457099,20.842124565501592,99.0,P48
571,2458558.9154282003,g,-1.9387866324002807,5.731322829158593,20.25693780985231,99.0,P48
572,2458561.7990856003,g,1.0150012944383975,14.273424745765935,19.26625451507382,99.0,P48
573,2458562.7545312503,g,-0.20045094121418314,21.866441850588995,18.80312969027345,99.0,P48
574,2458562.7545312503,g,-0.20045094121418314,21.866441850588995,18.80312969027345,99.0,P48
575,2458567.7615393996,g,-0.056308785090141,2.8301180066299856,21.02306362776995,99.0,P48
576,2458568.7579977,g,0.6017990144590268,5.165691464064756,20.369753831380343,99.0,P48
577,2458572.76377895,g,1.9509209704985662,3.278248406135888,20.863470342334672,99.0,P48
578,2458572.76377895,g,1.9509209704985662,3.278248406135888,20.863470342334672,99.0,P48
579,2458573.8015046003,g,-3.675708014544431,4.339110356688876,20.559073249933057,99.0,P48
580,2458574.843831,g,11.221612586802602,9.83509479028404,19.67062861418529,99.0,P48
581,2458575.8258796,g,1.1213160099504436,1.739765783248133,21.55134802634079,99.0,P48
582,2458575.8258796,g,1.1213160099504436,1.739765783248133,21.55134802634079,99.0,P48
583,2458580.76416665,g,1.0025381693680313,2.1406101460626608,21.32623104024956,99.0,P48
584,2458580.76416665,g,1.0025381693680313,2.1406101460626608,21.32623104024956,99.0,P48
585,2458582.8204397997,g,1.221090491218258,2.6061619902526187,21.112571472915022,99.0,P48
586,2458584.7660995,g,-3.247320064119711,2.7098085706987938,21.07022845904556,99.0,P48
587,2458584.7660995,g,-3.247320064119711,2.7098085706987938,21.07022845904556,99.0,P48
588,2458585.7594676004,g,4.26869378398334,3.085987703389184,20.929089511122804,99.0,P48
589,2458586.7659028,g,-4.050550008062047,4.128091713712901,20.613201645569333,99.0,P48
590,2458587.7848611,g,-2.3983078954678914,4.068718723148449,20.628930820564385,99.0,P48
591,2458587.7848611,g,-2.3983078954678914,4.068718723148449,20.628930820564385,99.0,P48
592,2458588.7986573996,g,-8.201592333990417,9.421685861855336,19.717253439451422,99.0,P48
593,2458589.6580439997,g,-6.819311565612655,37.839756586045915,18.20770415409013,99.0,P48
594,2458591.6938889,g,-4.832882393323213,6.727580575257204,20.082927719287483,99.0,P48
595,2458591.6938889,g,-4.832882393323213,6.727580575257204,20.082927719287483,99.0,P48
596,2458592.7003587997,g,-8.909629081980023,9.801988669489722,19.674289498763557,99.0,P48
597,2458594.68497685,g,-1.9960308479289703,4.117388538507272,20.616020361034796,99.0,P48
598,2458594.68497685,g,-1.9960308479289703,4.117388538507272,20.616020361034796,99.0,P48
599,2458596.6986227003,g,0.8563799943947247,3.2972133705329605,20.857207358451987,99.0,P48
600,2458597.77949075,g,2.616539584848878,2.317534393151852,21.240009519232714,99.0,P48
601,2458597.77949075,g,2.616539584848878,2.317534393151852,21.240009519232714,99.0,P48
602,2458598.8686285,g,4.417793091112434,2.3758603695143825,21.213022705764292,99.0,P48
603,2458598.8686285,g,4.417793091112434,2.3758603695143825,21.213022705764292,99.0,P48
604,2458599.7233622503,g,0.7304610982021941,1.3264509694451316,21.845846985465414,99.0,P48
605,2458599.7233622503,g,0.7304610982021941,1.3264509694451316,21.845846985465414,99.0,P48
606,2458600.72600695,g,-0.5722273598264925,2.1397155838470288,21.326684864869627,99.0,P48
607,2458600.72600695,g,-0.5722273598264925,2.1397155838470288,21.326684864869627,99.0,P48
608,2458601.7438310003,g,1.2700845231549756,2.3522269301226117,21.22387694464431,99.0,P48
609,2458602.7211458,g,24.520436169222823,14.442987625180916,19.25343239130413,99.0,P48
610,2458606.9078125004,g,37.3541538265962,2.530070127636627,19.96921836502529,0.07352304475423893,P48
611,2458606.9078125004,g,37.3541538265962,2.530070127636627,19.96921836502529,0.07352304475423893,P48
612,2458607.8026505,g,95.33851654358489,3.5215355425619235,18.951894647104428,0.04009530429082582,P48
613,2458608.7835648,g,99.234417913896,4.988482845662921,18.908409805867844,0.0545677421483502,P48
614,2458609.719375,g,105.23978239013205,3.380648988374838,18.84461576877996,0.03486984098158854,P48
615,2458609.719375,g,105.23978239013205,3.380648988374838,18.84461576877996,0.03486984098158854,P48
616,2458612.7612847006,g,72.54980082244501,2.0958144708062587,19.24847506111393,0.03135786152780679,P48
617,2458612.7612847006,g,72.54980082244501,2.0958144708062587,19.24847506111393,0.03135786152780679,P48
618,2458617.7054051002,g,33.06963441067936,6.149004320779972,20.101492137893516,0.201839068050028,P48
619,2458619.74167825,g,39.340736977376345,7.398820476418031,19.91295939383424,0.20415020775463347,P48
620,2458619.74167825,g,39.340736977376345,7.398820476418031,19.91295939383424,0.20415020775463347,P48
621,2458628.7028471995,g,38.31163165990527,2.145548717483028,19.941739000755547,0.06079075810454755,P48
622,2458628.7028471995,g,38.31163165990527,2.145548717483028,19.941739000755547,0.06079075810454755,P48
623,2458633.7372685,g,26.79686900821454,2.0578615979412986,20.32985548906579,0.08336081218595011,P48
624,2458633.7372685,g,26.79686900821454,2.0578615979412986,20.32985548906579,0.08336081218595011,P48
625,2458634.721875,g,21.541769782642742,2.9080040257446753,20.56686217162033,0.14653570258137763,P48
626,2458635.7030903,g,20.96833771159261,2.6871323829609777,20.596155615658397,0.13910889083456082,P48
627,2458636.76207175,g,18.540932175405388,1.977618985302163,20.72973670924194,0.11578195682054811,P48
628,2458636.76207175,g,18.540932175405388,1.977618985302163,20.72973670924194,0.11578195682054811,P48
629,2458637.7254861,g,17.053032794053646,2.892883093153015,20.82056155419653,0.18414464075343753,P48
630,2458638.7011574,g,15.693613094395792,2.6730791005568513,20.910758268682198,0.18489224541228408,P48
631,2458639.7184258997,g,11.606626012549938,1.9375789298788444,21.23830064509109,0.18121045048830775,P48
632,2458639.7184258997,g,11.606626012549938,1.9375789298788444,21.23830064509109,0.18121045048830775,P48
633,2458640.7007176,g,10.776366362997301,3.3501753370839897,21.31888475320754,0.33746210976008384,P48
634,2458642.7051389,g,10.423617142619912,3.117343914727664,21.355019493662954,0.324635562985227,P48
635,2458645.7082986,g,16.703750683504587,5.526917577951277,20.843030624314792,0.35916897615041343,P48
636,2458648.6804744997,g,15.990383680616482,8.60936061952819,19.815147740526257,99.0,P48
637,2458651.677581,g,10.007969631121355,9.196842240657473,19.74347814711865,99.0,P48
638,2458654.7373957997,g,9.585517001149798,6.129282159978986,20.184050953033193,99.0,P48
639,2458658.7020602003,g,5.7289952710855,2.7333130262070813,21.0608515614379,99.0,P48
640,2458661.7198611,g,3.129108353497151,3.8609215456429187,20.68584754715664,99.0,P48
641,2458667.7051157,g,8.742734316741641,3.38341322312823,20.829187383424113,99.0,P48
642,2458670.7030671,g,7.160178532439688,5.534406992266692,20.29489725574524,99.0,P48
643,2458673.6831944,g,6.875426881749111,4.902903488237514,20.426441628132217,99.0,P48
644,2458676.6832639,g,9.039671392389678,7.678236521450306,19.939421274024475,99.0,P48
645,2458677.6801852,g,13.905017951572086,7.126771933123054,20.02034283672032,99.0,P48
646,2458678.7628356004,g,9.580638633916308,12.395688078349197,19.41939839106229,99.0,P48
647,2458679.6812963,g,-0.39175676320114555,5.688326109448087,20.265113773251425,99.0,P48
648,2458679.6812963,g,-0.39175676320114555,5.688326109448087,20.265113773251425,99.0,P48
649,2458680.6797454,g,-2.503604424752947,11.967181345302711,19.45759530870169,99.0,P48
650,2458682.7082060003,g,2.290303736374266,10.637677196241807,19.585457970715275,99.0,P48
651,2458683.6742477003,g,4.157689758369363,6.2535268819521015,20.162262436455322,99.0,P48
652,2458685.6806134,g,4.394259686822122,4.347417796755021,20.556996541945885,99.0,P48
653,2458686.6958275503,g,7.609832461240686,3.3314535972659445,20.845990567910853,99.0,P48
654,2458686.6958275503,g,7.609832461240686,3.3314535972659445,20.845990567910853,99.0,P48
655,2458688.6994560002,g,8.5447144480899,4.646411613619176,20.484780788669212,99.0,P48
656,2458690.6993287,g,4.0100623499780985,4.980422845502873,20.409409447685995,99.0,P48
657,2458694.7133912,g,2.092396755519876,5.894674465112765,20.22642542398292,99.0,P48
658,2458790.0136921,g,4.864615371582053,5.5900631517352934,20.284033203658904,99.0,P48
659,2458793.0314236,g,-0.216798643398364,4.899730573700616,20.42714448989077,99.0,P48
660,2458803.0502546,g,-14.028266751930303,8.710845403218235,19.80242422387512,99.0,P48
661,2458806.0322454,g,7.743460832466719,7.798982370878953,19.922480142544014,99.0,P48
662,2458824.0194329,g,-54.52425342901923,61.304774725688986,17.68383923694774,99.0,P48
663,2458831.0610069,g,-4.231344910891049,6.994176207652798,20.040733565406725,99.0,P48
664,2458834.0523206,g,7.177664518036421,9.06656579418105,19.75896794545291,99.0,P48
665,2458834.0523206,g,7.177664518036421,9.06656579418105,19.75896794545291,99.0,P48
666,2458837.06387155,g,-0.8457053226482193,3.1682027576492495,20.900542570036716,99.0,P48
667,2458837.06387155,g,-0.8457053226482193,3.1682027576492495,20.900542570036716,99.0,P48
668,2458838.0081481,g,-0.8144097331945809,6.542536980968237,20.11320952385874,99.0,P48
669,2458847.0619329,g,-2.815882933686919,2.9405484509509496,20.981504140164,99.0,P48
670,2458852.0328472,g,1.3054991106458487,6.134819406737024,20.18307053230597,99.0,P48
671,2458853.0384375,g,2.5815675480716513,2.634692023652945,21.100750347541975,99.0,P48
672,2458855.9734876337,g,1.5023961466829208,2.6561308876817025,21.091951308657457,99.0,P48
673,2458855.9734876337,g,1.5023961466829208,2.6561308876817025,21.091951308657457,99.0,P48
674,2458855.9734876337,g,1.5023961466829208,2.6561308876817025,21.091951308657457,99.0,P48
675,2458860.04559605,g,-8.57548464280392,6.229227349997764,20.16648953480826,99.0,P48
676,2458860.04559605,g,-8.57548464280392,6.229227349997764,20.16648953480826,99.0,P48
677,2458861.9608044,g,2.3248782366400045,8.444549210757835,19.836133811913328,99.0,P48
678,2458861.9608044,g,2.3248782366400045,8.444549210757835,19.836133811913328,99.0,P48
679,2458862.9497222,g,3.343704991445736,5.178533788753755,20.367057953498524,99.0,P48
680,2458862.9497222,g,3.343704991445736,5.178533788753755,20.367057953498524,99.0,P48
681,2458862.9497222,g,3.343704991445736,5.178533788753755,20.367057953498524,99.0,P48
682,2458863.9418866,g,5.916164910036234,6.507098985580897,20.11910645604877,99.0,P48
683,2458864.94124425,g,3.1808869317243627,3.713790080535936,20.72803160941833,99.0,P48
684,2458864.94124425,g,3.1808869317243627,3.713790080535936,20.72803160941833,99.0,P48
685,2458867.0575771667,g,3.4945171973081637,2.491163877147041,21.161569244586364,99.0,P48
686,2458867.0575771667,g,3.4945171973081637,2.491163877147041,21.161569244586364,99.0,P48
687,2458867.0575771667,g,3.4945171973081637,2.491163877147041,21.161569244586364,99.0,P48
688,2458867.9369097,g,2.1890399152259996,2.2748082670868204,21.260212994430148,99.0,P48
689,2458867.9369097,g,2.1890399152259996,2.2748082670868204,21.260212994430148,99.0,P48
690,2458871.9456018666,g,1.452923368036504,2.4265173244848546,21.190116498227326,99.0,P48
691,2458871.9456018666,g,1.452923368036504,2.4265173244848546,21.190116498227326,99.0,P48
692,2458871.9456018666,g,1.452923368036504,2.4265173244848546,21.190116498227326,99.0,P48
693,2458872.9248148,g,4.939773207732195,3.6959093523811495,20.733271711742322,99.0,P48
694,2458873.8785995496,g,1.7453744722230127,2.113703162819189,21.339964996018658,99.0,P48
695,2458873.8785995496,g,1.7453744722230127,2.113703162819189,21.339964996018658,99.0,P48
696,2458875.9426736333,g,2.662447145540973,1.9458588081657076,21.42979667766818,99.0,P48
697,2458875.9426736333,g,2.662447145540973,1.9458588081657076,21.42979667766818,99.0,P48
698,2458875.9426736333,g,2.662447145540973,1.9458588081657076,21.42979667766818,99.0,P48
699,2458876.9403472496,g,2.036315913733367,2.1464115034724576,21.323292521092746,99.0,P48
700,2458876.9403472496,g,2.036315913733367,2.1464115034724576,21.323292521092746,99.0,P48
701,2458877.9460764,g,4.11802476078908,2.6894152032409915,21.078430350135356,99.0,P48
702,2458877.9460764,g,4.11802476078908,2.6894152032409915,21.078430350135356,99.0,P48
703,2458879.0011882666,g,1.910627041673756,2.270762610823907,21.262145652287415,99.0,P48
704,2458879.0011882666,g,1.910627041673756,2.270762610823907,21.262145652287415,99.0,P48
705,2458879.0011882666,g,1.910627041673756,2.270762610823907,21.262145652287415,99.0,P48
706,2458879.9853588,g,5.007246211088035,3.06089663580804,20.937953329047822,99.0,P48
707,2458879.9853588,g,5.007246211088035,3.06089663580804,20.937953329047822,99.0,P48
708,2458880.9613831,g,2.280525467525421,2.3808070294679617,21.210764498792955,99.0,P48
709,2458880.9613831,g,2.280525467525421,2.3808070294679617,21.210764498792955,99.0,P48
710,2458881.9788734666,g,1.1324696921563886,1.7325856057306794,21.555838234228887,99.0,P48
711,2458881.9788734666,g,1.1324696921563886,1.7325856057306794,21.555838234228887,99.0,P48
712,2458881.9788734666,g,1.1324696921563886,1.7325856057306794,21.555838234228887,99.0,P48
713,2458883.9240509,g,-0.8275837648963414,3.6711919144873733,20.740557268689756,99.0,P48
714,2458883.9240509,g,-0.8275837648963414,3.6711919144873733,20.740557268689756,99.0,P48
715,2458884.897816366,g,1.648768222174172,3.766895815650071,20.71261596739746,99.0,P48
716,2458884.897816366,g,1.648768222174172,3.766895815650071,20.71261596739746,99.0,P48
717,2458884.897816366,g,1.648768222174172,3.766895815650071,20.71261596739746,99.0,P48
718,2458885.94273725,g,-5.963559598019806,5.508118770828452,20.300066748360738,99.0,P48
719,2458885.94273725,g,-5.963559598019806,5.508118770828452,20.300066748360738,99.0,P48
720,2458886.9560185,g,-1.45767473881669,5.531411164966267,20.295485134236742,99.0,P48
721,2458886.9560185,g,-1.45767473881669,5.531411164966267,20.295485134236742,99.0,P48
722,2458887.8135108002,g,4.447166245713161,6.241024941839368,20.164435193626844,99.0,P48
723,2458887.8135108002,g,4.447166245713161,6.241024941839368,20.164435193626844,99.0,P48
724,2458887.8135108002,g,4.447166245713161,6.241024941839368,20.164435193626844,99.0,P48
725,2458888.7899132,g,3.887522398166841,12.157501390349026,19.44046416939308,99.0,P48
726,2458888.7899132,g,3.887522398166841,12.157501390349026,19.44046416939308,99.0,P48
727,2458891.0308217667,g,-3.3616367151993867,8.091905925256565,19.88244792637332,99.0,P48
728,2458891.0308217667,g,-3.3616367151993867,8.091905925256565,19.88244792637332,99.0,P48
729,2458891.0308217667,g,-3.3616367151993867,8.091905925256565,19.88244792637332,99.0,P48
730,2458891.9361979496,g,2.423194870443953,5.6205003939292,20.278137532689257,99.0,P48
731,2458891.9361979496,g,2.423194870443953,5.6205003939292,20.278137532689257,99.0,P48
732,2458892.8814640995,g,1.3982759844902866,4.365012748298167,20.552611198089508,99.0,P48
733,2458892.8814640995,g,1.3982759844902866,4.365012748298167,20.552611198089508,99.0,P48
734,2458893.9517438,g,0.3462307077270718,2.7347085678948972,21.060297360931358,99.0,P48
735,2458893.9517438,g,0.3462307077270718,2.7347085678948972,21.060297360931358,99.0,P48
736,2458893.9517438,g,0.3462307077270718,2.7347085678948972,21.060297360931358,99.0,P48
737,2458894.85372685,g,5.051751816823632,2.5985354393862337,21.115753378657477,99.0,P48
738,2458894.85372685,g,5.051751816823632,2.5985354393862337,21.115753378657477,99.0,P48
739,2458895.90001735,g,-0.13758911143961383,2.494599569509568,21.160072881505055,99.0,P48
740,2458895.90001735,g,-0.13758911143961383,2.494599569509568,21.160072881505055,99.0,P48
741,2458898.910222825,g,3.5481408157922165,1.161287449705198,22.525063503692504,0.35527832521312575,P48
742,2458898.910222825,g,3.5481408157922165,1.161287449705198,22.525063503692504,0.35527832521312575,P48
743,2458898.910222825,g,3.5481408157922165,1.161287449705198,22.525063503692504,0.35527832521312575,P48
744,2458898.910222825,g,3.5481408157922165,1.161287449705198,22.525063503692504,0.35527832521312575,P48
745,2458899.89597225,g,1.016871365550034,1.4246267290850132,21.768322268183173,99.0,P48
746,2458899.89597225,g,1.016871365550034,1.4246267290850132,21.768322268183173,99.0,P48
747,2458899.89597225,g,1.016871365550034,1.4246267290850132,21.768322268183173,99.0,P48
748,2458899.89597225,g,1.016871365550034,1.4246267290850132,21.768322268183173,99.0,P48
749,2458900.860833325,g,3.0583841386293034,1.6386513377487104,21.61635859699694,99.0,P48
750,2458900.860833325,g,3.0583841386293034,1.6386513377487104,21.61635859699694,99.0,P48
751,2458900.860833325,g,3.0583841386293034,1.6386513377487104,21.61635859699694,99.0,P48
752,2458900.860833325,g,3.0583841386293034,1.6386513377487104,21.61635859699694,99.0,P48
753,2458903.8516280665,g,0.626195238055473,1.6966346805528267,21.578604138963506,99.0,P48
754,2458903.8516280665,g,0.626195238055473,1.6966346805528267,21.578604138963506,99.0,P48
755,2458903.8516280665,g,0.626195238055473,1.6966346805528267,21.578604138963506,99.0,P48
756,2458904.842403567,g,1.5951075488515059,2.1073805740144986,21.34321755822062,99.0,P48
757,2458904.842403567,g,1.5951075488515059,2.1073805740144986,21.34321755822062,99.0,P48
758,2458904.842403567,g,1.5951075488515059,2.1073805740144986,21.34321755822062,99.0,P48
759,2458905.7894753334,g,-2.7755257443047174,2.86522974608038,21.00967636105016,99.0,P48
760,2458905.7894753334,g,-2.7755257443047174,2.86522974608038,21.00967636105016,99.0,P48
761,2458905.7894753334,g,-2.7755257443047174,2.86522974608038,21.00967636105016,99.0,P48
762,2458906.8381327,g,-0.8378815047649724,2.0869290146899515,21.35380579636305,99.0,P48
763,2458906.8381327,g,-0.8378815047649724,2.0869290146899515,21.35380579636305,99.0,P48
764,2458906.8381327,g,-0.8378815047649724,2.0869290146899515,21.35380579636305,99.0,P48
765,2458908.8336419337,g,1.1492212233679924,1.7997742349652044,21.51452991342697,99.0,P48
766,2458908.8336419337,g,1.1492212233679924,1.7997742349652044,21.51452991342697,99.0,P48
767,2458908.8336419337,g,1.1492212233679924,1.7997742349652044,21.51452991342697,99.0,P48
768,2458909.7633217666,g,5.096379296473538,4.242640134887571,20.58348449910271,99.0,P48
769,2458909.7633217666,g,5.096379296473538,4.242640134887571,20.58348449910271,99.0,P48
770,2458909.7633217666,g,5.096379296473538,4.242640134887571,20.58348449910271,99.0,P48
771,2458911.8887114334,g,2.9613447874696326,2.434369052802291,21.18660894324383,99.0,P48
772,2458911.8887114334,g,2.9613447874696326,2.434369052802291,21.18660894324383,99.0,P48
773,2458911.8887114334,g,2.9613447874696326,2.434369052802291,21.18660894324383,99.0,P48
774,2458912.8539428995,g,5.102053686822264,2.842858162606018,21.018187008711706,99.0,P48
775,2458912.8539428995,g,5.102053686822264,2.842858162606018,21.018187008711706,99.0,P48
776,2458912.8539428995,g,5.102053686822264,2.842858162606018,21.018187008711706,99.0,P48
777,2458913.8183256,g,4.121299078155612,3.238647694908714,20.876665720769893,99.0,P48
778,2458913.8183256,g,4.121299078155612,3.238647694908714,20.876665720769893,99.0,P48
779,2458913.8183256,g,4.121299078155612,3.238647694908714,20.876665720769893,99.0,P48
780,2458914.868549367,g,4.036404136963007,4.875940815632331,20.432428925424265,99.0,P48
781,2458914.868549367,g,4.036404136963007,4.875940815632331,20.432428925424265,99.0,P48
782,2458914.868549367,g,4.036404136963007,4.875940815632331,20.432428925424265,99.0,P48
783,2458915.8835262335,g,-2.367642305721955,5.178211172893943,20.367125595546412,99.0,P48
784,2458915.8835262335,g,-2.367642305721955,5.178211172893943,20.367125595546412,99.0,P48
785,2458915.8835262335,g,-2.367642305721955,5.178211172893943,20.367125595546412,99.0,P48
786,2458917.76696185,g,33.5859276300832,29.612459194067046,18.473888800975047,99.0,P48
787,2458917.76696185,g,33.5859276300832,29.612459194067046,18.473888800975047,99.0,P48
788,2458936.7736843997,g,-0.14540214644086308,1.8438156026577102,21.488281274850443,99.0,P48
789,2458936.7736843997,g,-0.14540214644086308,1.8438156026577102,21.488281274850443,99.0,P48
790,2458936.7736843997,g,-0.14540214644086308,1.8438156026577102,21.488281274850443,99.0,P48
791,2458939.8250964335,g,-3.3654435505620683,3.487987399683636,20.79613772071172,99.0,P48
792,2458939.8250964335,g,-3.3654435505620683,3.487987399683636,20.79613772071172,99.0,P48
793,2458939.8250964335,g,-3.3654435505620683,3.487987399683636,20.79613772071172,99.0,P48
794,2458940.85809025,g,-6.603596900899871,5.936856066515814,20.218683689177503,99.0,P48
795,2458940.85809025,g,-6.603596900899871,5.936856066515814,20.218683689177503,99.0,P48
796,2458941.8631597497,g,-1.5596298930905559,3.7097987718634653,20.729199106388805,99.0,P48
797,2458941.8631597497,g,-1.5596298930905559,3.7097987718634653,20.729199106388805,99.0,P48
798,2458944.92284145,g,0.5290465311661865,8.152444237815827,19.874355396804035,99.0,P48
799,2458944.92284145,g,0.5290465311661865,8.152444237815827,19.874355396804035,99.0,P48
800,2458954.801095667,g,3.8220937840153564,1.880265061967564,21.46702729840024,99.0,P48
801,2458954.801095667,g,3.8220937840153564,1.880265061967564,21.46702729840024,99.0,P48
802,2458954.801095667,g,3.8220937840153564,1.880265061967564,21.46702729840024,99.0,P48
803,2458955.81521415,g,-0.4038332705191266,2.3809339937913485,21.210706599901783,99.0,P48
804,2458955.81521415,g,-0.4038332705191266,2.3809339937913485,21.210706599901783,99.0,P48
805,2458962.7393866,g,1.7265098652960131,2.7974389948770497,21.035673428082262,99.0,P48
806,2458963.8183565,g,5.784475905377836,3.0563728258175478,20.939559164859467,99.0,P48
807,2458965.7380671003,g,1.7182287699438392,2.5676959988096373,21.128715978299084,99.0,P48
808,2458968.7576968,g,0.9645770269058055,2.9158080345379,20.99067766834176,99.0,P48
809,2458969.7369676004,g,-2.2391543128574622,7.636498014373218,19.945339381238302,99.0,P48
810,2458971.77940395,g,1.3156133821055622,4.332459425129597,20.56073872891482,99.0,P48
811,2458971.77940395,g,1.3156133821055622,4.332459425129597,20.56073872891482,99.0,P48
812,2458972.7227894,g,-6.8403018774686455,6.487477871052269,20.12238526548544,99.0,P48
813,2458973.7422569,g,-2.2160240965904565,7.776719879252591,19.925583849746253,99.0,P48
814,2458974.69831015,g,3.1228854937605135,5.656331431395385,20.271237866869143,99.0,P48
815,2458974.69831015,g,3.1228854937605135,5.656331431395385,20.271237866869143,99.0,P48
816,2458975.7646990498,g,6.602772343056477,6.811486814732187,20.069470188469353,99.0,P48
817,2458975.7646990498,g,6.602772343056477,6.811486814732187,20.069470188469353,99.0,P48
818,2458976.6965046003,g,-3.653889063329158,9.351739446335822,19.72534399361375,99.0,P48
819,2458977.67893515,g,-10.116955100853898,19.634548338921647,18.92002270046473,99.0,P48
820,2458977.67893515,g,-10.116955100853898,19.634548338921647,18.92002270046473,99.0,P48
821,2458978.7021412,g,-5.1667747767092305,4.679944514774736,20.476973228841096,99.0,P48
822,2458979.724456,g,-0.11337344785924924,2.911583979091943,20.992251686606217,99.0,P48
823,2458980.70135995,g,1.8639738270104569,1.5914526942097607,21.648090654700173,99.0,P48
824,2458980.70135995,g,1.8639738270104569,1.5914526942097607,21.648090654700173,99.0,P48
825,2458981.7070602,g,6.318255475529185,3.479728124141643,20.798711706015897,99.0,P48
826,2458985.69406825,g,2.0820156944002197,1.844681630500807,21.487771431550357,99.0,P48
827,2458985.69406825,g,2.0820156944002197,1.844681630500807,21.487771431550357,99.0,P48
828,2458986.6972222,g,3.219530893387314,2.874600750708097,21.006131152513127,99.0,P48
829,2458987.734456,g,3.685362327494113,2.5293407510388266,21.145056636313853,99.0,P48
830,2458991.6852025497,g,3.0102937238159315,1.907398184101908,21.451471577065604,99.0,P48
831,2458991.6852025497,g,3.0102937238159315,1.907398184101908,21.451471577065604,99.0,P48
832,2458992.698912,g,0.9310369300030392,2.373994722119526,21.213875616426613,99.0,P48
833,2458993.7456019,g,3.0023165998817576,3.1713233220170367,20.899473685724402,99.0,P48
834,2458994.7492766497,g,4.607626398742016,2.1082030424506897,21.342793899789893,99.0,P48
835,2458994.7492766497,g,4.607626398742016,2.1082030424506897,21.342793899789893,99.0,P48
836,2458995.7057292005,g,3.8518008661862893,2.837397166541152,21.020274662390936,99.0,P48
837,2458996.701875,g,1.5106697498755475,2.7638030555223647,21.048807257588386,99.0,P48
838,2458997.6776215,g,0.9395229579077164,2.460078378460607,21.175202629134546,99.0,P48
839,2458997.6776215,g,0.9395229579077164,2.460078378460607,21.175202629134546,99.0,P48
840,2458998.6983912,g,-3.843381045904683,3.587033443920736,20.76573642449644,99.0,P48
841,2458999.7260532,g,5.091289208445286,5.071686325128298,20.38969402577235,99.0,P48
842,2459001.67407985,g,1.7850126385277707,4.4890048356661465,20.522199806073512,99.0,P48
843,2459001.67407985,g,1.7850126385277707,4.4890048356661465,20.522199806073512,99.0,P48
844,2459004.6959837996,g,-0.5943034845212031,8.249575841256595,19.861495940372194,99.0,P48
845,2459009.7404051004,g,0.6709141381914049,4.2754371372695035,20.575123675944894,99.0,P48
846,2459019.7646875,g,2.6661495402790574,3.5426677734831973,20.77924892240277,99.0,P48
847,2459025.7121643997,g,1.4367566578025053,6.780981605656423,20.074343573421952,99.0,P48
848,2459028.7068171003,g,3.101099196473394,5.760439555014162,20.25143592945882,99.0,P48
849,2459031.6784953997,g,-1.2560713629036087,6.85632102520868,20.06234712957167,99.0,P48
850,2459036.7004398,g,3.252309628671015,7.991535463983091,19.895999411504356,99.0,P48
851,2459039.7075463,g,3.8043799578806845,3.5354144604227513,20.781474154348533,99.0,P48
852,2459045.7404167005,g,2.0616709580753496,4.881780600676814,20.43112934603738,99.0,P48
853,2459055.6755439998,g,-3.559889559863623,6.34709683538787,20.146137178559485,99.0,P48
854,2459057.696088,g,-1.165735804542393,6.60334698681113,20.103164692176875,99.0,P48
855,2458214.8572222,i,-1.8236110807816996,20.88126951859859,18.85318274182079,99.0,P48
856,2458232.8071412,i,-4.5481638686830665,8.657353658996021,19.809112091371915,99.0,P48
857,2458243.8428587997,i,4.759573071736136,8.494171853388629,19.829772380775196,99.0,P48
858,2458247.6637153,i,1.433614469074227,6.60974593379533,20.102113073301872,99.0,P48
859,2458254.6661806,i,6.313439456335473,7.899222869812512,19.908614071045715,99.0,P48
860,2458257.6961284503,i,2.027468499164394,5.654134263483033,20.27165969649928,99.0,P48
861,2458257.6961284503,i,2.027468499164394,5.654134263483033,20.27165969649928,99.0,P48
862,2458263.8290509,i,4.991870044986633,11.193566041681901,19.53015382433496,99.0,P48
863,2458267.7396991,i,-6.170507676482832,9.875685510636382,19.666156860526698,99.0,P48
864,2458274.8629977,i,-5.891123367012002,11.393807135979584,19.51090282955927,99.0,P48
865,2458278.6751852003,i,5.843916525452101,6.213258525592918,20.169276428118245,99.0,P48
866,2458282.6833448997,i,-3.5715026853068954,5.951131363663105,20.21607614698631,99.0,P48
867,2458286.6766319,i,-4.29590153944479,10.137173013027766,19.637782842302553,99.0,P48
868,2458292.6855787,i,-6.736365489038978,8.238754296813056,19.86292111128791,99.0,P48
869,2458538.8889931,i,32.23446194536064,28.987435553207476,18.497050498923024,99.0,P48
870,2458543.8183912,i,-7.117523584646391,14.380513141123439,19.258139030930444,99.0,P48
871,2458547.9271875,i,8.702598814263704,7.713928162507657,19.93438601392246,99.0,P48
872,2458558.8083796003,i,4.590607654848855,11.03999857108406,19.54515244620471,99.0,P48
873,2458567.8472222,i,0.6054910674093984,9.455282093580902,19.713388763331047,99.0,P48
874,2458572.7434375,i,8.76816458421415,10.897412675605398,19.559266495246423,99.0,P48
875,2458581.7816088,i,-3.6446469978409093,7.015267560584935,20.037464390246633,99.0,P48
876,2458585.7376736,i,-5.146745506102961,7.019671602703136,20.036783001025583,99.0,P48
877,2458591.7793981005,i,14.022471130429542,28.40264042509643,18.519178199892217,99.0,P48
878,2458596.8390625,i,9.967383001170269,8.324306526531188,19.851704829433388,99.0,P48
879,2458607.7670949,i,56.79922816706359,6.7935845461261115,19.51420953674864,0.12983338441025047,P48
880,2458616.7005207995,i,36.58572830601545,9.233983151726084,19.991786360073313,0.27397264385059666,P48
881,2458628.681169,i,60.63751481569142,7.005539741967298,19.44321213791669,0.12540938415796768,P48
882,2458639.6966319,i,35.90920117335494,6.577905394346861,20.012051262200462,0.19884364096803464,P48
883,2458643.7229514,i,32.54103031382929,8.107517770663566,20.118987373665284,0.2704496586365053,P48
884,2458648.78625,i,15.667590920474737,13.416566304444613,19.333471535986146,99.0,P48
885,2458652.7456366,i,19.164272029649336,10.974666005430521,19.55159670883485,99.0,P48
886,2458827.9995891247,i,7.11945814748611,3.3807215257168797,20.83005149201879,99.0,P48
887,2458827.9995891247,i,7.11945814748611,3.3807215257168797,20.83005149201879,99.0,P48
888,2458827.9995891247,i,7.11945814748611,3.3807215257168797,20.83005149201879,99.0,P48
889,2458827.9995891247,i,7.11945814748611,3.3807215257168797,20.83005149201879,99.0,P48
890,2458829.0162616,i,5.58908157314251,5.650773710171484,20.272305199233905,99.0,P48
891,2458831.00176505,i,4.3609869691072465,3.2169169758042684,20.883975357899246,99.0,P48
892,2458831.00176505,i,4.3609869691072465,3.2169169758042684,20.883975357899246,99.0,P48
893,2458832.0104398,i,7.008941560836513,6.9049155782303675,20.054679056360236,99.0,P48
894,2458855.8953529997,i,7.702532681353996,7.159611450597299,20.015351354284277,99.0,P48
895,2458855.8953529997,i,7.702532681353996,7.159611450597299,20.015351354284277,99.0,P48
896,2458859.9099537004,i,9.16989361326486,11.3153922974366,19.518400950998576,99.0,P48
897,2458861.9187963,i,11.420656820138014,7.046566615409722,20.032631084336153,99.0,P48
898,2458861.9187963,i,11.420656820138014,7.046566615409722,20.032631084336153,99.0,P48
899,2458863.06618635,i,3.0205135076373693,3.422884439247658,20.816594396474663,99.0,P48
900,2458863.06618635,i,3.0205135076373693,3.422884439247658,20.816594396474663,99.0,P48
901,2458863.9986690003,i,0.7371614497548615,3.038266956428094,20.94601016326102,99.0,P48
902,2458863.9986690003,i,0.7371614497548615,3.038266956428094,20.94601016326102,99.0,P48
903,2458865.0394676,i,2.447932712118565,2.4422925941266307,21.18308075782563,99.0,P48
904,2458865.0394676,i,2.447932712118565,2.4422925941266307,21.18308075782563,99.0,P48
905,2458866.9489931,i,6.587636138512424,4.264313978861364,20.577952054069822,99.0,P48
906,2458868.0447279997,i,3.4831125517057426,3.0675899629552434,20.935581718900224,99.0,P48
907,2458868.0447279997,i,3.4831125517057426,3.0675899629552434,20.935581718900224,99.0,P48
908,2458871.8632928003,i,5.816870960205538,4.349417843573253,20.556497159556734,99.0,P48
909,2458871.8632928003,i,5.816870960205538,4.349417843573253,20.556497159556734,99.0,P48
910,2458872.9811979,i,-0.962472710440561,3.7214633823188725,20.725790613988885,99.0,P48
911,2458872.9811979,i,-0.962472710440561,3.7214633823188725,20.725790613988885,99.0,P48
912,2458873.96350695,i,9.639921761540668,2.929249754189029,21.439881849420654,0.32984713847553115,P48
913,2458873.96350695,i,9.639921761540668,2.929249754189029,21.439881849420654,0.32984713847553115,P48
914,2458875.84934025,i,7.655049123116098,4.176643778356338,20.60050639837045,99.0,P48
915,2458875.84934025,i,7.655049123116098,4.176643778356338,20.60050639837045,99.0,P48
916,2458876.94535305,i,3.4667564914164575,2.285160024444779,21.255283443900318,99.0,P48
917,2458876.94535305,i,3.4667564914164575,2.285160024444779,21.255283443900318,99.0,P48
918,2458877.9335011495,i,5.318621287976914,3.0281723579805284,20.949623512230605,99.0,P48
919,2458877.9335011495,i,5.318621287976914,3.0281723579805284,20.949623512230605,99.0,P48
920,2458878.93458335,i,7.334014109893206,4.054016582367571,20.632861187211727,99.0,P48
921,2458878.93458335,i,7.334014109893206,4.054016582367571,20.632861187211727,99.0,P48
922,2458879.9190683,i,8.336611720047735,5.251877980157346,20.351788420844805,99.0,P48
923,2458879.9190683,i,8.336611720047735,5.251877980157346,20.351788420844805,99.0,P48
924,2458880.88829285,i,5.3517742691847605,2.886873013975968,21.001505787115264,99.0,P48
925,2458880.88829285,i,5.3517742691847605,2.886873013975968,21.001505787115264,99.0,P48
926,2458881.9220428,i,4.89703976840772,2.6122683899795724,21.11003050108738,99.0,P48
927,2458881.9220428,i,4.89703976840772,2.6122683899795724,21.11003050108738,99.0,P48
928,2458883.8665335504,i,6.7323170224795765,4.695673834547276,20.473330182091626,99.0,P48
929,2458883.8665335504,i,6.7323170224795765,4.695673834547276,20.473330182091626,99.0,P48
930,2458884.8625983503,i,8.998454502714427,4.905419768675156,20.425884546812433,99.0,P48
931,2458884.8625983503,i,8.998454502714427,4.905419768675156,20.425884546812433,99.0,P48
932,2458885.8615046004,i,7.303079983602939,5.088594230406496,20.386080436215913,99.0,P48
933,2458885.8615046004,i,7.303079983602939,5.088594230406496,20.386080436215913,99.0,P48
934,2458886.8621701496,i,1.9811880012366132,3.31415786345768,20.851642010789547,99.0,P48
935,2458886.8621701496,i,1.9811880012366132,3.31415786345768,20.851642010789547,99.0,P48
936,2458887.78681715,i,10.713754561215383,5.3483989980007625,20.332015492233374,99.0,P48
937,2458887.78681715,i,10.713754561215383,5.3483989980007625,20.332015492233374,99.0,P48
938,2458888.8605903,i,-3.1438638537061907,6.396765895769485,20.13767384663051,99.0,P48
939,2458888.8605903,i,-3.1438638537061907,6.396765895769485,20.13767384663051,99.0,P48
940,2458890.8449074496,i,8.992578984361149,6.057350737286772,20.19686818606568,99.0,P48
941,2458890.8449074496,i,8.992578984361149,6.057350737286772,20.19686818606568,99.0,P48
942,2458891.87449075,i,4.495471597420541,4.647796661838874,20.484457189936748,99.0,P48
943,2458891.87449075,i,4.495471597420541,4.647796661838874,20.484457189936748,99.0,P48
944,2458892.96585645,i,5.5374256370107435,3.3781323476368477,20.830883338533674,99.0,P48
945,2458892.96585645,i,5.5374256370107435,3.3781323476368477,20.830883338533674,99.0,P48
946,2458893.8773148,i,5.413329405973835,2.8537759852999454,21.01402529160586,99.0,P48
947,2458893.8773148,i,5.413329405973835,2.8537759852999454,21.01402529160586,99.0,P48
948,2458894.9151041503,i,6.277687943761528,2.546541948920068,21.137697902512826,99.0,P48
949,2458894.9151041503,i,6.277687943761528,2.546541948920068,21.137697902512826,99.0,P48
950,2458895.8476504497,i,5.575220766618491,2.649506723566048,21.09466242429354,99.0,P48
951,2458895.8476504497,i,5.575220766618491,2.649506723566048,21.09466242429354,99.0,P48
952,2458896.87659725,i,4.531652152774855,2.6425684338005397,21.097509381863027,99.0,P48
953,2458896.87659725,i,4.531652152774855,2.6425684338005397,21.097509381863027,99.0,P48
954,2458904.8796469998,i,4.993869427805299,2.5887450298293864,21.11985179392549,99.0,P48
955,2458904.8796469998,i,4.993869427805299,2.5887450298293864,21.11985179392549,99.0,P48
956,2458905.8720255,i,-3.3407530717358935,9.989396538768217,19.65372685613228,99.0,P48
957,2458906.87672455,i,2.627400802479806,2.5967823105451004,21.116486129037064,99.0,P48
958,2458906.87672455,i,2.627400802479806,2.5967823105451004,21.116486129037064,99.0,P48
959,2458907.8305093,i,8.679421605125107,6.12307565437023,20.18515092554835,99.0,P48
960,2458908.87762155,i,4.694200781777561,2.7286938204887567,21.06268797073654,99.0,P48
961,2458908.87762155,i,4.694200781777561,2.7286938204887567,21.06268797073654,99.0,P48
962,2458909.8517014,i,6.7437327985768,5.546643687924498,20.292499319071865,99.0,P48
963,2458911.7989004496,i,8.216287117858046,4.259940637979673,20.57906612096741,99.0,P48
964,2458911.7989004496,i,8.216287117858046,4.259940637979673,20.57906612096741,99.0,P48
965,2458912.856331,i,6.326981531679147,2.7282270247600566,21.06287372275255,99.0,P48
966,2458912.856331,i,6.326981531679147,2.7282270247600566,21.06287372275255,99.0,P48
967,2458913.85920715,i,0.43619697448874317,3.598924357400657,20.762143192414257,99.0,P48
968,2458913.85920715,i,0.43619697448874317,3.598924357400657,20.762143192414257,99.0,P48
969,2458914.7803240498,i,0.7004259940166537,6.022504921509264,20.203132080234752,99.0,P48
970,2458914.7803240498,i,0.7004259940166537,6.022504921509264,20.203132080234752,99.0,P48
971,2458915.8102430506,i,6.026073033926216,5.408640186918726,20.31985476241438,99.0,P48
972,2458915.8102430506,i,6.026073033926216,5.408640186918726,20.31985476241438,99.0,P48
973,2458936.8614467997,i,1.2099982451646192,3.5578839113797587,20.774595555218575,99.0,P48
974,2458939.7521528,i,1.2454407531108436,4.443653176012444,20.533224601123948,99.0,P48
975,2458939.7521528,i,1.2454407531108436,4.443653176012444,20.533224601123948,99.0,P48
976,2458940.77444445,i,7.296168430708298,9.605249836126907,19.696303325395192,99.0,P48
977,2458940.77444445,i,7.296168430708298,9.605249836126907,19.696303325395192,99.0,P48
978,2458941.8314062497,i,3.1269450801985808,3.353259194589122,20.838907178933276,99.0,P48
979,2458941.8314062497,i,3.1269450801985808,3.353259194589122,20.838907178933276,99.0,P48
980,2458944.81639465,i,1.8590643579741424,4.025845157960671,20.64043232155659,99.0,P48
981,2458944.81639465,i,1.8590643579741424,4.025845157960671,20.64043232155659,99.0,P48
982,2458954.83002315,i,12.818047819508463,4.083688464502933,21.130510903664778,0.34582831103745415,P48
983,2458954.83002315,i,12.818047819508463,4.083688464502933,21.130510903664778,0.34582831103745415,P48
984,2458955.86123265,i,4.644203825307874,5.130675315412386,20.377138659004824,99.0,P48
985,2458955.86123265,i,4.644203825307874,5.130675315412386,20.377138659004824,99.0,P48
986,2458964.7991551002,i,-3.206499033147769,6.87022530366659,20.0601475400574,99.0,P48
987,2458968.8240046003,i,11.002474987997543,6.095838472397571,20.189991362801166,99.0,P48
988,2458972.7970832996,i,-2.9978255296553953,9.948137116008558,19.65822058276887,99.0,P48
989,2458977.781713,i,7.937318599089603,36.21931183109942,18.255224503066,99.0,P48
990,2458981.8397338,i,-11.739757441659135,17.1617977559425,19.066168039907545,99.0,P48
991,2458987.7659722,i,0.20598955188237722,5.866026863083736,20.231714870479784,99.0,P48
992,2459014.77875,i,7.669217029839273,8.318204400862326,19.85250101927403,99.0,P48
993,2459023.7592245,i,6.1590610816863,7.5041747565422,19.9643176409116,99.0,P48
994,2459028.7744213,i,2.9740853845493036,12.00739942635815,19.45395259494046,99.0,P48
995,2459033.7570022997,i,-0.07471620492588339,12.91286004857923,19.375018878894746,99.0,P48
996,2459037.7798611,i,11.293104205869682,11.369378847233374,19.513233143752828,99.0,P48
997,2459041.6795023,i,8.019827626681243,8.254600255937584,19.860834872644457,99.0,P48
998,2459045.6823032,i,-2.679045064755697,7.232710687346055,20.004322255631216,99.0,P48
999,2459049.7453125,i,-3.333985243632047,7.347963377787313,19.987157531365852,99.0,P48
1000,2459055.7001852,i,5.8573360768548905,8.591943291760714,19.81734648428518,99.0,P48
1001,2459055.7001852,i,5.8573360768548905,8.591943291760714,19.81734648428518,99.0,P48
1002,2459056.6668287003,i,8.045932123120256,11.548000759381468,19.496307979741644,99.0,P48
1003,2459057.69814815,i,-4.918166869154136,7.837562945766476,19.91712238466214,99.0,P48
1004,2459057.69814815,i,-4.918166869154136,7.837562945766476,19.91712238466214,99.0,P48
1005,2459059.6957986,i,4.770012590790419,9.320140125117907,19.729018884479935,99.0,P48
1006,2459063.6952431,i,10.41748757790333,15.257757854305266,19.19384819361973,99.0,P48
1007,2459073.6555323997,i,12.906576718832431,12.405770387921008,19.41851564223947,99.0,P48
1008,2459081.6552546,i,2.9863245963522353,13.728752968282171,19.30849726289069,99.0,P48
1009,2458608.4825,g,90.71117425405131,20.0522076273117,19.00584802772026,0.24,LT+IOO
1010,2458608.4835,r,68.54826616871101,11.364730506003482,19.31000881399814,0.18,LT+IOO
1011,2458608.4846,i,45.80674836158447,8.016286440730449,19.747676339908292,0.19,LT+IOO
1012,2458608.4856,z,33.935967381356036,8.439450302078042,20.073349415658473,0.27,LT+IOO
1013,2458608.6755,r,63.09522223941252,1.7434435545568532,19.40000881399814,0.03,P60+SEDM
