,JD,Filter,Flux,eFlux,Mag,eMag,Telescope
0,2458274.9822801,r,-2.858415938849393,8.607129652116214,19.815429126809544,99.0,P48
1,2458283.9635880003,r,5.89245317254943,4.3108041919585505,20.566179247893487,99.0,P48
2,2458289.9638773,r,-2.8760577287831075,3.61175681120201,20.758278737983076,99.0,P48
3,2458298.9422222,r,8.873767129758539,9.937500838742382,19.65938204336061,99.0,P48
4,2458301.9572453997,r,-0.8623049031827874,5.905063416215182,20.224513574182637,99.0,P48
5,2458312.9394329,r,-1.6901952227948365,2.668153783657059,21.0870478459616,99.0,P48
6,2458315.9646412004,r,0.39454523417259224,3.094930262723625,20.92594782011172,99.0,P48
7,2458324.961169,r,4.540621566344443,3.451143952136245,20.807667302381134,99.0,P48
8,2458327.9183102003,r,-22.228499351472667,25.710161847157522,18.627312962750565,99.0,P48
9,2458333.9835764,r,4.860947309317049,4.969748868632454,20.411738880366237,99.0,P48
10,2458335.94137268,r,3.418222840424977,1.2979460062172465,21.869433423040753,99.0,P48
11,2458335.94137268,r,3.418222840424977,1.2979460062172465,21.869433423040753,99.0,P48
12,2458335.94137268,r,3.418222840424977,1.2979460062172465,21.869433423040753,99.0,P48
13,2458335.94137268,r,3.418222840424977,1.2979460062172465,21.869433423040753,99.0,P48
14,2458335.94137268,r,3.418222840424977,1.2979460062172465,21.869433423040753,99.0,P48
15,2458336.937329275,r,3.239354995560249,1.5872007263112142,21.65099535529611,99.0,P48
16,2458336.937329275,r,3.239354995560249,1.5872007263112142,21.65099535529611,99.0,P48
17,2458336.937329275,r,3.239354995560249,1.5872007263112142,21.65099535529611,99.0,P48
18,2458336.937329275,r,3.239354995560249,1.5872007263112142,21.65099535529611,99.0,P48
19,2458342.9635648,r,-0.37096186605882464,2.6734192248631476,21.084907322189274,99.0,P48
20,2458345.8810185003,r,-5.55445158493715,2.660921572731273,21.089994802999424,99.0,P48
21,2458348.913125,r,-2.3478699526811253,2.2470279104765076,21.27355382202996,99.0,P48
22,2458351.896088,r,-4.10992238136826,2.200757129354157,21.29614469559032,99.0,P48
23,2458353.8663310334,r,-0.1591499282960404,2.1970266055231433,21.297986698745426,99.0,P48
24,2458353.8663310334,r,-0.1591499282960404,2.1970266055231433,21.297986698745426,99.0,P48
25,2458353.8663310334,r,-0.1591499282960404,2.1970266055231433,21.297986698745426,99.0,P48
26,2458354.87890625,r,5.691692156197763,3.5551134013897197,20.775441343012858,99.0,P48
27,2458354.87890625,r,5.691692156197763,3.5551134013897197,20.775441343012858,99.0,P48
28,2458356.8984316997,r,8.295113190418869,5.793204788407273,20.24527778671809,99.0,P48
29,2458356.8984316997,r,8.295113190418869,5.793204788407273,20.24527778671809,99.0,P48
30,2458360.8496065,r,1.9329995168883847,8.224443266674454,19.86480871634187,99.0,P48
31,2458362.8801273,r,3.185014364545174,2.2325168096759453,21.28058814520584,99.0,P48
32,2458362.8801273,r,3.185014364545174,2.2325168096759453,21.28058814520584,99.0,P48
33,2458363.93828125,r,0.6302396809889861,2.6095780739355425,21.111149252398768,99.0,P48
34,2458363.93828125,r,0.6302396809889861,2.6095780739355425,21.111149252398768,99.0,P48
35,2458366.8360417006,r,5.324167567971612,2.641719843395122,21.097858093093663,99.0,P48
36,2458369.8788542002,r,1.5140021835187287,2.639320761941684,21.098844553894104,99.0,P48
37,2458372.85945025,r,-0.7273269964562962,1.8354543055985424,21.493216046579725,99.0,P48
38,2458372.85945025,r,-0.7273269964562962,1.8354543055985424,21.493216046579725,99.0,P48
39,2458375.855162,r,-6.050159955353056,2.6713581942443505,21.08574467630055,99.0,P48
40,2458378.8782407003,r,-0.46638097710182586,2.6536913644287554,21.092948961226107,99.0,P48
41,2458382.8167823995,r,9.01638333724163,4.6432055860536146,20.485530206059572,99.0,P48
42,2458388.7725579,r,-6.086345474481482,6.768639310497622,20.07632155944723,99.0,P48
43,2458389.8303858,r,2.475796231983782,2.4854775270826543,21.164050387318234,99.0,P48
44,2458389.8303858,r,2.475796231983782,2.4854775270826543,21.164050387318234,99.0,P48
45,2458389.8303858,r,2.475796231983782,2.4854775270826543,21.164050387318234,99.0,P48
46,2458424.7639698996,r,2.3592960287846654,7.625198949823594,19.946947040692116,99.0,P48
47,2458425.741956,r,-2.0224530747060556,15.64643720759891,19.16653633528952,99.0,P48
48,2458428.7476852,r,-3.420105818331824,3.0769422110683786,20.932276639871986,99.0,P48
49,2458431.6867014,r,17.542498053137198,5.721100288269444,20.78983702977487,0.35401197389934297,P48
50,2458434.691713,r,51.671099075853604,5.101936710576573,19.61694637389989,0.10718084961190424,P48
51,2458437.7531597,r,59.14500380659566,6.5631823317552405,19.470270462081558,0.12045538866506642,P48
52,2458443.636709133,r,47.564862984345645,3.7287234811973056,19.70684999714959,0.08509494372288597,P48
53,2458443.636709133,r,47.564862984345645,3.7287234811973056,19.70684999714959,0.08509494372288597,P48
54,2458443.636709133,r,47.564862984345645,3.7287234811973056,19.70684999714959,0.08509494372288597,P48
55,2458456.6658681,r,0.7624348088293971,4.992993913760807,20.406672397485885,99.0,P48
56,2458471.6449306,r,-5.623696740916802,9.899033038110959,19.663593054868766,99.0,P48
57,2458474.6328241,r,5.422725852521856,5.870565190240872,20.230875201463984,99.0,P48
58,2458491.6021296,r,3.7418729426436244,4.7480288593691915,20.461291614134538,99.0,P48
59,2458514.6074421,r,2.856388959582535,2.993791274751259,20.962021193350502,99.0,P48
60,2458514.6074421,r,2.856388959582535,2.993791274751259,20.962021193350502,99.0,P48
61,2458514.6074421,r,2.856388959582535,2.993791274751259,20.962021193350502,99.0,P48
62,2458522.6002546498,r,-14.2589482375528,8.883348203674295,19.781133275075625,99.0,P48
63,2458522.6002546498,r,-14.2589482375528,8.883348203674295,19.781133275075625,99.0,P48
64,2458523.60688655,r,-0.7877324865491104,5.13811046630505,20.37556639640352,99.0,P48
65,2458523.60688655,r,-0.7877324865491104,5.13811046630505,20.37556639640352,99.0,P48
66,2458523.60688655,r,-0.7877324865491104,5.13811046630505,20.37556639640352,99.0,P48
67,2458523.60688655,r,-0.7877324865491104,5.13811046630505,20.37556639640352,99.0,P48
68,2458652.9574884,r,5.0129663217205565,8.657668513275455,19.80907260557894,99.0,P48
69,2458655.9413773,r,5.706924718176631,9.065810106030469,19.759058444126616,99.0,P48
70,2458667.9638426,r,-1.3227671911400916,3.4330415681227087,20.81337733415149,99.0,P48
71,2458670.9635069002,r,-0.934276481596642,2.533433222694815,21.1433013355105,99.0,P48
72,2458673.9471064997,r,2.561652426520568,3.0720486529153326,20.934004765509528,99.0,P48
73,2458676.9617014,r,4.402479641916105,2.6283844164113037,21.10335278013229,99.0,P48
74,2458682.8977893996,r,-11.794802861721193,5.9563988980373646,20.215115552635122,99.0,P48
75,2458688.9378472,r,0.4011930102083183,5.006480069301914,20.403743760192206,99.0,P48
76,2458691.8968518996,r,1.2638274256415982,3.5619928998633563,20.773342365542646,99.0,P48
77,2458694.8988657002,r,2.438054365872265,2.317150449893119,21.24018940680292,99.0,P48
78,2458697.9375926005,r,-2.6500982782587656,2.7055595890211026,21.071932230257943,99.0,P48
79,2458700.918044,r,-1.6176358939508664,2.2006561107441627,21.296194533929174,99.0,P48
80,2458703.9204977,r,-5.07631466045155,2.2638044271582936,21.26547772690065,99.0,P48
81,2458706.9007755,r,-4.8607996582743835,2.878461026483795,21.004674105131624,99.0,P48
82,2458715.919537,r,2.385725237415311,7.2163028105723095,20.0067881171956,99.0,P48
83,2458717.9776794002,r,-3.3149202114595395,4.208822227753649,20.592173533150614,99.0,P48
84,2458717.9776794002,r,-3.3149202114595395,4.208822227753649,20.592173533150614,99.0,P48
85,2458719.93527084,r,0.6841519584437903,1.3435722212972727,21.83192244888032,99.0,P48
86,2458719.93527084,r,0.6841519584437903,1.3435722212972727,21.83192244888032,99.0,P48
87,2458719.93527084,r,0.6841519584437903,1.3435722212972727,21.83192244888032,99.0,P48
88,2458719.93527084,r,0.6841519584437903,1.3435722212972727,21.83192244888032,99.0,P48
89,2458719.93527084,r,0.6841519584437903,1.3435722212972727,21.83192244888032,99.0,P48
90,2458724.8983448995,r,2.154366534330984,3.9293248315746117,20.666780157185727,99.0,P48
91,2458727.8255439997,r,-0.12939115036005217,2.8824326468590047,21.003177069094995,99.0,P48
92,2458730.8967823996,r,-3.2728463647811923,2.927183855204692,20.98644998629274,99.0,P48
93,2458736.8975810003,r,-0.0386831082437219,4.706039321843989,20.470936110030348,99.0,P48
94,2458739.8354977,r,-7.357646543194128,13.501179063321695,19.326645746008634,99.0,P48
95,2458743.8362616003,r,5.643025161104654,11.171207415379545,19.532324700619412,99.0,P48
96,2458745.8807464996,r,2.2242973835574165,2.6082873650973224,21.11168639516736,99.0,P48
97,2458745.8807464996,r,2.2242973835574165,2.6082873650973224,21.11168639516736,99.0,P48
98,2458745.8807464996,r,2.2242973835574165,2.6082873650973224,21.11168639516736,99.0,P48
99,2458745.8807464996,r,2.2242973835574165,2.6082873650973224,21.11168639516736,99.0,P48
100,2458748.8609722,r,3.8984137808563384,1.7223500612624807,21.562271427080375,99.0,P48
101,2458748.8609722,r,3.8984137808563384,1.7223500612624807,21.562271427080375,99.0,P48
102,2458748.8609722,r,3.8984137808563384,1.7223500612624807,21.562271427080375,99.0,P48
103,2458748.8609722,r,3.8984137808563384,1.7223500612624807,21.562271427080375,99.0,P48
104,2458748.8609722,r,3.8984137808563384,1.7223500612624807,21.562271427080375,99.0,P48
105,2458749.82858215,r,-0.42999882006408013,1.3806520448229114,21.802364388031876,99.0,P48
106,2458749.82858215,r,-0.42999882006408013,1.3806520448229114,21.802364388031876,99.0,P48
107,2458750.8365972,r,-3.2761639906247675,1.942137955334116,21.431874799699088,99.0,P48
108,2458757.8206713,r,-1.5937545268272904,3.634513823115081,20.751459176797987,99.0,P48
109,2458759.8317291597,r,3.5789008296585814,1.306589133200564,21.862227384470856,99.0,P48
110,2458759.8317291597,r,3.5789008296585814,1.306589133200564,21.862227384470856,99.0,P48
111,2458759.8317291597,r,3.5789008296585814,1.306589133200564,21.862227384470856,99.0,P48
112,2458759.8317291597,r,3.5789008296585814,1.306589133200564,21.862227384470856,99.0,P48
113,2458759.8317291597,r,3.5789008296585814,1.306589133200564,21.862227384470856,99.0,P48
114,2458760.7953935,r,1.0952543860717248,3.2017377896447226,20.88911058429708,99.0,P48
115,2458763.818657375,r,1.5505428688109697,2.0735489228327335,21.36078927299927,99.0,P48
116,2458763.818657375,r,1.5505428688109697,2.0735489228327335,21.36078927299927,99.0,P48
117,2458763.818657375,r,1.5505428688109697,2.0735489228327335,21.36078927299927,99.0,P48
118,2458763.818657375,r,1.5505428688109697,2.0735489228327335,21.36078927299927,99.0,P48
119,2458770.7718866,r,-28.27737777365718,13.793831431056407,19.303362703298156,99.0,P48
120,2458771.8181388797,r,1.3536091240402737,4.954901763314709,20.41498736787527,99.0,P48
121,2458771.8181388797,r,1.3536091240402737,4.954901763314709,20.41498736787527,99.0,P48
122,2458771.8181388797,r,1.3536091240402737,4.954901763314709,20.41498736787527,99.0,P48
123,2458771.8181388797,r,1.3536091240402737,4.954901763314709,20.41498736787527,99.0,P48
124,2458771.8181388797,r,1.3536091240402737,4.954901763314709,20.41498736787527,99.0,P48
125,2458773.76135182,r,7.186142816204043,6.33154013787169,20.14880157824721,99.0,P48
126,2458773.76135182,r,7.186142816204043,6.33154013787169,20.14880157824721,99.0,P48
127,2458773.76135182,r,7.186142816204043,6.33154013787169,20.14880157824721,99.0,P48
128,2458773.76135182,r,7.186142816204043,6.33154013787169,20.14880157824721,99.0,P48
129,2458773.76135182,r,7.186142816204043,6.33154013787169,20.14880157824721,99.0,P48
130,2458774.73140625,r,3.7257774256017027,2.4930071440232147,21.160766181583416,99.0,P48
131,2458774.73140625,r,3.7257774256017027,2.4930071440232147,21.160766181583416,99.0,P48
132,2458774.73140625,r,3.7257774256017027,2.4930071440232147,21.160766181583416,99.0,P48
133,2458774.73140625,r,3.7257774256017027,2.4930071440232147,21.160766181583416,99.0,P48
134,2458775.85229165,r,3.76680863778252,2.123505518313779,21.334941504357325,99.0,P48
135,2458775.85229165,r,3.76680863778252,2.123505518313779,21.334941504357325,99.0,P48
136,2458775.85229165,r,3.76680863778252,2.123505518313779,21.334941504357325,99.0,P48
137,2458775.85229165,r,3.76680863778252,2.123505518313779,21.334941504357325,99.0,P48
138,2458776.7681790334,r,2.925335795718776,2.8420119403272537,21.018510243598513,99.0,P48
139,2458776.7681790334,r,2.925335795718776,2.8420119403272537,21.018510243598513,99.0,P48
140,2458776.7681790334,r,2.925335795718776,2.8420119403272537,21.018510243598513,99.0,P48
141,2458777.82003475,r,-0.7277376017951489,4.962182863651937,20.413393077624775,99.0,P48
142,2458777.82003475,r,-0.7277376017951489,4.962182863651937,20.413393077624775,99.0,P48
143,2458779.7389815,r,3.8360820975432572,1.9173462637345502,21.445823610395443,99.0,P48
144,2458779.7389815,r,3.8360820975432572,1.9173462637345502,21.445823610395443,99.0,P48
145,2458779.7389815,r,3.8360820975432572,1.9173462637345502,21.445823610395443,99.0,P48
146,2458783.7956712996,r,-6.640536384666687,4.949105910762226,20.416258119651538,99.0,P48
147,2458787.7161516,r,-4.317494428032344,4.826577420285798,20.443476797049943,99.0,P48
148,2458787.7161516,r,-4.317494428032344,4.826577420285798,20.443476797049943,99.0,P48
149,2458789.7295717997,r,-0.9192303490810612,4.823640248198613,20.444137713576943,99.0,P48
150,2458790.7056458197,r,1.6958567938772233,1.726988276152132,21.55935151585468,99.0,P48
151,2458790.7056458197,r,1.6958567938772233,1.726988276152132,21.55935151585468,99.0,P48
152,2458790.7056458197,r,1.6958567938772233,1.726988276152132,21.55935151585468,99.0,P48
153,2458790.7056458197,r,1.6958567938772233,1.726988276152132,21.55935151585468,99.0,P48
154,2458790.7056458197,r,1.6958567938772233,1.726988276152132,21.55935151585468,99.0,P48
155,2458800.7533912,r,-13.69734971099461,10.626315686931523,19.5866182046601,99.0,P48
156,2458803.7322685,r,-5.110825645433068,5.532346001330112,20.295301654850324,99.0,P48
157,2458806.7317593,r,8.288631501198617,5.101870100732,20.383251497170882,99.0,P48
158,2458811.6261573997,r,-10.695482381490399,12.490430087728154,19.4111315070134,99.0,P48
159,2458814.6678819,r,12.89792904279697,15.878222088598976,19.150570308846916,99.0,P48
160,2458820.6055093,r,-43.57799917249367,35.04045194944862,18.29115074157525,99.0,P48
161,2458831.5716551,r,3.9531995582216406,5.907463632005288,20.224072347473438,99.0,P48
162,2458835.5845602,r,7.501695710068668,11.623444752676233,19.489237849882116,99.0,P48
163,2458838.5911573996,r,5.611380583099396,6.031184283838803,20.201568492625434,99.0,P48
164,2458852.65125,r,0.5315368868175634,5.591307029341005,20.283791637028962,99.0,P48
165,2458855.6907986,r,1.5917492127003872,10.27995006336373,19.62259747665049,99.0,P48
166,2458860.6440741,r,2.0209367491603256,9.018416218857318,19.764749301570102,99.0,P48
167,2458863.5892824,r,-2.813107959367081,4.881335399807221,20.431228365797633,99.0,P48
168,2458873.5912731,r,1.9536950762057697,6.579422075229596,20.107105620080098,99.0,P48
169,2458886.605520825,r,3.1960719752733464,5.469858420321461,20.307634775734464,99.0,P48
170,2458886.605520825,r,3.1960719752733464,5.469858420321461,20.307634775734464,99.0,P48
171,2458886.605520825,r,3.1960719752733464,5.469858420321461,20.307634775734464,99.0,P48
172,2458886.605520825,r,3.1960719752733464,5.469858420321461,20.307634775734464,99.0,P48
173,2459036.8806481003,r,-2.6167291575482863,9.407864798454318,19.71884732046201,99.0,P48
174,2459044.9602662004,r,-0.6227279774827161,3.9673975265638024,20.656310693581155,99.0,P48
175,2459047.9194907,r,1.052285353828442,2.9267544702919737,20.986609263251403,99.0,P48
176,2459049.8895949,r,1.4698685866913148,2.2664228766187486,21.26422262621563,99.0,P48
177,2459050.9774306,r,0.07325751178012169,3.1116732198845325,20.920090033671627,99.0,P48
178,2459053.9594329,r,2.5930603536163668,2.508699814472823,21.153953244918384,99.0,P48
179,2459056.9614236,r,-0.17027965338133585,2.8521791930351195,21.01463297083378,99.0,P48
180,2459060.938669,r,-1.6289602421004574,2.4633623046805604,21.173754260666655,99.0,P48
181,2459061.8700887333,r,4.255516417784831,2.3349150745126392,21.23189726656338,99.0,P48
182,2459061.8700887333,r,4.255516417784831,2.3349150745126392,21.23189726656338,99.0,P48
183,2459061.8700887333,r,4.255516417784831,2.3349150745126392,21.23189726656338,99.0,P48
184,2459064.911522,r,-0.48663246466343424,3.652290665610087,20.746161655827372,99.0,P48
185,2459064.911522,r,-0.48663246466343424,3.652290665610087,20.746161655827372,99.0,P48
186,2459064.911522,r,-0.48663246466343424,3.652290665610087,20.746161655827372,99.0,P48
187,2459064.911522,r,-0.48663246466343424,3.652290665610087,20.746161655827372,99.0,P48
188,2459073.9584606,r,-0.9298629869243392,3.540030702465618,20.780057417532227,99.0,P48
189,2459074.9319212995,r,9.58515711729095,20.360119354514012,18.88062419020752,99.0,P48
190,2459074.9319212995,r,9.58515711729095,20.360119354514012,18.88062419020752,99.0,P48
191,2459076.9093807833,r,0.1049672242274544,1.2396700867667507,21.919309684642457,99.0,P48
192,2459076.9093807833,r,0.1049672242274544,1.2396700867667507,21.919309684642457,99.0,P48
193,2459076.9093807833,r,0.1049672242274544,1.2396700867667507,21.919309684642457,99.0,P48
194,2459076.9093807833,r,0.1049672242274544,1.2396700867667507,21.919309684642457,99.0,P48
195,2459076.9093807833,r,0.1049672242274544,1.2396700867667507,21.919309684642457,99.0,P48
196,2459076.9093807833,r,0.1049672242274544,1.2396700867667507,21.919309684642457,99.0,P48
197,2459079.906180533,r,1.2582101484509243,1.1487082354790863,22.00205065245244,99.0,P48
198,2459079.906180533,r,1.2582101484509243,1.1487082354790863,22.00205065245244,99.0,P48
199,2459079.906180533,r,1.2582101484509243,1.1487082354790863,22.00205065245244,99.0,P48
200,2459079.906180533,r,1.2582101484509243,1.1487082354790863,22.00205065245244,99.0,P48
201,2459079.906180533,r,1.2582101484509243,1.1487082354790863,22.00205065245244,99.0,P48
202,2459079.906180533,r,1.2582101484509243,1.1487082354790863,22.00205065245244,99.0,P48
203,2459081.9077616003,r,2.944559373792312,1.2525383562758592,21.90809740398162,99.0,P48
204,2459081.9077616003,r,2.944559373792312,1.2525383562758592,21.90809740398162,99.0,P48
205,2459081.9077616003,r,2.944559373792312,1.2525383562758592,21.90809740398162,99.0,P48
206,2459081.9077616003,r,2.944559373792312,1.2525383562758592,21.90809740398162,99.0,P48
207,2459081.9077616003,r,2.944559373792312,1.2525383562758592,21.90809740398162,99.0,P48
208,2459082.9637384,r,-4.068304085991299,5.7038031524165405,20.262163666937553,99.0,P48
209,2459086.8711535498,r,2.177642302980022,1.0891178414192235,22.05988780788504,99.0,P48
210,2459086.8711535498,r,2.177642302980022,1.0891178414192235,22.05988780788504,99.0,P48
211,2459086.8711535498,r,2.177642302980022,1.0891178414192235,22.05988780788504,99.0,P48
212,2459086.8711535498,r,2.177642302980022,1.0891178414192235,22.05988780788504,99.0,P48
213,2459086.8711535498,r,2.177642302980022,1.0891178414192235,22.05988780788504,99.0,P48
214,2459086.8711535498,r,2.177642302980022,1.0891178414192235,22.05988780788504,99.0,P48
215,2459087.88093518,r,0.6728106664062202,1.1891397909168486,21.964492709940348,99.0,P48
216,2459087.88093518,r,0.6728106664062202,1.1891397909168486,21.964492709940348,99.0,P48
217,2459087.88093518,r,0.6728106664062202,1.1891397909168486,21.964492709940348,99.0,P48
218,2459087.88093518,r,0.6728106664062202,1.1891397909168486,21.964492709940348,99.0,P48
219,2459087.88093518,r,0.6728106664062202,1.1891397909168486,21.964492709940348,99.0,P48
220,2459098.8359838,r,-2.21864807831404,6.226762735646949,20.166919194923267,99.0,P48
221,2459104.8943171003,r,-1.2601778990402468,8.060659110552608,19.886648601653256,99.0,P48
222,2459107.8115625,r,-4.436998144974997,4.46093555091435,20.529010117048095,99.0,P48
223,2459110.8611921,r,-0.500989518570754,4.348755859406464,20.55666242187565,99.0,P48
224,2459113.80256365,r,1.5810710601554545,1.4205113907788474,21.77146318768986,99.0,P48
225,2459113.80256365,r,1.5810710601554545,1.4205113907788474,21.77146318768986,99.0,P48
226,2459113.80256365,r,1.5810710601554545,1.4205113907788474,21.77146318768986,99.0,P48
227,2459113.80256365,r,1.5810710601554545,1.4205113907788474,21.77146318768986,99.0,P48
228,2459115.8366975333,r,-1.5096174913259859,1.5219135867424403,21.696600003714718,99.0,P48
229,2459115.8366975333,r,-1.5096174913259859,1.5219135867424403,21.696600003714718,99.0,P48
230,2459115.8366975333,r,-1.5096174913259859,1.5219135867424403,21.696600003714718,99.0,P48
231,2459116.84166665,r,1.5668540352697231,2.0074834323528923,21.395945064765606,99.0,P48
232,2459116.84166665,r,1.5668540352697231,2.0074834323528923,21.395945064765606,99.0,P48
233,2459118.7701504664,r,2.1593128176132312,1.9416313568477996,21.43215804634778,99.0,P48
234,2459118.7701504664,r,2.1593128176132312,1.9416313568477996,21.43215804634778,99.0,P48
235,2459118.7701504664,r,2.1593128176132312,1.9416313568477996,21.43215804634778,99.0,P48
236,2459128.7525926004,r,-2.8674977204602183,5.339688795784976,20.33378512290492,99.0,P48
237,2459130.771215267,r,2.0585254036079728,1.4469310372951385,21.751455407796186,99.0,P48
238,2459130.771215267,r,2.0585254036079728,1.4469310372951385,21.751455407796186,99.0,P48
239,2459130.771215267,r,2.0585254036079728,1.4469310372951385,21.751455407796186,99.0,P48
240,2459134.796875,r,-7.456156495073693,3.4277685728839966,20.81504625745582,99.0,P48
241,2459136.7982176,r,2.0506555717334876,3.262500835911694,20.868698410108834,99.0,P48
242,2459138.7756712995,r,-6.8073284364534095,3.586772389547415,20.765815444250034,99.0,P48
243,2459140.7310995,r,1.7546868385352863,2.774150317665535,21.04475001497722,99.0,P48
244,2459146.7320022997,r,12.017771349242574,18.471316393146335,18.98633037076681,99.0,P48
245,2459152.7119097,r,0.8090292715533987,7.897985215273766,19.908784198113384,99.0,P48
246,2458280.9460301003,g,9.790419710643766,4.76559155630034,20.45728294514428,99.0,P48
247,2458283.9433449,g,2.6938663070787934,4.592282382706389,20.497503525941823,99.0,P48
248,2458286.9433218,g,1.4742685657178183,4.15187674627748,20.60696385803564,99.0,P48
249,2458289.9349537003,g,8.20569174070153,4.4995940492300734,20.51964165479493,99.0,P48
250,2458292.9414468,g,2.3186165777763548,3.28918830574123,20.859853145371737,99.0,P48
251,2458295.9471064997,g,4.580448603867444,8.438967978886131,19.83685164169523,99.0,P48
252,2458301.9647801,g,9.259420792144383,9.153094752161454,19.74865509373553,99.0,P48
253,2458318.9192593,g,-1.276720566538294,3.3671652552805202,20.83441391062273,99.0,P48
254,2458321.9395139,g,-3.090421856483383,2.4892723804797585,21.16239393800893,99.0,P48
255,2458327.9409144,g,-15.22371382206956,27.814326428681056,18.541903621102115,99.0,P48
256,2458333.9604051,g,-5.293193231347811,8.48914376015445,19.830415268553878,99.0,P48
257,2458336.8298148,g,-0.9188906291050876,3.161510481861484,20.902838424065955,99.0,P48
258,2458342.9355787,g,2.0941931639327844,3.1035032883442577,20.922944464454442,99.0,P48
259,2458344.915162,g,4.7855586493622,2.8535130690222448,21.01412532429003,99.0,P48
260,2458345.9144444,g,-6.2348762157734425,2.6060733034093717,21.112608420792924,99.0,P48
261,2458351.9243287,g,-3.3229090247672173,2.1645890009301296,21.31413637089236,99.0,P48
262,2458360.91019675,g,9.289043257586876,7.0345272268113614,20.03448770192795,99.0,P48
263,2458360.91019675,g,9.289043257586876,7.0345272268113614,20.03448770192795,99.0,P48
264,2458361.9304398,g,15.584443507598994,6.3271144108931106,20.149560769864344,99.0,P48
265,2458363.8689265,g,1.6657005099202082,2.4907002576486033,21.161771324957293,99.0,P48
266,2458363.8689265,g,1.6657005099202082,2.4907002576486033,21.161771324957293,99.0,P48
267,2458363.8689265,g,1.6657005099202082,2.4907002576486033,21.161771324957293,99.0,P48
268,2458363.8689265,g,1.6657005099202082,2.4907002576486033,21.161771324957293,99.0,P48
269,2458366.8986457996,g,-0.8282771169205589,2.805816558046536,21.032426804638998,99.0,P48
270,2458369.8262037,g,-6.425321015640028,2.9956514546894026,20.961346785108404,99.0,P48
271,2458372.9019097,g,-6.166550401621872,3.5052930957392756,20.790764145571302,99.0,P48
272,2458375.8127431,g,-4.985885167184886,3.377552871341146,20.831069598957356,99.0,P48
273,2458378.8393634,g,-4.837798259230818,2.608780583067843,21.11148110567742,99.0,P48
274,2458382.8936111,g,-2.710348662710009,5.728081678752668,20.257551983901614,99.0,P48
275,2458384.826647367,g,-2.331555391704226,7.169718045069243,20.013819796600735,99.0,P48
276,2458384.826647367,g,-2.331555391704226,7.169718045069243,20.013819796600735,99.0,P48
277,2458384.826647367,g,-2.331555391704226,7.169718045069243,20.013819796600735,99.0,P48
278,2458388.8526128503,g,-6.282210761833191,4.4591211000120285,20.52945182165619,99.0,P48
279,2458388.8526128503,g,-6.282210761833191,4.4591211000120285,20.52945182165619,99.0,P48
280,2458388.8526128503,g,-6.282210761833191,4.4591211000120285,20.52945182165619,99.0,P48
281,2458388.8526128503,g,-6.282210761833191,4.4591211000120285,20.52945182165619,99.0,P48
282,2458389.8949306,g,2.7120733481556503,6.308717755032952,20.152722244180296,99.0,P48
283,2458390.8487847,g,-3.5090653974004775,3.1936875495481765,20.89184392611018,99.0,P48
284,2458390.8487847,g,-3.5090653974004775,3.1936875495481765,20.89184392611018,99.0,P48
285,2458390.8487847,g,-3.5090653974004775,3.1936875495481765,20.89184392611018,99.0,P48
286,2458425.6893403,g,-5.078733383813891,7.151183090580793,20.016630245773968,99.0,P48
287,2458428.7009143997,g,-0.689327090219745,2.984566912913037,20.965371689003987,99.0,P48
288,2458431.711875,g,20.894992945948786,7.363402630113592,19.98487861839879,99.0,P48
289,2458434.6470139,g,68.96854846599626,5.613693121914104,19.30343790781886,0.08835424290308407,P48
290,2458436.6925462997,g,68.4111597699777,5.970439760702445,19.312248239649005,0.09473472430570688,P48
291,2458437.7359144,g,65.11277994168864,5.562880471265421,19.365900028226065,0.09273919431740378,P48
292,2458443.8041937,g,39.54115005885886,8.973306447426625,19.907442380617518,0.24633891867541466,P48
293,2458443.8041937,g,39.54115005885886,8.973306447426625,19.907442380617518,0.24633891867541466,P48
294,2458443.8041937,g,39.54115005885886,8.973306447426625,19.907442380617518,0.24633891867541466,P48
295,2458482.6283332994,g,-4.0608816742218465,5.321583588913043,20.337472768578593,99.0,P48
296,2458487.6283796,g,7.02878294431617,4.249580287815392,20.581709892085286,99.0,P48
297,2458491.6486227,g,-2.9163951621308484,6.231212008408981,20.166143669715165,99.0,P48
298,2458505.6611227,g,13.70001037111226,25.599266377965545,18.632006190388793,99.0,P48
299,2458510.6301505,g,-15.441859547516115,8.8617327540434,19.78377836730258,99.0,P48
300,2458646.9477894,g,-6.566702531611043,5.369890881792599,20.32766133725596,99.0,P48
301,2458655.9793634,g,-8.045879059462475,12.879666738516237,19.37781342467033,99.0,P48
302,2458661.9764931,g,-11.430877419963226,6.076800054113023,20.19338762184932,99.0,P48
303,2458667.958588,g,1.8383210824166305,3.500460173830863,20.792262136985272,99.0,P48
304,2458670.940787,g,-2.610395312470692,2.447735877013872,21.18066360554144,99.0,P48
305,2458673.9790278,g,-2.340166160228795,3.9656333058651585,20.6567936056882,99.0,P48
306,2458679.9450926003,g,2.4377378701024823,7.721910737621043,19.933263046568822,99.0,P48
307,2458688.9615394,g,-3.3276913062406517,5.985356663650187,20.20984990203656,99.0,P48
308,2458691.9900424,g,-4.874493539128335,2.890176604722042,21.000264036150178,99.0,P48
309,2458691.9900424,g,-4.874493539128335,2.890176604722042,21.000264036150178,99.0,P48
310,2458691.9900424,g,-4.874493539128335,2.890176604722042,21.000264036150178,99.0,P48
311,2458694.9587383997,g,0.4127023822956794,2.5763198683311717,21.125075532243468,99.0,P48
312,2458695.9320544004,g,5.460347541079048,1.9445626216653153,21.43052015541425,99.0,P48
313,2458695.9320544004,g,5.460347541079048,1.9445626216653153,21.43052015541425,99.0,P48
314,2458697.9609144,g,1.761660177626723,3.013031607250219,20.955065770346323,99.0,P48
315,2458700.9610417006,g,-3.8601964854926036,2.846179224435588,21.016919378625666,99.0,P48
316,2458709.9545486,g,0.8589333983898008,7.965643239724178,19.89952286016572,99.0,P48
317,2458716.0007292004,g,9.868813853928991,17.017543905521453,19.07533278974887,99.0,P48
318,2458718.9138889,g,-4.9879635103879405,5.11794760523465,20.379835400402172,99.0,P48
319,2458724.9205903,g,-0.12026483798713511,3.917738231723509,20.66998645232806,99.0,P48
320,2458726.9518692,g,5.263590652357528,1.7986751535916075,21.51519315047579,99.0,P48
321,2458726.9518692,g,5.263590652357528,1.7986751535916075,21.51519315047579,99.0,P48
322,2458727.8980787,g,-2.1019930104543056,3.148257181938025,20.907399482249957,99.0,P48
323,2458730.8265393996,g,-5.306958941568785,4.035831855373788,20.637742329269393,99.0,P48
324,2458733.870162,g,-3.1498763642007708,3.1837155939653945,20.89523932758901,99.0,P48
325,2458736.9596991,g,1.8236260924839207,3.728800998694119,20.723651973553142,99.0,P48
326,2458743.8791435002,g,-2.3646222035154416,16.193430592098302,19.12922782876666,99.0,P48
327,2458746.8800347,g,-2.8642191344311905,6.297161809216949,20.154712856926242,99.0,P48
328,2458749.8803964,g,-0.13679788366875467,1.1927369393252865,21.961213315015712,99.0,P48
329,2458749.8803964,g,-0.13679788366875467,1.1927369393252865,21.961213315015712,99.0,P48
330,2458749.8803964,g,-0.13679788366875467,1.1927369393252865,21.961213315015712,99.0,P48
331,2458749.8803964,g,-0.13679788366875467,1.1927369393252865,21.961213315015712,99.0,P48
332,2458750.7947569,g,-2.6689587776819192,1.5725301266137763,21.66107755307688,99.0,P48
333,2458754.7908564997,g,-4.438077173029882,4.589970411591871,20.498050274294904,99.0,P48
334,2458760.8514931,g,-3.8221982794098395,4.564380579063531,20.504120367094934,99.0,P48
335,2458763.8779977,g,-2.2344687288390555,4.286903655273484,20.572215681160877,99.0,P48
336,2458764.8153125,g,1.8733570885076374,2.0919287813603993,21.351207751373437,99.0,P48
337,2458764.8153125,g,1.8733570885076374,2.0919287813603993,21.351207751373437,99.0,P48
338,2458764.8153125,g,1.8733570885076374,2.0919287813603993,21.351207751373437,99.0,P48
339,2458764.8153125,g,1.8733570885076374,2.0919287813603993,21.351207751373437,99.0,P48
340,2458764.8153125,g,1.8733570885076374,2.0919287813603993,21.351207751373437,99.0,P48
341,2458766.86478975,g,4.743036905259029,4.214302664128148,20.590760682431743,99.0,P48
342,2458766.86478975,g,4.743036905259029,4.214302664128148,20.590760682431743,99.0,P48
343,2458766.86478975,g,4.743036905259029,4.214302664128148,20.590760682431743,99.0,P48
344,2458766.86478975,g,4.743036905259029,4.214302664128148,20.590760682431743,99.0,P48
345,2458766.86478975,g,4.743036905259029,4.214302664128148,20.590760682431743,99.0,P48
346,2458766.86478975,g,4.743036905259029,4.214302664128148,20.590760682431743,99.0,P48
347,2458772.77746528,g,-0.513620611363866,6.921344425380856,20.052098835455382,99.0,P48
348,2458772.77746528,g,-0.513620611363866,6.921344425380856,20.052098835455382,99.0,P48
349,2458772.77746528,g,-0.513620611363866,6.921344425380856,20.052098835455382,99.0,P48
350,2458772.77746528,g,-0.513620611363866,6.921344425380856,20.052098835455382,99.0,P48
351,2458772.77746528,g,-0.513620611363866,6.921344425380856,20.052098835455382,99.0,P48
352,2458783.710544,g,-7.22222862493698,4.8401089533214,20.44043714429805,99.0,P48
353,2458786.7248726836,g,-1.7755951441830253,1.8901823396498019,21.461315736287606,99.0,P48
354,2458786.7248726836,g,-1.7755951441830253,1.8901823396498019,21.461315736287606,99.0,P48
355,2458786.7248726836,g,-1.7755951441830253,1.8901823396498019,21.461315736287606,99.0,P48
356,2458786.7248726836,g,-1.7755951441830253,1.8901823396498019,21.461315736287606,99.0,P48
357,2458786.7248726836,g,-1.7755951441830253,1.8901823396498019,21.461315736287606,99.0,P48
358,2458786.7248726836,g,-1.7755951441830253,1.8901823396498019,21.461315736287606,99.0,P48
359,2458789.7069676,g,-0.057472937588070705,4.839634496132782,20.44054358004201,99.0,P48
360,2458797.709456,g,-16.305919134406075,17.86619105748054,19.022495054319677,99.0,P48
361,2458800.6904167,g,10.262829464320328,12.87424744935344,19.378270358594392,99.0,P48
362,2458803.6731366003,g,0.2717250244933453,9.529245784230023,19.70492866744587,99.0,P48
363,2458806.6726619997,g,-64.67572283242318,41.91614611346173,18.096621625224977,99.0,P48
364,2458811.6705556,g,-2.712572869116772,5.647133967687037,20.273004762452295,99.0,P48
365,2458814.6052198997,g,19.308447995130688,23.025770572007442,18.747039556529437,99.0,P48
366,2458820.6472917004,g,9.74346592476492,10.338619069526017,19.61641865448371,99.0,P48
367,2458828.5917245,g,8.863962255153519,14.112957179963555,19.278529929547602,99.0,P48
368,2458852.6070255,g,1.3621720089002611,10.392300870965572,19.61079571003183,99.0,P48
369,2458863.6082407003,g,-2.6946607960209774,5.552750709451058,20.291304548473335,99.0,P48
370,2458873.6080207997,g,-6.764283433008458,6.172005830848524,20.176509169959502,99.0,P48
371,2459036.9647801,g,1.4809620429340786,9.02673321067633,19.763748471977948,99.0,P48
372,2459044.8578241,g,-8.92548834715631,5.78062112501019,20.24763872499805,99.0,P48
373,2459047.9542361,g,-2.6100002295108693,2.936572165656066,20.982973294141075,99.0,P48
374,2459056.9396528,g,-0.07623173263422162,3.289163754644049,20.859861249533637,99.0,P48
375,2459060.9611806,g,-4.506751995340706,3.0668260104166576,20.935852144296142,99.0,P48
376,2459064.9781828998,g,-12.944393293065303,10.963202916213291,19.552731357980463,99.0,P48
377,2459071.9799629403,g,1.4728691241519554,1.8965634158816116,21.457656566913585,99.0,P48
378,2459071.9799629403,g,1.4728691241519554,1.8965634158816116,21.457656566913585,99.0,P48
379,2459071.9799629403,g,1.4728691241519554,1.8965634158816116,21.457656566913585,99.0,P48
380,2459071.9799629403,g,1.4728691241519554,1.8965634158816116,21.457656566913585,99.0,P48
381,2459071.9799629403,g,1.4728691241519554,1.8965634158816116,21.457656566913585,99.0,P48
382,2459073.9072550163,g,2.312378447597839,1.5165308759892817,21.700446847143866,99.0,P48
383,2459073.9072550163,g,2.312378447597839,1.5165308759892817,21.700446847143866,99.0,P48
384,2459073.9072550163,g,2.312378447597839,1.5165308759892817,21.700446847143866,99.0,P48
385,2459073.9072550163,g,2.312378447597839,1.5165308759892817,21.700446847143866,99.0,P48
386,2459073.9072550163,g,2.312378447597839,1.5165308759892817,21.700446847143866,99.0,P48
387,2459073.9072550163,g,2.312378447597839,1.5165308759892817,21.700446847143866,99.0,P48
388,2459075.90816202,g,,,,99.0,P48
389,2459075.90816202,g,,,,99.0,P48
390,2459075.90816202,g,,,,99.0,P48
391,2459075.90816202,g,,,,99.0,P48
392,2459075.90816202,g,,,,99.0,P48
393,2459076.9402662003,g,-0.6505674585227538,4.625782239566892,20.48961202830932,99.0,P48
394,2459077.9121319596,g,0.20773664843479955,1.2295674105406467,21.92819412978892,99.0,P48
395,2459077.9121319596,g,0.20773664843479955,1.2295674105406467,21.92819412978892,99.0,P48
396,2459077.9121319596,g,0.20773664843479955,1.2295674105406467,21.92819412978892,99.0,P48
397,2459077.9121319596,g,0.20773664843479955,1.2295674105406467,21.92819412978892,99.0,P48
398,2459077.9121319596,g,0.20773664843479955,1.2295674105406467,21.92819412978892,99.0,P48
399,2459079.846875,g,-0.14990656376042183,3.419677374371032,20.817612151753277,99.0,P48
400,2459080.9437800804,g,5.297989701774847,1.8862423670201378,21.463581250796253,99.0,P48
401,2459080.9437800804,g,5.297989701774847,1.8862423670201378,21.463581250796253,99.0,P48
402,2459080.9437800804,g,5.297989701774847,1.8862423670201378,21.463581250796253,99.0,P48
403,2459080.9437800804,g,5.297989701774847,1.8862423670201378,21.463581250796253,99.0,P48
404,2459080.9437800804,g,5.297989701774847,1.8862423670201378,21.463581250796253,99.0,P48
405,2459082.8891570168,g,4.276893522016495,2.3914961066102016,21.205900793732596,99.0,P48
406,2459082.8891570168,g,4.276893522016495,2.3914961066102016,21.205900793732596,99.0,P48
407,2459082.8891570168,g,4.276893522016495,2.3914961066102016,21.205900793732596,99.0,P48
408,2459082.8891570168,g,4.276893522016495,2.3914961066102016,21.205900793732596,99.0,P48
409,2459082.8891570168,g,4.276893522016495,2.3914961066102016,21.205900793732596,99.0,P48
410,2459082.8891570168,g,4.276893522016495,2.3914961066102016,21.205900793732596,99.0,P48
411,2459085.90565278,g,1.1901127746162974,1.3055857994943485,21.863061444832,99.0,P48
412,2459085.90565278,g,1.1901127746162974,1.3055857994943485,21.863061444832,99.0,P48
413,2459085.90565278,g,1.1901127746162974,1.3055857994943485,21.863061444832,99.0,P48
414,2459085.90565278,g,1.1901127746162974,1.3055857994943485,21.863061444832,99.0,P48
415,2459085.90565278,g,1.1901127746162974,1.3055857994943485,21.863061444832,99.0,P48
416,2459086.9602893996,g,-6.432292775212982,4.272770683557336,20.575801026212503,99.0,P48
417,2459089.85803435,g,,,,99.0,P48
418,2459089.85803435,g,,,,99.0,P48
419,2459089.85803435,g,,,,99.0,P48
420,2459089.85803435,g,,,,99.0,P48
421,2459089.85803435,g,,,,99.0,P48
422,2459089.85803435,g,,,,99.0,P48
423,2459090.8464074,g,1.148582178505434,2.8000114161161203,21.03467548406679,99.0,P48
424,2459090.8464074,g,1.148582178505434,2.8000114161161203,21.03467548406679,99.0,P48
425,2459090.8464074,g,1.148582178505434,2.8000114161161203,21.03467548406679,99.0,P48
426,2459090.8464074,g,1.148582178505434,2.8000114161161203,21.03467548406679,99.0,P48
427,2459090.8464074,g,1.148582178505434,2.8000114161161203,21.03467548406679,99.0,P48
428,2459091.84643518,g,3.269967328611901,2.959248621685,20.974621354147878,99.0,P48
429,2459091.84643518,g,3.269967328611901,2.959248621685,20.974621354147878,99.0,P48
430,2459091.84643518,g,3.269967328611901,2.959248621685,20.974621354147878,99.0,P48
431,2459091.84643518,g,3.269967328611901,2.959248621685,20.974621354147878,99.0,P48
432,2459091.84643518,g,3.269967328611901,2.959248621685,20.974621354147878,99.0,P48
433,2459092.8607831667,g,9.459785424744545,5.8439206054393855,20.235814221540664,99.0,P48
434,2459092.8607831667,g,9.459785424744545,5.8439206054393855,20.235814221540664,99.0,P48
435,2459092.8607831667,g,9.459785424744545,5.8439206054393855,20.235814221540664,99.0,P48
436,2459107.87563945,g,4.796966395050578,1.9279307762021243,21.439846398714337,99.0,P48
437,2459107.87563945,g,4.796966395050578,1.9279307762021243,21.439846398714337,99.0,P48
438,2459107.87563945,g,4.796966395050578,1.9279307762021243,21.439846398714337,99.0,P48
439,2459107.87563945,g,4.796966395050578,1.9279307762021243,21.439846398714337,99.0,P48
440,2459110.8303472,g,2.4828672441424517,4.830500939568079,20.442594561862343,99.0,P48
441,2459111.8688542005,g,1.1587368567881542,3.5706307789756355,20.770712628410376,99.0,P48
442,2459113.8596065,g,-3.005410411313704,3.1471599287245198,20.9077779567913,99.0,P48
443,2459116.7934838,g,-3.4348529852355782,3.497042259662329,20.793322787835468,99.0,P48
444,2459117.78358564,g,2.7046469320384503,1.6587323394584654,21.603134209262546,99.0,P48
445,2459117.78358564,g,2.7046469320384503,1.6587323394584654,21.603134209262546,99.0,P48
446,2459117.78358564,g,2.7046469320384503,1.6587323394584654,21.603134209262546,99.0,P48
447,2459117.78358564,g,2.7046469320384503,1.6587323394584654,21.603134209262546,99.0,P48
448,2459117.78358564,g,2.7046469320384503,1.6587323394584654,21.603134209262546,99.0,P48
449,2459120.8072060198,g,0.692001499178894,3.2828661707253572,20.86194204254081,99.0,P48
450,2459120.8072060198,g,0.692001499178894,3.2828661707253572,20.86194204254081,99.0,P48
451,2459120.8072060198,g,0.692001499178894,3.2828661707253572,20.86194204254081,99.0,P48
452,2459120.8072060198,g,0.692001499178894,3.2828661707253572,20.86194204254081,99.0,P48
453,2459120.8072060198,g,0.692001499178894,3.2828661707253572,20.86194204254081,99.0,P48
454,2459121.8406365598,g,1.0376589487005652,4.59072574916292,20.497871617396736,99.0,P48
455,2459121.8406365598,g,1.0376589487005652,4.59072574916292,20.497871617396736,99.0,P48
456,2459121.8406365598,g,1.0376589487005652,4.59072574916292,20.497871617396736,99.0,P48
457,2459121.8406365598,g,1.0376589487005652,4.59072574916292,20.497871617396736,99.0,P48
458,2459121.8406365598,g,1.0376589487005652,4.59072574916292,20.497871617396736,99.0,P48
459,2459128.8026874997,g,0.04674927907074562,2.917903130137189,20.989897814427785,99.0,P48
460,2459128.8026874997,g,0.04674927907074562,2.917903130137189,20.989897814427785,99.0,P48
461,2459128.8026874997,g,0.04674927907074562,2.917903130137189,20.989897814427785,99.0,P48
462,2459128.8026874997,g,0.04674927907074562,2.917903130137189,20.989897814427785,99.0,P48
463,2459128.8026874997,g,0.04674927907074562,2.917903130137189,20.989897814427785,99.0,P48
464,2459130.749456,g,1.1028837700020915,3.868892452670876,20.68360834569217,99.0,P48
465,2459134.7527314997,g,-0.988555287467982,3.8402788791608304,20.691668079749668,99.0,P48
466,2459136.7334837997,g,-5.544706559519112,3.2732180207661514,20.865137655341336,99.0,P48
467,2459138.7304282,g,0.19375633555249536,4.305300115677709,20.567566412090063,99.0,P48
468,2459140.7751273,g,-5.263018607992797,3.089192285814783,20.927962634989953,99.0,P48
469,2459144.8186573996,g,0.34073446722010503,3.017454151893171,20.95347328911393,99.0,P48
470,2459152.7683681,g,3.317048306605047,14.022266076092581,19.28552947990206,99.0,P48
471,2458302.9819444,i,-8.725439245931472,5.763357594048936,20.250886072384162,99.0,P48
472,2458312.8829282,i,-23.33624475568146,6.239360771279611,20.164724744010922,99.0,P48
473,2458321.8643634,i,4.892153939626954,5.1255529840632486,20.37822317095182,99.0,P48
474,2458325.8818403,i,4.39084680832282,7.253873825284815,20.001149996305024,99.0,P48
475,2458333.9273957997,i,-11.01541420051737,6.608092749769988,20.10238466411211,99.0,P48
476,2458342.8796528,i,-2.257782852607345,4.699374647693359,20.47247481513207,99.0,P48
477,2458347.8812384,i,2.779737873974207,3.2340658874162576,20.878202830374825,99.0,P48
478,2458351.8368287003,i,-6.207365189441932,3.2766050815334085,20.864014738043235,99.0,P48
479,2458361.8628356005,i,0.4033648483231711,4.0449807281680625,20.63528384713855,99.0,P48
480,2458365.8214005,i,-0.3640461079093236,4.769102141968302,20.456483429134124,99.0,P48
481,2458369.8440393996,i,2.7459546185124135,4.346872906711013,20.557132632828818,99.0,P48
482,2458373.8437269,i,0.7033931713230716,3.942231407717986,20.663219705064137,99.0,P48
483,2458377.8228935003,i,4.582399020914592,3.9699028590600096,20.655625289185636,99.0,P48
484,2458382.778831,i,9.8270905330454,5.281893787065107,20.345600829695353,99.0,P48
485,2458390.7741319,i,12.322419218186608,4.752324977384402,20.46030966098477,99.0,P48
486,2458397.8299653,i,-9.173717309056096,4.358919403489047,20.55412789171529,99.0,P48
487,2458423.7587153,i,-9.91725210002063,5.68283846161797,20.26616171136778,99.0,P48
488,2458427.781088,i,-5.71246728701844,14.95495567496795,19.215612163753207,99.0,P48
489,2458431.7611921,i,6.542969811654592,8.922733449874617,19.776330190567442,99.0,P48
490,2458435.7313426,i,32.91931684274268,7.437896521882552,20.106438587409905,0.24526136775780172,P48
491,2458668.9701273,i,-0.9221935262498074,4.024264673839899,20.640858648374206,99.0,P48
492,2458672.9494097,i,-2.862448013761015,3.858843201198305,20.68643215923693,99.0,P48
493,2458691.8393981005,i,0.13296333743388708,3.0740902809007498,20.933283444522218,99.0,P48
494,2458697.9391435003,i,0.8551954872662959,3.864693204590788,20.68478743035573,99.0,P48
495,2458701.9274883997,i,-1.8680834070711163,3.6416066926142037,20.749342392824026,99.0,P48
496,2458705.9214931,i,2.211980366396432,3.1480908501301093,20.907456846444244,99.0,P48
497,2458716.8245832995,i,21.960639221081735,6.351831632409942,20.545953179222774,0.3139668735308044,P48
498,2458722.877037,i,3.9694223598863347,3.543590439398223,20.77896618593892,99.0,P48
499,2458727.871169,i,1.4122380173622173,5.161615351854905,20.37061089564881,99.0,P48
500,2458732.8731712997,i,0.7845945508631152,4.5640875948679644,20.50419006193148,99.0,P48
501,2458736.8308332996,i,-2.8026878003788247,5.76055582891161,20.25141401420308,99.0,P48
502,2458743.9788657003,i,-7.010346414160795,15.919701017572967,19.147737721302427,99.0,P48
503,2458747.838831,i,-1.2240539567995063,4.097658058034699,20.621235702889557,99.0,P48
504,2458751.8368518995,i,-4.279091556487836,5.470224063545185,20.307562200031903,99.0,P48
505,2458757.8380324,i,5.034437193479351,4.140573463615844,20.609923753002356,99.0,P48
506,2458761.7951619998,i,-1.3094344508220344,4.82412075685028,20.444029562962523,99.0,P48
507,2458765.7965508997,i,11.85390581183982,5.72212685568023,20.25868128518309,99.0,P48
508,2458771.7484028,i,2.8195578470535922,11.968547843703252,19.4574713386503,99.0,P48
