,JD,Filter,Flux,eFlux,Mag,eMag,Telescope
0,2458256.9873495,r,7.012258289411733,9.227699118246262,19.739841425874467,99.0,P48
1,2458259.9668287,r,-1.132739342147726,4.758006508713589,20.4590124096733,99.0,P48
2,2458268.9456713,r,-5.647273663963036,11.215548300592253,19.52802371409033,99.0,P48
3,2458271.9413657,r,-1.5720912354890288,8.69206696659003,19.80476733013178,99.0,P48
4,2458278.9765162,r,-0.6659420831855872,5.771973938483063,20.249264085392586,99.0,P48
5,2458281.9628241,r,5.351849970098097,3.588978604849035,20.76514781575908,99.0,P48
6,2458284.9783681,r,-40.46471227518472,70.76755193203908,17.527989558462338,99.0,P48
7,2458296.8591203997,r,-8.319817421361384,11.584773386064613,19.492856132115197,99.0,P48
8,2458299.9173264,r,-13.568712550094322,9.970097483237797,19.655826477476783,99.0,P48
9,2458302.9158681,r,2.891092576511273,11.188420168401969,19.530653070556554,99.0,P48
10,2458305.9352082997,r,-0.6570139919500224,5.257817606400476,20.350561198250514,99.0,P48
11,2458310.9387731003,r,0.909178871675366,5.23867086602112,20.354522205275757,99.0,P48
12,2458313.9030323997,r,-5.294319143667267,3.8990505332478613,20.67517782952515,99.0,P48
13,2458319.9446412004,r,-1.768741598353143,3.0048740642115765,20.958009301111794,99.0,P48
14,2458322.9169792,r,0.1858061342358658,3.5725090766829695,20.77014163696617,99.0,P48
15,2458325.9639005,r,6.0009033795771325,7.15003087562744,20.016805196165755,99.0,P48
16,2458328.9116088,r,-56.477679686492536,19.751632253775902,18.913567511466837,99.0,P48
17,2458334.92431946,r,-0.13257267415887583,2.4866528300156094,21.16353709869626,99.0,P48
18,2458334.92431946,r,-0.13257267415887583,2.4866528300156094,21.16353709869626,99.0,P48
19,2458334.92431946,r,-0.13257267415887583,2.4866528300156094,21.16353709869626,99.0,P48
20,2458334.92431946,r,-0.13257267415887583,2.4866528300156094,21.16353709869626,99.0,P48
21,2458334.92431946,r,-0.13257267415887583,2.4866528300156094,21.16353709869626,99.0,P48
22,2458335.8994271,r,1.562118743844791,5.339869146762775,20.33374845217618,99.0,P48
23,2458335.8994271,r,1.562118743844791,5.339869146762775,20.33374845217618,99.0,P48
24,2458336.90173035,r,-1.141889678131688,5.597266094196015,20.282635104734823,99.0,P48
25,2458336.90173035,r,-1.141889678131688,5.597266094196015,20.282635104734823,99.0,P48
26,2458337.8361111,r,0.5011659575656546,3.344534649721851,20.841735740041663,99.0,P48
27,2458340.8924768995,r,0.045913875519341646,6.1768972865822604,20.175649039984986,99.0,P48
28,2458343.856088,r,3.103794136852639,3.5002688969091587,20.792321466885625,99.0,P48
29,2458345.8639352,r,1.9823173922927442,7.0097468310795,20.03831915674354,99.0,P48
30,2458346.8787268996,r,-3.0917119581595434,2.9441921820276806,20.98015960129552,99.0,P48
31,2458349.8351157,r,-1.232634533309396,3.1297940046735917,20.9137856034229,99.0,P48
32,2458352.8162037004,r,-3.7369337240510334,5.1647751776320625,20.36994643552709,99.0,P48
33,2458353.8610764,r,3.948071226021877,12.101201743091709,19.445503735997413,99.0,P48
34,2458354.8716204,r,-1.0950879269552598,14.275492852521449,19.26609721185025,99.0,P48
35,2458355.88359955,r,0.7437551368885792,5.423937523761753,20.316788293115767,99.0,P48
36,2458355.88359955,r,0.7437551368885792,5.423937523761753,20.316788293115767,99.0,P48
37,2458359.8537075664,r,3.362719345504858,8.516814222621942,19.82688205396564,99.0,P48
38,2458359.8537075664,r,3.362719345504858,8.516814222621942,19.82688205396564,99.0,P48
39,2458359.8537075664,r,3.362719345504858,8.516814222621942,19.82688205396564,99.0,P48
40,2458361.8324306,r,7.02151514276481,10.359919523080235,19.614184034714604,99.0,P48
41,2458362.8312847503,r,1.7915763750995861,3.90917579553631,20.67236198645189,99.0,P48
42,2458362.8312847503,r,1.7915763750995861,3.90917579553631,20.67236198645189,99.0,P48
43,2458364.8278356004,r,-5.612753864661835,7.506829924139446,19.963933547817042,99.0,P48
44,2458365.8534375,r,-3.9289635340054185,4.066876942829983,20.629422410286693,99.0,P48
45,2458366.8506019,r,-0.12798945497839187,4.156999713447887,20.605625002736858,99.0,P48
46,2458368.8198495335,r,-1.0117337239065527,2.07602261312927,21.359494789745185,99.0,P48
47,2458368.8198495335,r,-1.0117337239065527,2.07602261312927,21.359494789745185,99.0,P48
48,2458368.8198495335,r,-1.0117337239065527,2.07602261312927,21.359494789745185,99.0,P48
49,2458370.8073727,r,1.5873846872104418,3.5401473631283693,20.780021638006893,99.0,P48
50,2458371.8104398,r,2.2621483925893657,2.8972756531630712,20.99760044691125,99.0,P48
51,2458372.8215624997,r,-0.12394609897538705,2.6394903539757317,21.098774791136005,99.0,P48
52,2458372.8215624997,r,-0.12394609897538705,2.6394903539757317,21.098774791136005,99.0,P48
53,2458373.8126447,r,0.7780179547366466,3.5609456601179774,20.773661623137038,99.0,P48
54,2458373.8126447,r,0.7780179547366466,3.5609456601179774,20.773661623137038,99.0,P48
55,2458374.8184259,r,-2.7320884673261467,4.139821878106707,20.610120850741488,99.0,P48
56,2458377.7949306,r,2.686876072796827,3.3457819212918904,20.84133091378208,99.0,P48
57,2458378.7872569,r,-1.361534851868685,7.814130250829381,19.920373374054428,99.0,P48
58,2458379.7829514,r,-4.828505003252451,7.997590691157059,19.89517705515776,99.0,P48
59,2458380.8003762,r,2.464627733191031,3.2912833278261577,20.859161814558114,99.0,P48
60,2458380.8003762,r,2.464627733191031,3.2912833278261577,20.859161814558114,99.0,P48
61,2458383.7968403,r,-0.8046991298124029,8.216670638309532,19.865835292120053,99.0,P48
62,2458386.7817245,r,3.205420650073366,12.724648834261687,19.39096047459411,99.0,P48
63,2458389.7841551,r,8.249679239875134,5.086428140238611,20.386542705971777,99.0,P48
64,2458389.7841551,r,8.249679239875134,5.086428140238611,20.386542705971777,99.0,P48
65,2458400.7240278,r,1.2953152995487593,3.518980517066262,20.7865328332641,99.0,P48
66,2458423.6402546,r,7.149072411084083,7.3002781932261716,19.99422646369409,99.0,P48
67,2458426.6309375,r,60.114386542318684,43.691421908201086,18.051584542250023,99.0,P48
68,2458429.643912,r,-0.5793891876423348,3.7781385947445716,20.709380276033976,99.0,P48
69,2458433.622963,r,0.8424080014970046,4.8738159455163395,20.432902177938843,99.0,P48
70,2458436.6229282003,r,-14.31633537887928,17.181949541023567,19.06489389093511,99.0,P48
71,2458443.6080787,r,6.8991162230363745,17.05871072809633,19.072709477302766,99.0,P48
72,2458457.6534837997,r,2.3319177490715965,8.014648883419222,19.892863736793153,99.0,P48
73,2458469.5920255003,r,-1.4479075740851433,5.784941043842707,20.246827645963982,99.0,P48
74,2458475.6636921,r,9.469143757706275,10.913320248684245,19.557682740024262,99.0,P48
75,2458487.6033218,r,0.1036029285252304,5.064565677487287,20.391219470525485,99.0,P48
76,2458510.6020168,r,-4.8890455270199045,5.567996225515586,20.28832765866227,99.0,P48
77,2458510.6020168,r,-4.8890455270199045,5.567996225515586,20.28832765866227,99.0,P48
78,2458510.6020168,r,-4.8890455270199045,5.567996225515586,20.28832765866227,99.0,P48
79,2458510.6020168,r,-4.8890455270199045,5.567996225515586,20.28832765866227,99.0,P48
80,2458511.60229745,r,-1.606352758006069,4.929661994292569,20.42053213267377,99.0,P48
81,2458511.60229745,r,-1.606352758006069,4.929661994292569,20.42053213267377,99.0,P48
82,2458511.60229745,r,-1.606352758006069,4.929661994292569,20.42053213267377,99.0,P48
83,2458511.60229745,r,-1.606352758006069,4.929661994292569,20.42053213267377,99.0,P48
84,2458514.6060378337,r,5.280424358066008,4.2867888391506686,20.572244760818567,99.0,P48
85,2458514.6060378337,r,5.280424358066008,4.2867888391506686,20.572244760818567,99.0,P48
86,2458514.6060378337,r,5.280424358066008,4.2867888391506686,20.572244760818567,99.0,P48
87,2458635.9008681,r,0.4569255268690441,5.659189187582856,20.27068945738317,99.0,P48
88,2458638.9780787,r,-5.544514287994986,5.866670026898846,20.231595834550205,99.0,P48
89,2458641.9791204,r,-5.035229426810143,4.843150112561949,20.439755163824742,99.0,P48
90,2458644.9791782,r,6.722344567873744,6.256498402213214,20.161746644181832,99.0,P48
91,2458650.9254051005,r,6.934916965309362,7.414751310167609,19.977333515594914,99.0,P48
92,2458653.9425,r,18.952560807007863,9.129289072031229,19.75148259190562,99.0,P48
93,2458655.935,r,0.9215318875620075,3.123642309279218,20.915921747529765,99.0,P48
94,2458658.9130324,r,5.688182519120157,7.167447421754574,20.014163699719724,99.0,P48
95,2458661.928125,r,7.099507187661751,4.521138800821322,20.514455388514353,99.0,P48
96,2458665.9418056,r,2.7185421956572795,3.4334012740417967,20.813263579257217,99.0,P48
97,2458668.8715509,r,-2.1434379680924924,4.602172987483689,20.495167641671706,99.0,P48
98,2458671.9343866003,r,22.516382692289078,19.859682004145245,18.907644263574067,99.0,P48
99,2458681.9333448997,r,-3.410690307716151,7.868496229015566,19.912845636611262,99.0,P48
100,2458688.9099537004,r,0.5315540785390476,4.830843678345482,20.442517528299362,99.0,P48
101,2458691.9055787004,r,6.162397173758798,3.5005442935835607,20.792236045911782,99.0,P48
102,2458694.8833912,r,0.1897150793657937,3.1519149854261026,20.906138751584947,99.0,P48
103,2458697.9123611,r,2.368818738967929,3.2074044791271468,20.887190660763665,99.0,P48
104,2458700.9246933004,r,-1.9203729575537185,4.625242117988338,20.48973880984849,99.0,P48
105,2458700.9246933004,r,-1.9203729575537185,4.625242117988338,20.48973880984849,99.0,P48
106,2458703.9181481004,r,1.1931658712112643,3.183579611540076,20.895285702395782,99.0,P48
107,2458706.8970949,r,-0.656362739642246,3.4545598095112062,20.80659319887112,99.0,P48
108,2458712.8761921003,r,-2.8265372044551302,13.18660359466751,19.35224261174914,99.0,P48
109,2458716.8914429,r,-5.344129924813777,4.504493344443887,20.518460115237655,99.0,P48
110,2458716.8914429,r,-5.344129924813777,4.504493344443887,20.518460115237655,99.0,P48
111,2458716.8914429,r,-5.344129924813777,4.504493344443887,20.518460115237655,99.0,P48
112,2458717.8283796003,r,-0.8188386216524169,5.528344755470395,20.29608719307376,99.0,P48
113,2458718.8720602,r,2.421070044601616,5.051373569277529,20.39405127037533,99.0,P48
114,2458719.8822743,r,3.583530939218401,7.2219521110278135,20.005938478457068,99.0,P48
115,2458719.8822743,r,3.583530939218401,7.2219521110278135,20.005938478457068,99.0,P48
116,2458720.8953067,r,-2.660117465107637,6.1555876152556905,20.179401196161407,99.0,P48
117,2458720.8953067,r,-2.660117465107637,6.1555876152556905,20.179401196161407,99.0,P48
118,2458721.8142130002,r,2.810487456592123,13.79719203543277,19.30309821656291,99.0,P48
119,2458722.8721528,r,2.110669580442714,3.3268810638089095,20.84748180142642,99.0,P48
120,2458730.8820833,r,-2.4458692786944187,2.766505272915385,21.047746233386484,99.0,P48
121,2458730.8820833,r,-2.4458692786944187,2.766505272915385,21.047746233386484,99.0,P48
122,2458735.830505433,r,1.5777040633486374,4.301806615958146,20.568447781277968,99.0,P48
123,2458735.830505433,r,1.5777040633486374,4.301806615958146,20.568447781277968,99.0,P48
124,2458735.830505433,r,1.5777040633486374,4.301806615958146,20.568447781277968,99.0,P48
125,2458736.9086111,r,1.1444787623804442,4.528985973374979,20.512572550057595,99.0,P48
126,2458736.9086111,r,1.1444787623804442,4.528985973374979,20.512572550057595,99.0,P48
127,2458737.8204514,r,-5.5337810638800775,10.052938852078189,19.646842386842494,99.0,P48
128,2458738.6717823995,r,11.568042329200384,15.6101289411503,19.169058763182512,99.0,P48
129,2458739.6706944,r,6.979042770311122,18.697243297243997,18.973131040873433,99.0,P48
130,2458740.6711227,r,-7.379706204746745,21.975102132992962,18.797747733641597,99.0,P48
131,2458741.6712847,r,-23.45283363785919,18.46317222060215,18.98680918736692,99.0,P48
132,2458743.6723611,r,-12.237702387944017,10.603664050166577,19.58893508972263,99.0,P48
133,2458744.6713773,r,-0.8498898638849541,5.617477299657434,20.27872167390575,99.0,P48
134,2458745.812503867,r,-1.5273271841945188,4.0542640811063215,20.6327949047648,99.0,P48
135,2458745.812503867,r,-1.5273271841945188,4.0542640811063215,20.6327949047648,99.0,P48
136,2458745.812503867,r,-1.5273271841945188,4.0542640811063215,20.6327949047648,99.0,P48
137,2458746.6960185003,r,-1.4124481483983575,5.302822054706051,20.341307354493786,99.0,P48
138,2458747.6713889,r,2.4430869326051146,5.196441088539319,20.363309968902158,99.0,P48
139,2458748.7710956666,r,-3.7202336090684174,4.9676024281384095,20.412207912429686,99.0,P48
140,2458748.7710956666,r,-3.7202336090684174,4.9676024281384095,20.412207912429686,99.0,P48
141,2458748.7710956666,r,-3.7202336090684174,4.9676024281384095,20.412207912429686,99.0,P48
142,2458749.7491319333,r,-0.27782380239319554,3.773460746460868,20.710725397686257,99.0,P48
143,2458749.7491319333,r,-0.27782380239319554,3.773460746460868,20.710725397686257,99.0,P48
144,2458749.7491319333,r,-0.27782380239319554,3.773460746460868,20.710725397686257,99.0,P48
145,2458750.672338,r,4.424727554320561,7.282540420169414,19.996867729749408,99.0,P48
146,2458751.763136567,r,52.078298465019294,4.183930196908972,19.60842365665977,0.08720822996541053,P48
147,2458751.763136567,r,52.078298465019294,4.183930196908972,19.60842365665977,0.08720822996541053,P48
148,2458751.763136567,r,52.078298465019294,4.183930196908972,19.60842365665977,0.08720822996541053,P48
149,2458754.6696528,r,69.93771210355939,4.834900166040126,19.288287069830275,0.0750422622127705,P48
150,2458757.7334375,r,67.13165025779062,8.97221627933892,19.332747313978686,0.1450782266460394,P48
151,2458758.6788310003,r,60.62078596902953,4.899716091791341,19.443511715174203,0.08773627284141011,P48
152,2458760.6712616,r,54.1618119798179,4.846885960925539,19.565832659249377,0.09714030085524404,P48
153,2458761.6702778,r,40.38725880911511,5.917562939175154,19.88445467866618,0.15904804534604583,P48
154,2458762.6700231005,r,40.97795577586189,5.067575309653296,19.86868989874733,0.13423932195927,P48
155,2458763.769818667,r,44.93664394107932,4.564461753722851,19.76856403642557,0.1102601974496084,P48
156,2458763.769818667,r,44.93664394107932,4.564461753722851,19.76856403642557,0.1102601974496084,P48
157,2458763.769818667,r,44.93664394107932,4.564461753722851,19.76856403642557,0.1102601974496084,P48
158,2458764.9029167006,r,47.68157663149343,5.834243414395608,19.7041891040761,0.1328200884645973,P48
159,2458767.7070718,r,2.2075594797826064,36.17378784386215,18.256590021267748,99.0,P48
160,2458770.8249479,r,38.107511770134934,22.563602620495168,18.76905388283106,99.0,P48
161,2458770.8249479,r,38.107511770134934,22.563602620495168,18.76905388283106,99.0,P48
162,2458771.791450633,r,41.15866933567991,9.059022386584179,19.863912308460105,0.2389185306365707,P48
163,2458771.791450633,r,41.15866933567991,9.059022386584179,19.863912308460105,0.2389185306365707,P48
164,2458771.791450633,r,41.15866933567991,9.059022386584179,19.863912308460105,0.2389185306365707,P48
165,2458773.7045428003,r,29.631811757541566,36.61079696219862,18.243552031848374,99.0,P48
166,2458773.7045428003,r,29.631811757541566,36.61079696219862,18.243552031848374,99.0,P48
167,2458774.7135764,r,43.38634237290906,5.06080436846352,19.806683024627915,0.12661825914593247,P48
168,2458774.7135764,r,43.38634237290906,5.06080436846352,19.806683024627915,0.12661825914593247,P48
169,2458774.7135764,r,43.38634237290906,5.06080436846352,19.806683024627915,0.12661825914593247,P48
170,2458777.7057755003,r,41.668662069943,4.947977628676265,19.850541732248306,0.12889854027260425,P48
171,2458781.7450116,r,36.839643103446676,7.5136047052263155,19.984277086857453,0.22139242458513655,P48
172,2458785.7453703997,r,33.20238064539952,5.310959670996121,20.097142561810273,0.1736335350298168,P48
173,2458787.6828530002,r,26.37665432034672,14.026381511066074,19.285210870830646,99.0,P48
174,2458787.6828530002,r,26.37665432034672,14.026381511066074,19.285210870830646,99.0,P48
175,2458788.7139236,r,26.023928816812653,6.325797023106127,20.361633466405202,0.2638591857869488,P48
176,2458790.6584721995,r,29.52186842737683,5.731968989453332,20.22470602141514,0.21076079088143446,P48
177,2458790.6584721995,r,29.52186842737683,5.731968989453332,20.22470602141514,0.21076079088143446,P48
178,2458790.6584721995,r,29.52186842737683,5.731968989453332,20.22470602141514,0.21076079088143446,P48
179,2458791.6059838,r,27.13926465397743,6.103456853413801,20.316070431902777,0.2441223997353112,P48
180,2458794.6236574,r,17.182318668684683,11.538811653050134,19.497172278006985,99.0,P48
181,2458797.6073843,r,11.214397745300104,10.321700131907626,19.61819689489186,99.0,P48
182,2458800.7639236,r,12.038451016093454,9.443445322948449,19.71474881385935,99.0,P48
183,2458803.7363426,r,13.014799109673794,7.012470938781762,20.03789730301915,99.0,P48
184,2458806.7293287003,r,13.495909679215314,5.4280809679350535,20.315959196192757,99.0,P48
185,2458811.6439005,r,15.343635184070779,5.422243685034184,20.31712741008442,99.0,P48
186,2458814.6474537,r,7.813745115114975,10.523071086579137,19.59721872865747,99.0,P48
187,2458820.6086689997,r,-38.41572262579566,58.14571947100589,17.741280617489657,99.0,P48
188,2458828.6286573997,r,4.988547596767588,19.526791126046916,18.92599778733443,99.0,P48
189,2458831.5870832996,r,10.72631541192823,4.979019861275544,20.40971534246851,99.0,P48
190,2458835.5886573996,r,12.70284414237693,15.529405003989854,19.174687948105486,99.0,P48
191,2458838.5956944,r,-1.401013853203529,6.054161439105794,20.197439995189505,99.0,P48
192,2458851.6043981,r,-23.506423156411834,43.310763724545225,18.061085384232065,99.0,P48
193,2458854.6229398,r,20.291753366451047,12.116205374654697,19.444158423677575,99.0,P48
194,2458860.6312847002,r,14.282993063375242,11.163558126472667,19.53306839414205,99.0,P48
195,2458863.5928935003,r,17.538256807368732,6.9243404858675985,20.051628951673727,99.0,P48
196,2458873.5930787004,r,-0.04560764275779396,8.418536909526198,19.839483438359608,99.0,P48
197,2458876.6059953663,r,3.3654689793803296,11.514933474641241,19.49942140602758,99.0,P48
198,2458876.6059953663,r,3.3654689793803296,11.514933474641241,19.49942140602758,99.0,P48
199,2458876.6059953663,r,3.3654689793803296,11.514933474641241,19.49942140602758,99.0,P48
200,2458878.6038368,r,6.471786261164019,12.903748640956948,19.375785252639766,99.0,P48
201,2458878.6038368,r,6.471786261164019,12.903748640956948,19.375785252639766,99.0,P48
202,2458878.6038368,r,6.471786261164019,12.903748640956948,19.375785252639766,99.0,P48
203,2458878.6038368,r,6.471786261164019,12.903748640956948,19.375785252639766,99.0,P48
204,2459014.9816551004,r,2.734472821852949,8.248799189802625,19.861598161178918,99.0,P48
205,2459018.9656134,r,5.022176689342003,3.073185859324197,20.933602923665404,99.0,P48
206,2459026.9743981003,r,0.549175151585051,3.219499314269242,20.883104146843763,99.0,P48
207,2459030.9668634,r,2.890382547352387,4.084919055412325,20.62461635114802,99.0,P48
208,2459036.8820486,r,-8.056979872845167,8.728095086829983,19.800276316766123,99.0,P48
209,2459039.9568403,r,-2.715662303516317,7.365427187699868,19.984580137730454,99.0,P48
210,2459042.9632523,r,-1.4421826047339108,4.7705038470913905,20.4561643631238,99.0,P48
211,2459045.8621759,r,-1.1052117918577915,3.727965244281905,20.723895352196877,99.0,P48
212,2459046.9225116,r,7.776756886066316,3.4117954262271497,20.82011753251404,99.0,P48
213,2459048.9183448995,r,0.3301826158426499,3.5856528068926288,20.76615440112978,99.0,P48
214,2459051.9185301,r,0.53426552663332,3.4162132728018206,20.81871254993304,99.0,P48
215,2459054.9033912,r,3.793343363813347,3.2402764988785178,20.876119811781045,99.0,P48
216,2459057.9547801004,r,3.3398334108722296,3.3098322462757146,20.853060032185162,99.0,P48
217,2459060.927608033,r,-0.5657396416775202,1.765453399323065,21.535434342984733,99.0,P48
218,2459060.927608033,r,-0.5657396416775202,1.765453399323065,21.535434342984733,99.0,P48
219,2459060.927608033,r,-0.5657396416775202,1.765453399323065,21.535434342984733,99.0,P48
220,2459061.8449999997,r,3.9995433046559024,4.514358492746566,20.51608487875685,99.0,P48
221,2459061.8449999997,r,3.9995433046559024,4.514358492746566,20.51608487875685,99.0,P48
222,2459063.88270835,r,1.3335024022904856,6.169059619606403,20.17702757062532,99.0,P48
223,2459063.88270835,r,1.3335024022904856,6.169059619606403,20.17702757062532,99.0,P48
224,2459064.8661227003,r,9.64735564761785,10.395177876283809,19.610495176341022,99.0,P48
225,2459065.9079167005,r,10.129455332443396,11.719266882474681,19.48032387779912,99.0,P48
226,2459066.9417593,r,-13.120214065462019,10.247566530374858,19.626023122730107,99.0,P48
227,2459069.9035069,r,1.2180304152335544,5.875282223798545,20.230003156356055,99.0,P48
228,2459071.8888889,r,2.3639967811210516,4.17420848423689,20.601139648004505,99.0,P48
229,2459072.9617244997,r,-3.263839030180346,4.224421525530665,20.588156871904395,99.0,P48
230,2459075.8149074,r,1.3433567859426747,3.86704099197179,20.684128049737055,99.0,P48
231,2459076.8665856,r,-3.8812541402034975,5.010202258516912,20.402936843162113,99.0,P48
232,2459078.84657985,r,-0.34100798629497014,2.410580499011561,21.197270891893265,99.0,P48
233,2459078.84657985,r,-0.34100798629497014,2.410580499011561,21.197270891893265,99.0,P48
234,2459079.8732060003,r,0.12948267762149712,3.363527930469156,20.835587393208137,99.0,P48
235,2459080.8416319,r,5.952653214540199,3.4839053154769037,20.79740913072953,99.0,P48
236,2459081.8761053495,r,0.95292064004381,2.622029215517395,21.10598117307523,99.0,P48
237,2459081.8761053495,r,0.95292064004381,2.622029215517395,21.10598117307523,99.0,P48
238,2459084.793044,r,-6.3300773747881465,3.925538885404388,20.667826779837043,99.0,P48
239,2459086.8334375,r,2.429021306827172,3.137879513562413,20.910984329687516,99.0,P48
240,2459087.8732233504,r,0.8294831352429097,2.3464910934858123,21.226527713881048,99.0,P48
241,2459087.8732233504,r,0.8294831352429097,2.3464910934858123,21.226527713881048,99.0,P48
242,2459090.9399074,r,-0.45402333302883,3.393506005997999,20.82595343374887,99.0,P48
243,2459095.8816898,r,-26.404704577723276,15.374758713220778,19.18555421712084,99.0,P48
244,2459096.8687384,r,-0.7764369240966474,10.19999231256117,19.631075378042787,99.0,P48
245,2459098.84377315,r,0.7393313796580064,5.128807179527749,20.377534059608855,99.0,P48
246,2459098.84377315,r,0.7393313796580064,5.128807179527749,20.377534059608855,99.0,P48
247,2459099.8276042,r,-0.8915355077604934,6.03563441851683,20.20076767301022,99.0,P48
248,2459106.8397569,r,1.8861518598876412,5.205624680489182,20.361392857228054,99.0,P48
249,2459109.7378704,r,5.691456544906581,4.201030670605583,20.5941853586153,99.0,P48
250,2459112.8402431,r,-2.157717187821972,3.3813850703474735,20.829838412138734,99.0,P48
251,2459113.7777893995,r,-2.329587202533607,3.5037978802403376,20.791227375291477,99.0,P48
252,2459115.812934,r,4.443896372230476,2.578769278356784,21.124043769932648,99.0,P48
253,2459115.812934,r,4.443896372230476,2.578769278356784,21.124043769932648,99.0,P48
254,2459118.78648145,r,-3.094659387970729,3.190144379009662,20.893049142341233,99.0,P48
255,2459118.78648145,r,-3.094659387970729,3.190144379009662,20.893049142341233,99.0,P48
256,2459124.7947743004,r,-7.926092669662691,8.08482576330751,19.88339832708497,99.0,P48
257,2459124.7947743004,r,-7.926092669662691,8.08482576330751,19.88339832708497,99.0,P48
258,2459125.8065741,r,-2.523556080031701,8.516847678503149,19.826877788968282,99.0,P48
259,2459126.8347338,r,-0.057186532768518525,6.115954175276631,20.186414432323573,99.0,P48
260,2459126.8347338,r,-0.057186532768518525,6.115954175276631,20.186414432323573,99.0,P48
261,2459127.8237616,r,7.837196901995721,54.31112013527481,17.815353089269514,99.0,P48
262,2459128.7663310003,r,3.157850582691038,6.1501596583436156,20.180359013608566,99.0,P48
263,2459130.6978704,r,4.549863453988978,3.47415061517189,20.800453382840132,99.0,P48
264,2459134.7055556,r,1.32002141457172,3.782959229425149,20.707995837309998,99.0,P48
265,2459136.6960417004,r,2.604912965104476,3.240994382506657,20.87587929344342,99.0,P48
266,2459138.7795023,r,1.913853813262948,5.071843311245769,20.38966041902647,99.0,P48
267,2459140.7129282,r,3.1808200406286966,3.4829147971978314,20.797717863134537,99.0,P48
268,2459144.7288542003,r,-3.4631188971466975,3.0152550030220837,20.954264872329176,99.0,P48
269,2459146.691412,r,2.552709368266446,8.924173910385383,19.776154926573533,99.0,P48
270,2459149.6949537,r,16.072477713710796,13.178004215501703,19.35295088381578,99.0,P48
271,2459151.7159606004,r,0.9056181604239264,8.268646875139783,19.858988876324823,99.0,P48
272,2458275.9683332997,g,2.7991326238908547,7.231723542469594,20.004470450702843,99.0,P48
273,2458278.9256018996,g,-1.8196113902857423,5.026621472101967,20.399384533980637,99.0,P48
274,2458287.9234722,g,-7.98978349216299,3.663766928026107,20.7427553940092,99.0,P48
275,2458290.9431133997,g,-1.2735647153383127,3.2756506819382136,20.864331034060683,99.0,P48
276,2458293.9424884,g,-4.136591043385044,2.473741938855428,21.169189009189825,99.0,P48
277,2458296.981088,g,-10.61536255069657,7.6086781700659465,19.9493019521312,99.0,P48
278,2458299.9609028,g,-3.310821219512768,8.394696183155007,19.84256253171121,99.0,P48
279,2458300.9807755,g,-7.369870786358224,8.537944544204837,19.82419166505855,99.0,P48
280,2458302.9393171,g,5.391502566469479,7.43262420921236,19.974719550194123,99.0,P48
281,2458305.9781597,g,7.31911834162118,5.736023768415305,20.256047633526013,99.0,P48
282,2458313.98269675,g,3.6935614326059807,2.734417056487746,21.060413103194705,99.0,P48
283,2458313.98269675,g,3.6935614326059807,2.734417056487746,21.060413103194705,99.0,P48
284,2458316.9377662004,g,-0.6859915769472101,3.0784818467906674,20.931733496697774,99.0,P48
285,2458319.9184028,g,-0.9388456292452003,2.012818579112106,21.393063407925887,99.0,P48
286,2458322.9577778,g,-2.5801336403955086,2.460489805446069,21.175021064259077,99.0,P48
287,2458325.8974769,g,2.397224202238349,8.523660146309851,19.826009675950576,99.0,P48
288,2458328.9795717997,g,9.479279950123948,39.87081241738694,18.15093727655316,99.0,P48
289,2458333.955,g,-0.07393978341263302,2.6243475370270595,21.105021621033934,99.0,P48
290,2458333.955,g,-0.07393978341263302,2.6243475370270595,21.105021621033934,99.0,P48
291,2458333.955,g,-0.07393978341263302,2.6243475370270595,21.105021621033934,99.0,P48
292,2458333.955,g,-0.07393978341263302,2.6243475370270595,21.105021621033934,99.0,P48
293,2458334.8272917005,g,-1.51351421978908,4.764888500775213,20.457443132844034,99.0,P48
294,2458337.8963368004,g,3.2228567899048657,1.9964310622408883,21.4019391931988,99.0,P48
295,2458337.8963368004,g,3.2228567899048657,1.9964310622408883,21.4019391931988,99.0,P48
296,2458338.9094676003,g,1.1127067248959472,2.7389900891547585,21.058598837178927,99.0,P48
297,2458340.8699653,g,-2.187140289645203,7.250296301271174,20.001685600533307,99.0,P48
298,2458343.8799653,g,-1.0560711353737668,2.597838742287513,21.116044515993593,99.0,P48
299,2458344.8826619997,g,0.23339260214242413,2.4486145590961965,21.18027392062328,99.0,P48
300,2458346.8742245,g,-1.8478715678527637,2.4539313191553225,21.17791898043724,99.0,P48
301,2458349.8785532,g,-1.1184729468717165,2.5327933527912023,21.143575594829162,99.0,P48
302,2458352.8788657,g,3.9021219920906534,4.433642676759045,20.5356732670813,99.0,P48
303,2458360.8821991,g,13.425751312632052,8.620420956738267,19.81375380408636,99.0,P48
304,2458362.7638194,g,-4.347071040062349,5.083266152128994,20.387217865909047,99.0,P48
305,2458363.819838,g,-4.4280036147917405,4.163671155721845,20.603883934479047,99.0,P48
306,2458365.8102662005,g,-4.818724575536034,2.4548495669091057,21.17751277984854,99.0,P48
307,2458368.8598032002,g,-0.03377507094737345,2.5171433489354675,21.15030511687732,99.0,P48
308,2458369.80846065,g,0.6282888098712741,1.6158028275673229,21.63160407969093,99.0,P48
309,2458369.80846065,g,0.6282888098712741,1.6158028275673229,21.63160407969093,99.0,P48
310,2458371.8376968,g,-2.9982180051653415,2.3298800612681654,21.234241077228063,99.0,P48
311,2458374.7773727,g,-1.5984580893190221,2.8488013369810234,21.01591957794365,99.0,P48
312,2458376.8124769,g,0.6143083748122731,2.5232334183927025,21.147681419315752,99.0,P48
313,2458377.8412616,g,-3.2573969979474424,2.9480897590288655,20.978723233816655,99.0,P48
314,2458380.8523264,g,-6.290276688746992,2.7223934035952606,21.065197779694365,99.0,P48
315,2458382.7674884,g,-3.3066897614088036,5.131729864271042,20.37691552186309,99.0,P48
316,2458383.7820370332,g,-2.2930434150716876,4.770187239024733,20.45623642348876,99.0,P48
317,2458383.7820370332,g,-2.2930434150716876,4.770187239024733,20.45623642348876,99.0,P48
318,2458383.7820370332,g,-2.2930434150716876,4.770187239024733,20.45623642348876,99.0,P48
319,2458384.8602836,g,7.788459554365887,9.811022482944024,19.67328931180075,99.0,P48
320,2458384.8602836,g,7.788459554365887,9.811022482944024,19.67328931180075,99.0,P48
321,2458386.6831944,g,-9.847520820764116,12.771427388266197,19.386976392789876,99.0,P48
322,2458389.8530324,g,-5.985039431919431,7.129856598452973,20.019873001531295,99.0,P48
323,2458390.8441551,g,-1.204399493379382,5.015146576233072,20.40186591280827,99.0,P48
324,2458400.7520255,g,-4.347571200524457,2.633005729601805,21.101445478755455,99.0,P48
325,2458423.7190741003,g,-5.967870427385318,3.5448837966453834,20.77856998084379,99.0,P48
326,2458426.7059491,g,-0.14973361638639407,5.187121761923005,20.365258882425167,99.0,P48
327,2458429.7064005,g,-3.1566066245944158,2.6986786778254452,21.074697044862738,99.0,P48
328,2458433.6696065,g,-2.321457906420992,5.769605217808423,20.249709744655796,99.0,P48
329,2458434.6446065,g,-0.439246434316359,5.233771662917532,20.355538060470455,99.0,P48
330,2458436.6764815,g,3.675132092554583,7.1948182941461605,20.01002541350832,99.0,P48
331,2458441.7398957997,g,-15.922488858538001,11.53464053704134,19.497564827130287,99.0,P48
332,2458457.6215625,g,-9.077551886580608,5.620253603011123,20.278185207397712,99.0,P48
333,2458469.6291551003,g,-2.1337220132199364,5.511095326788095,20.29948018118438,99.0,P48
334,2458472.6283565,g,-12.863688929441683,6.50091767569645,20.12013832318336,99.0,P48
335,2458482.6315625,g,-6.012295235047432,5.336861910757238,20.33436007479292,99.0,P48
336,2458487.6306712995,g,2.6028698267700383,4.313102303153457,20.565600590741454,99.0,P48
337,2458491.6349883997,g,-4.599963748948356,5.08368233475956,20.387128976986155,99.0,P48
338,2458494.6326273,g,-8.409263767996068,6.931401552991878,20.050522340874643,99.0,P48
339,2458638.9462384,g,-1.649213783066203,4.033958631890057,20.63824638859922,99.0,P48
340,2458641.9435069,g,-4.21600777324393,2.7791473684493813,21.042796047902506,99.0,P48
341,2458644.9438542,g,-4.549046665010969,3.72471742153692,20.72484166351113,99.0,P48
342,2458647.968831,g,7.751308436739095,26.098983520986458,18.611016006237914,99.0,P48
343,2458650.9796065,g,-9.172916186656105,8.371792860230073,19.84552880357789,99.0,P48
344,2458653.879456,g,-15.271418476512684,14.572157929958493,19.24376531569267,99.0,P48
345,2458658.9656597,g,3.097717054468044,6.514771394360583,20.117827037238612,99.0,P48
346,2458661.9769907002,g,5.674730266914759,5.0857217869830125,20.386693492837814,99.0,P48
347,2458665.9761457997,g,-1.966502208394135,4.15272832616438,20.606741188538507,99.0,P48
348,2458675.9463657,g,-3.864604011304024,2.5201618103646815,21.149003923820725,99.0,P48
349,2458678.9394907,g,-6.404095157213862,3.804431135236086,20.701850671017432,99.0,P48
350,2458681.9813426,g,-12.679747474031647,8.498234711527163,19.829253185069394,99.0,P48
351,2458682.9774189997,g,2.825889917562005,8.051278064545462,19.887912924165036,99.0,P48
352,2458684.9005903,g,-8.540518050710356,10.424207277518127,19.60746739313651,99.0,P48
353,2458688.9670139,g,-1.1359575333687195,5.5867672903928405,20.28467353476308,99.0,P48
354,2458694.932881925,g,-0.6307103892830004,1.1078446243785334,22.041377852408992,99.0,P48
355,2458694.932881925,g,-0.6307103892830004,1.1078446243785334,22.041377852408992,99.0,P48
356,2458694.932881925,g,-0.6307103892830004,1.1078446243785334,22.041377852408992,99.0,P48
357,2458694.932881925,g,-0.6307103892830004,1.1078446243785334,22.041377852408992,99.0,P48
358,2458695.9060301003,g,-1.0347888856744014,1.436948923319967,21.75897166088167,99.0,P48
359,2458695.9060301003,g,-1.0347888856744014,1.436948923319967,21.75897166088167,99.0,P48
360,2458695.9060301003,g,-1.0347888856744014,1.436948923319967,21.75897166088167,99.0,P48
361,2458700.9771181,g,-1.6319798126335359,2.8021739854573338,21.033837246922758,99.0,P48
362,2458706.9367245,g,1.301249463482208,2.5970322718592334,21.116381623169772,99.0,P48
363,2458709.9527315,g,0.4451856688817408,7.917902890015065,19.90604956166812,99.0,P48
364,2458712.9768634,g,14.281964482981417,12.763677229536999,19.387635456326855,99.0,P48
365,2458717.9032407,g,-0.6371787133495671,3.350681311039436,20.83974218086599,99.0,P48
366,2458717.9032407,g,-0.6371787133495671,3.350681311039436,20.83974218086599,99.0,P48
367,2458718.8993056,g,-4.017280403558726,4.24815784706367,20.582073375970808,99.0,P48
368,2458722.901412,g,-0.3720107195559302,3.360733814053543,20.836489700001835,99.0,P48
369,2458723.9008449,g,-0.2442993442962381,2.6633199808400216,21.089016620973915,99.0,P48
370,2458725.8709838,g,-1.647194737689857,2.6556405657208244,21.092151754143906,99.0,P48
371,2458727.8809259,g,0.9586912662090656,2.7596699765982,21.0504321172506,99.0,P48
372,2458730.8318461003,g,-2.3608768308755352,2.3543598911192496,21.2228928628781,99.0,P48
373,2458730.8318461003,g,-2.3608768308755352,2.3543598911192496,21.2228928628781,99.0,P48
374,2458733.8742245,g,0.178595819016984,2.178823606929039,21.30701980895303,99.0,P48
375,2458733.8742245,g,0.178595819016984,2.178823606929039,21.30701980895303,99.0,P48
376,2458735.9018171,g,-1.242801697891345,3.328136057440281,20.847072308253477,99.0,P48
377,2458737.9608796,g,1.3098600500154263,5.9747054687659364,20.211783736633564,99.0,P48
378,2458738.7045833,g,-2.6374447153857834,13.62329203660713,19.316869822902447,99.0,P48
379,2458739.7036458,g,-21.38356176841619,15.085908999397061,19.206146280023894,99.0,P48
380,2458740.7034259,g,-4.288095114898053,20.10005816452545,18.894581703756007,99.0,P48
381,2458741.7002894,g,14.387823456320229,16.182983694365387,19.129928497802414,99.0,P48
382,2458743.7009143997,g,6.2955300442105075,9.649798957300138,19.69127932565661,99.0,P48
383,2458744.6999306,g,-8.385592136458834,6.8352066311404585,20.065695869147,99.0,P48
384,2458745.700081,g,-0.8992714119185494,4.127864314454576,20.613261455870383,99.0,P48
385,2458747.7000231002,g,-2.2857997556485894,3.4502134325642633,20.807960085014564,99.0,P48
386,2458748.698912,g,3.360414738857923,4.1132691709538545,20.617107162849372,99.0,P48
387,2458749.7007407,g,4.15212983338987,3.473550237519534,20.8006410281545,99.0,P48
388,2458750.7010764,g,6.126304090308466,4.111816726909495,20.617490616863183,99.0,P48
389,2458751.6987153,g,77.2871074798117,4.107378456690475,19.179797987659644,0.05768826729480255,P48
390,2458754.6985069,g,88.85368856585927,3.56977684864247,19.028376969037872,0.04361093874374406,P48
391,2458757.6707986,g,66.9293953761418,4.169832109296643,19.336023368005637,0.06762877102360627,P48
392,2458760.6999653,g,47.81492876867891,3.9163706877004696,19.701156839453937,0.08890989678277246,P48
393,2458761.6990162004,g,40.31128328575207,4.744103610228806,19.886499062582455,0.12774895883117487,P48
394,2458762.6982523,g,27.316739843418976,4.337003536891824,20.308993455814438,0.17234184482780657,P48
395,2458763.6996991,g,24.842695631919185,5.4061421695733625,20.41206882603392,0.23622103704124206,P48
396,2458764.863125,g,29.663874899852736,4.621244535805052,20.21949591993883,0.16910673202850132,P48
397,2458772.7736285003,g,25.955055776631795,10.223454820800722,19.628580783894186,99.0,P48
398,2458772.7736285003,g,25.955055776631795,10.223454820800722,19.628580783894186,99.0,P48
399,2458777.6866087997,g,26.676247949594373,3.838881653176405,20.334753758700277,0.15621035021105173,P48
400,2458781.72765625,g,14.11838124429524,3.5247706491937154,21.025603359418245,0.27100405304933883,P48
401,2458781.72765625,g,14.11838124429524,3.5247706491937154,21.025603359418245,0.27100405304933883,P48
402,2458785.7182407,g,13.917719812296545,3.445651891944413,21.04114539940708,0.268740510597223,P48
403,2458786.69245945,g,5.648568833795845,3.0012467042000166,20.9593207487909,99.0,P48
404,2458786.69245945,g,5.648568833795845,3.0012467042000166,20.9593207487909,99.0,P48
405,2458791.6893518995,g,7.274999973892705,4.3335602683782195,20.560462887082124,99.0,P48
406,2458794.6691782,g,6.348888299555357,8.342811557230739,19.849293903926608,99.0,P48
407,2458796.685632733,g,14.148838436077643,6.148425756701605,20.180665156101735,99.0,P48
408,2458796.685632733,g,14.148838436077643,6.148425756701605,20.180665156101735,99.0,P48
409,2458796.685632733,g,14.148838436077643,6.148425756701605,20.180665156101735,99.0,P48
410,2458797.6906366,g,7.776610990829296,9.885017222960212,19.66513141332352,99.0,P48
411,2458798.6356983,g,6.135049277204052,5.869566263606721,20.231059964440355,99.0,P48
412,2458798.6356983,g,6.135049277204052,5.869566263606721,20.231059964440355,99.0,P48
413,2458798.6356983,g,6.135049277204052,5.869566263606721,20.231059964440355,99.0,P48
414,2458800.7037962996,g,-2.0992737362273157,8.812394580151642,19.78984015239742,99.0,P48
415,2458803.6763194,g,14.01279963788841,10.245915831413065,19.626198029424657,99.0,P48
416,2458806.6794444,g,1.3042670129235598,3.706715626043411,20.730101817030118,99.0,P48
417,2458811.6746181,g,5.555724090291631,4.789245092205505,20.451907331994683,99.0,P48
418,2458812.6625463,g,2.8110335887530877,3.208289617082748,20.886891074681074,99.0,P48
419,2458820.6275926004,g,-0.42707568376521327,14.100624242818235,19.279479140285645,99.0,P48
420,2458831.6064468,g,4.4376148742076325,5.645794153662611,20.27326238998435,99.0,P48
421,2458835.6239352003,g,-12.576928444108514,7.605635206956887,19.94973626095335,99.0,P48
422,2458838.622963,g,-1.0996662123341645,12.844692302575062,19.380765726391743,99.0,P48
423,2458851.6250347,g,-17.962033617575177,25.448392285505918,18.63842411222143,99.0,P48
424,2458863.6204051003,g,1.9509548600480349,4.994164440466488,20.40641789401578,99.0,P48
425,2458873.6102778,g,-0.6976735261196683,5.473468835287066,20.30691836503175,99.0,P48
426,2458998.950463,g,-0.010645827446295641,2.9952964340430213,20.96147546550317,99.0,P48
427,2459002.9295832994,g,-0.5822350393197967,7.611994319269419,19.94882885039275,99.0,P48
428,2459014.8895718,g,-8.675680752149402,5.571718161977085,20.287602138926687,99.0,P48
429,2459018.8879051004,g,1.9262557627922416,3.4194504659910216,20.8176841968003,99.0,P48
430,2459023.8459258997,g,1.7701649659306378,5.280224673223642,20.345943983836154,99.0,P48
431,2459030.8851042003,g,3.119294650599983,3.7693847145694614,20.711898826427408,99.0,P48
432,2459032.9849653,g,5.279113864250729,6.408335511091655,20.135711885807325,99.0,P48
433,2459033.9476736,g,-1.6654167041628491,4.695848611404625,20.473289770845657,99.0,P48
434,2459036.9834837997,g,7.061939813014905,8.145074987097349,19.875337271743636,99.0,P48
435,2459039.8570948998,g,-8.07528051405927,8.30087603084279,19.854765169278604,99.0,P48
436,2459045.946713,g,2.3413937869422767,2.728658919141456,21.062701857929895,99.0,P48
437,2459051.9544444,g,-3.0040789207657803,2.803123477182431,21.033469417183554,99.0,P48
438,2459052.97348955,g,-0.6492746494448369,1.9996844297700955,21.40017132652862,99.0,P48
439,2459052.97348955,g,-0.6492746494448369,1.9996844297700955,21.40017132652862,99.0,P48
440,2459053.9061573995,g,-0.6596389005414991,2.242593290996383,21.275698692732274,99.0,P48
441,2459054.9568981,g,-4.47584576140492,2.4830873459651728,21.165094997358224,99.0,P48
442,2459056.9296816997,g,0.5020158283330843,1.8935804712378517,21.459365574150077,99.0,P48
443,2459056.9296816997,g,0.5020158283330843,1.8935804712378517,21.459365574150077,99.0,P48
444,2459057.9014352,g,-2.7011761182386897,3.0373708763935117,20.946330428085794,99.0,P48
445,2459059.91534725,g,-0.11004428854496047,1.683425868577435,21.587089997828762,99.0,P48
446,2459059.91534725,g,-0.11004428854496047,1.683425868577435,21.587089997828762,99.0,P48
447,2459060.8778819,g,-4.477574624412702,2.4404856820523473,21.183884329004357,99.0,P48
448,2459062.88890625,g,-7.373590642468519,4.348710045614859,20.556673860079094,99.0,P48
449,2459062.88890625,g,-7.373590642468519,4.348710045614859,20.556673860079094,99.0,P48
450,2459063.9350463,g,1.3478777626616987,7.496593500105199,19.965415084076,99.0,P48
451,2459066.8816087996,g,1.3503427299007769,10.500011636120535,19.59960053827079,99.0,P48
452,2459069.8784837998,g,-1.2530222449962727,5.665182061784542,20.269540310829168,99.0,P48
453,2459071.9691280997,g,-0.839753580461794,2.215410808834297,21.28893931347651,99.0,P48
454,2459071.9691280997,g,-0.839753580461794,2.215410808834297,21.28893931347651,99.0,P48
455,2459071.9691280997,g,-0.839753580461794,2.215410808834297,21.28893931347651,99.0,P48
456,2459072.9170949,g,0.6070880413192469,1.8971595787476128,21.45731533187149,99.0,P48
457,2459072.9170949,g,0.6070880413192469,1.8971595787476128,21.45731533187149,99.0,P48
458,2459072.9170949,g,0.6070880413192469,1.8971595787476128,21.45731533187149,99.0,P48
459,2459072.9170949,g,0.6070880413192469,1.8971595787476128,21.45731533187149,99.0,P48
460,2459073.8540702,g,1.4304560248618414,1.917840301202041,21.44554388769677,99.0,P48
461,2459073.8540702,g,1.4304560248618414,1.917840301202041,21.44554388769677,99.0,P48
462,2459073.8540702,g,1.4304560248618414,1.917840301202041,21.44554388769677,99.0,P48
463,2459075.876032975,g,-1.5337970687160112,1.4444914230867723,21.753287570433443,99.0,P48
464,2459075.876032975,g,-1.5337970687160112,1.4444914230867723,21.753287570433443,99.0,P48
465,2459075.876032975,g,-1.5337970687160112,1.4444914230867723,21.753287570433443,99.0,P48
466,2459075.876032975,g,-1.5337970687160112,1.4444914230867723,21.753287570433443,99.0,P48
467,2459077.895659733,g,-1.6686189708295338,1.6450270302302112,21.6121423930447,99.0,P48
468,2459077.895659733,g,-1.6686189708295338,1.6450270302302112,21.6121423930447,99.0,P48
469,2459077.895659733,g,-1.6686189708295338,1.6450270302302112,21.6121423930447,99.0,P48
470,2459078.8906279,g,-0.2866793302397947,1.8744890994871766,21.470367691011475,99.0,P48
471,2459078.8906279,g,-0.2866793302397947,1.8744890994871766,21.470367691011475,99.0,P48
472,2459078.8906279,g,-0.2866793302397947,1.8744890994871766,21.470367691011475,99.0,P48
473,2459078.8906279,g,-0.2866793302397947,1.8744890994871766,21.470367691011475,99.0,P48
474,2459079.843958333,g,0.3213013760294623,1.5826419427755425,21.654118311394292,99.0,P48
475,2459079.843958333,g,0.3213013760294623,1.5826419427755425,21.654118311394292,99.0,P48
476,2459079.843958333,g,0.3213013760294623,1.5826419427755425,21.654118311394292,99.0,P48
477,2459080.9304244,g,-0.5970062123991156,2.015402992202628,21.391670241638604,99.0,P48
478,2459080.9304244,g,-0.5970062123991156,2.015402992202628,21.391670241638604,99.0,P48
479,2459080.9304244,g,-0.5970062123991156,2.015402992202628,21.391670241638604,99.0,P48
480,2459081.8476099498,g,-0.7211798569584649,1.7302883133144753,21.557278802943436,99.0,P48
481,2459081.8476099498,g,-0.7211798569584649,1.7302883133144753,21.557278802943436,99.0,P48
482,2459081.8476099498,g,-0.7211798569584649,1.7302883133144753,21.557278802943436,99.0,P48
483,2459081.8476099498,g,-0.7211798569584649,1.7302883133144753,21.557278802943436,99.0,P48
484,2459082.8575462997,g,4.133744291491592,17.616569533593843,19.037771633294277,99.0,P48
485,2459082.8575462997,g,4.133744291491592,17.616569533593843,19.037771633294277,99.0,P48
486,2459082.8575462997,g,4.133744291491592,17.616569533593843,19.037771633294277,99.0,P48
487,2459084.8560417006,g,-2.8588445083993084,3.10901114215806,20.92101929295428,99.0,P48
488,2459085.8730208,g,-3.687254134150395,2.4095225454102005,21.1977475035075,99.0,P48
489,2459087.8362268996,g,-2.744667487439875,3.3360303737024246,20.844499998850537,99.0,P48
490,2459088.8250579,g,1.1324041925371964,3.780193389437162,20.708789943391608,99.0,P48
491,2459089.8115046,g,-1.8457277248790962,5.944779228255255,20.21723566209733,99.0,P48
492,2459090.8732175995,g,-3.361029984702936,2.622250496471894,21.105889548388117,99.0,P48
493,2459090.8732175995,g,-3.361029984702936,2.622250496471894,21.105889548388117,99.0,P48
494,2459091.8127778,g,-0.850017035592686,7.462079152116854,19.970425360664727,99.0,P48
495,2459092.8562037004,g,1.285554790242858,8.78218763809425,19.793568209414396,99.0,P48
496,2459095.8147453996,g,-2.3422435479977066,14.235141340548049,19.269170530137213,99.0,P48
497,2459106.8036111,g,-0.27079662382582065,3.5057155164822547,20.790633312043568,99.0,P48
498,2459106.8036111,g,-0.27079662382582065,3.5057155164822547,20.790633312043568,99.0,P48
499,2459107.8502778,g,-3.2891989378906126,3.9043057901999014,20.673715427101307,99.0,P48
500,2459109.8116897997,g,-4.420077435741102,3.6307289814525188,20.752590409464148,99.0,P48
501,2459110.8332755,g,-1.3566355596317814,4.069127183185221,20.628821828613543,99.0,P48
502,2459111.8413194,g,-1.1352638358793763,3.1034350365795857,20.92296834205981,99.0,P48
503,2459112.8007581,g,-0.4194436912342418,1.9303266740378413,21.438497959222644,99.0,P48
504,2459112.8007581,g,-0.4194436912342418,1.9303266740378413,21.438497959222644,99.0,P48
505,2459114.8188773,g,0.11454157835418588,3.1910377469838385,20.89274513535917,99.0,P48
506,2459116.745787,g,-4.776362641370638,3.6548102504928055,20.745412903437618,99.0,P48
507,2459117.7796643996,g,0.34187749588632466,3.446424924639025,20.809152933013003,99.0,P48
508,2459118.856331,g,-4.140543948146795,3.4893626283338093,20.79570972568534,99.0,P48
509,2459120.7804282,g,16.098344250077417,8.195377674786927,19.868652558305655,99.0,P48
510,2459121.8518518996,g,-20.605731036535644,10.197398951544145,19.63135146295256,99.0,P48
511,2459122.7529514,g,-8.480285025858963,13.1568873831942,19.354692095788803,99.0,P48
512,2459124.6566782002,g,-8.854090528292877,14.450235902913116,19.25288764642903,99.0,P48
513,2459126.7625810504,g,3.048633799942039,5.065665526517848,20.39098371165821,99.0,P48
514,2459126.7625810504,g,3.048633799942039,5.065665526517848,20.39098371165821,99.0,P48
515,2459128.7770948997,g,-0.7855615140715709,6.232723984166742,20.165880252632476,99.0,P48
516,2459130.7396759,g,-0.11911275040990063,3.3637209420366543,20.835525091470593,99.0,P48
517,2459134.7322106003,g,-0.5814158792375309,3.210948854017932,20.88599151938469,99.0,P48
518,2459136.7488542004,g,0.08248954579633211,2.8498229297647857,21.01553029792383,99.0,P48
519,2459138.7490741,g,-1.5990948731523464,3.4261486100541805,20.815559497484987,99.0,P48
520,2459144.6688542003,g,-2.784098506629648,7.4997299398142605,19.96496092660074,99.0,P48
521,2459146.8320718,g,9.094890512724671,14.18127002247593,19.273287173139927,99.0,P48
522,2459149.7315741,g,-19.694090711760026,16.58130967719183,19.10352791320301,99.0,P48
523,2459151.7586111,g,-10.989234246777984,9.96458184235934,19.65642729287483,99.0,P48
524,2458302.9690046003,i,0.689767937106987,10.69502789378669,19.579620185170224,99.0,P48
525,2458307.9370255,i,-5.161493099499409,7.8752364180548895,19.911915988239045,99.0,P48
526,2458312.8843402998,i,-1.079072471099024,6.7687779161448365,20.07629932637768,99.0,P48
527,2458316.9823264,i,10.78453874524222,5.808062636089437,20.242496760924467,99.0,P48
528,2458321.8653125,i,3.3917506975761427,7.791098944143406,19.923578189742216,99.0,P48
529,2458329.8816435,i,30.935337895579774,18.125170813473208,19.006869718914544,99.0,P48
530,2458333.8787268996,i,4.359960456509735,9.667552528706905,19.689283637926735,99.0,P48
531,2458337.9412384,i,-1.3552759576820548,6.6195308966654895,20.10050695521638,99.0,P48
532,2458342.8748148,i,-8.750000959599896,7.207621820574733,20.008095010640005,99.0,P48
533,2458347.8784954,i,5.463006935880757,7.141054343753571,20.0181691439389,99.0,P48
534,2458351.8508102,i,0.9490513610307372,5.672161144598919,20.268203587805658,99.0,P48
535,2458361.8736806,i,-3.178506024605976,8.631301707218112,19.812384245054204,99.0,P48
536,2458362.7952662003,i,2.1463949438348036,7.741984349667424,19.93044426650368,99.0,P48
537,2458365.8291319,i,5.122740491688436,7.842416662209579,19.916450208298397,99.0,P48
538,2458366.8047917006,i,-6.627232484446523,5.77253922530591,20.249157757414707,99.0,P48
539,2458370.8160069,i,-0.7850488028772662,7.892832867134971,19.909492722660133,99.0,P48
540,2458374.794375,i,-1.0332911181728006,8.949244396823588,19.773109067949225,99.0,P48
541,2458375.8296181,i,1.51589314466674,5.4425642963794845,20.3130660683278,99.0,P48
542,2458377.8296296,i,8.988184755199077,5.869073559684298,20.23115110728061,99.0,P48
543,2458378.8567477,i,2.9505631202498983,6.6129403634631885,20.1015884736958,99.0,P48
544,2458382.7769444,i,9.56408422507863,8.445405136655578,19.83602376901831,99.0,P48
545,2458387.80417825,i,-6.185187319160242,8.305969610089436,19.854099144713448,99.0,P48
546,2458387.80417825,i,-6.185187319160242,8.305969610089436,19.854099144713448,99.0,P48
547,2458397.8117707996,i,17.047172249671082,7.152161497394746,20.016481708248918,99.0,P48
548,2458422.7880556,i,-25.475795098832087,12.443096488223622,19.41525381712978,99.0,P48
549,2458426.7834258997,i,0.1557797314833633,9.837375018633407,19.670376919658963,99.0,P48
550,2458430.7389698997,i,2.793762003558661,6.923315002801075,20.05178975926973,99.0,P48
551,2458434.7354282,i,0.7588988885943835,12.18559161569004,19.437958441120852,99.0,P48
552,2458666.951713,i,-4.482551492543452,5.341687570318465,20.33337878165692,99.0,P48
553,2458668.9792477,i,-3.085798401816281,6.791956865500088,20.072587691364227,99.0,P48
554,2458670.9066898,i,-1.757095536019527,5.57020236450404,20.287897555897544,99.0,P48
555,2458682.9518981497,i,-0.9784207616180349,6.526943559350299,20.115800346101146,99.0,P48
556,2458682.9518981497,i,-0.9784207616180349,6.526943559350299,20.115800346101146,99.0,P48
557,2458686.9448611,i,3.799442790120638,12.33513115836571,19.424715559996528,99.0,P48
558,2458691.8407755,i,1.8518179481650692,5.012740469414825,20.402386939286394,99.0,P48
559,2458697.9574653,i,-2.121304242622137,4.50321484817264,20.518768320092647,99.0,P48
560,2458701.9284375003,i,6.316791322361343,4.288530296805028,20.571803782793047,99.0,P48
561,2458701.9284375003,i,6.316791322361343,4.288530296805028,20.571803782793047,99.0,P48
562,2458705.9200579,i,-2.0982204238926965,5.654271564770911,20.27163333151354,99.0,P48
563,2458709.9206366,i,2.1441482103303198,10.539912789807612,19.595482445617122,99.0,P48
564,2458713.9362962996,i,2.4085045057372723,18.97244117843425,18.957266951591272,99.0,P48
565,2458718.8888426004,i,-0.44082369002574756,7.092975633553839,20.025503819353688,99.0,P48
566,2458722.8802198996,i,-3.219592939837953,5.253986841989123,20.351352537133927,99.0,P48
567,2458727.8743518996,i,2.764270500477613,6.2628098250784605,20.160651928601,99.0,P48
568,2458732.8718171003,i,9.874235413150913,8.248846773760384,19.861591898027704,99.0,P48
569,2458736.833588,i,1.638811336273991,8.98379879146273,19.768924947794037,99.0,P48
570,2458743.9756944,i,-11.17768230466187,30.659048710612826,18.436178300579403,99.0,P48
571,2458747.8420255003,i,10.908468188389616,6.9451613872301925,20.04836913403736,99.0,P48
572,2458751.8414005,i,30.455230497027216,9.123137925986844,20.19091089538374,0.3251712778737755,P48
573,2458757.7591088,i,66.57731911091153,7.233167543267841,19.341749864019246,0.11793210470276239,P48
574,2458761.7997106,i,47.949181502213534,7.868182969907362,19.69811262699342,0.17812426294367834,P48
575,2458765.7994212997,i,48.94578596464636,11.392488574854555,19.675777355431883,0.25265803999831565,P48
576,2458769.7740741,i,38.604413032180474,19.272356518669298,18.940237936501248,99.0,P48
