,JD,Filter,Flux,eFlux,Mag,eMag,Telescope
0,2458215.7349421,r,3.1550060021150763,9.2339577539795,19.73910528093197,99.0,P48
1,2458216.7337153,r,-0.9437496183774345,3.131484092644592,20.91319946439014,99.0,P48
2,2458217.7513889,r,0.21741446447563845,2.412828417886898,21.196258890992215,99.0,P48
3,2458217.7513889,r,0.21741446447563845,2.412828417886898,21.196258890992215,99.0,P48
4,2458218.77185648,r,0.5732928827835465,1.3569773652685482,21.821143480218705,99.0,P48
5,2458218.77185648,r,0.5732928827835465,1.3569773652685482,21.821143480218705,99.0,P48
6,2458218.77185648,r,0.5732928827835465,1.3569773652685482,21.821143480218705,99.0,P48
7,2458218.77185648,r,0.5732928827835465,1.3569773652685482,21.821143480218705,99.0,P48
8,2458218.77185648,r,0.5732928827835465,1.3569773652685482,21.821143480218705,99.0,P48
9,2458219.737538567,r,0.29049604710098603,2.2601309348454075,21.267240990148004,99.0,P48
10,2458219.737538567,r,0.29049604710098603,2.2601309348454075,21.267240990148004,99.0,P48
11,2458219.737538567,r,0.29049604710098603,2.2601309348454075,21.267240990148004,99.0,P48
12,2458221.75148725,r,1.2746231784603346,4.635948773943595,20.48722841797406,99.0,P48
13,2458221.75148725,r,1.2746231784603346,4.635948773943595,20.48722841797406,99.0,P48
14,2458224.7225559335,r,2.2650720725790756,2.025109451544181,21.386453737669527,99.0,P48
15,2458224.7225559335,r,2.2650720725790756,2.025109451544181,21.386453737669527,99.0,P48
16,2458224.7225559335,r,2.2650720725790756,2.025109451544181,21.386453737669527,99.0,P48
17,2458224.7225559335,r,2.2650720725790756,2.025109451544181,21.386453737669527,99.0,P48
18,2458224.7225559335,r,2.2650720725790756,2.025109451544181,21.386453737669527,99.0,P48
19,2458224.7225559335,r,2.2650720725790756,2.025109451544181,21.386453737669527,99.0,P48
20,2458226.7626273,r,0.5777329253957708,2.825576272912402,21.024807401582958,99.0,P48
21,2458227.75787035,r,-0.8145350695453748,2.1366740621622564,21.328229294185427,99.0,P48
22,2458227.75787035,r,-0.8145350695453748,2.1366740621622564,21.328229294185427,99.0,P48
23,2458231.7305207998,r,2.2664958384802287,2.5441737481019624,21.138708071497646,99.0,P48
24,2458231.7305207998,r,2.2664958384802287,2.5441737481019624,21.138708071497646,99.0,P48
25,2458233.69568865,r,-3.4232497526529264,3.3125065482182747,20.852183125494207,99.0,P48
26,2458233.69568865,r,-3.4232497526529264,3.3125065482182747,20.852183125494207,99.0,P48
27,2458242.7634317502,r,2.5689909814673286,1.9882953567803154,21.406372743367676,99.0,P48
28,2458242.7634317502,r,2.5689909814673286,1.9882953567803154,21.406372743367676,99.0,P48
29,2458243.6822106005,r,1.6860711891135083,2.6948685288779135,21.07623103249183,99.0,P48
30,2458244.6803587996,r,6.038089043821802,2.844547833726642,21.017541886079364,99.0,P48
31,2458245.6795428004,r,3.3044263388779447,3.345898731755772,20.841293008401856,99.0,P48
32,2458245.6795428004,r,3.3044263388779447,3.345898731755772,20.841293008401856,99.0,P48
33,2458246.7212847,r,4.5170756039331135,3.230775449983268,20.879308053897738,99.0,P48
34,2458247.7376736,r,-0.3018892285208943,2.7525672226570617,21.053230154089967,99.0,P48
35,2458248.7427662006,r,-3.4507915788730306,2.0603940264481175,21.367699283930754,99.0,P48
36,2458248.7427662006,r,-3.4507915788730306,2.0603940264481175,21.367699283930754,99.0,P48
37,2458250.7228935002,r,5.777815244670686,4.136720104865861,20.610934646568573,99.0,P48
38,2458254.6990451496,r,1.0340250020425112,1.7881503225165836,21.52156492575169,99.0,P48
39,2458254.6990451496,r,1.0340250020425112,1.7881503225165836,21.52156492575169,99.0,P48
40,2458255.7434954,r,-2.4963174769775254,2.6809072609339126,21.081870511794392,99.0,P48
41,2458256.76421875,r,2.504905006742779,2.3940481842890353,21.20474277147744,99.0,P48
42,2458256.76421875,r,2.504905006742779,2.3940481842890353,21.20474277147744,99.0,P48
43,2458257.7396122497,r,1.6546370332937304,2.289197004815109,21.253367066645175,99.0,P48
44,2458257.7396122497,r,1.6546370332937304,2.289197004815109,21.253367066645175,99.0,P48
45,2458258.7029861,r,2.4402107844151857,3.168882624956173,20.900309605982162,99.0,P48
46,2458260.7013542005,r,1.854814109272148,3.9292403904979114,20.666803489875996,99.0,P48
47,2458262.7495139,r,3.902574800309075,4.214347947499212,20.59074901608141,99.0,P48
48,2458263.7304282,r,4.65519708459908,3.3718830300845166,20.832893737586275,99.0,P48
49,2458266.7557060495,r,5.466008645887277,4.513374872179156,20.516321472467105,99.0,P48
50,2458266.7557060495,r,5.466008645887277,4.513374872179156,20.516321472467105,99.0,P48
51,2458267.783588,r,-8.470589209284848,15.384754145469296,19.184848588061868,99.0,P48
52,2458269.6770949,r,2.098972448109298,2.960709017585883,20.974085673039447,99.0,P48
53,2458269.6770949,r,2.098972448109298,2.960709017585883,20.974085673039447,99.0,P48
54,2458277.7619907,r,1.0304380627056247,3.051707860171301,20.941217598446464,99.0,P48
55,2458278.7470023,r,-0.9334506623990624,3.1027784779603285,20.923198063278544,99.0,P48
56,2458279.6821065,r,2.288719849659504,1.9847682980809684,21.408300452896057,99.0,P48
57,2458279.6821065,r,2.288719849659504,1.9847682980809684,21.408300452896057,99.0,P48
58,2458280.6763657,r,-2.6595625630694553,3.991167785941079,20.649825025139222,99.0,P48
59,2458281.7038194,r,-0.14877193553206963,3.3989795130447082,20.82420362183179,99.0,P48
60,2458282.70314815,r,-2.7558441610454154,2.1168870432035525,21.338330777297763,99.0,P48
61,2458282.70314815,r,-2.7558441610454154,2.1168870432035525,21.338330777297763,99.0,P48
62,2458283.7033448997,r,1.3459579877263157,2.827119185731506,21.02421469448867,99.0,P48
63,2458284.6969328998,r,4.343379663991031,3.0531256804899245,20.940713283670576,99.0,P48
64,2458288.7471412,r,-6.023978338215626,3.6670109727055187,20.741794465432207,99.0,P48
65,2458291.7494676,r,4.635197571086329,5.513067868220115,20.299091642003106,99.0,P48
66,2458294.7349074,r,3.338600180535072,5.343026823941614,20.333106602897622,99.0,P48
67,2458297.7550347,r,-0.7258202671114656,8.706328408937624,19.802987376587495,99.0,P48
68,2458300.6832522997,r,1.499436413932909,3.5631200978138167,20.77299883705816,99.0,P48
69,2458306.6747917,r,-2.076710213305385,5.796055953318846,20.24474356575238,99.0,P48
70,2458314.6743866,r,9.207259044568122,5.743989107780496,20.254540969933725,99.0,P48
71,2458324.6660417,r,-6.539957698354608,9.71854348566443,19.68357203351527,99.0,P48
72,2458423.0392130003,r,3.5057162410176086,5.126350479356509,20.37805425217145,99.0,P48
73,2458424.0367766498,r,4.0226108252788535,3.7013503802699312,20.731674492704776,99.0,P48
74,2458424.0367766498,r,4.0226108252788535,3.7013503802699312,20.731674492704776,99.0,P48
75,2458425.0247917003,r,-3.0651135216507024,4.361496735693044,20.55348610973553,99.0,P48
76,2458425.9764931,r,8.119171357033213,5.885127115529451,20.228185369649385,99.0,P48
77,2458427.03234375,r,-0.6246219434690857,2.612008525376041,21.110138513894967,99.0,P48
78,2458427.03234375,r,-0.6246219434690857,2.612008525376041,21.110138513894967,99.0,P48
79,2458427.9759143996,r,8.582514731232619,6.160445566540484,20.17854467786748,99.0,P48
80,2458430.02815975,r,-2.3013148745468808,1.778051533900952,21.527714128839264,99.0,P48
81,2458430.02815975,r,-2.3013148745468808,1.778051533900952,21.527714128839264,99.0,P48
82,2458430.9853935,r,-0.8353115976633568,3.2973075453240295,20.85717634816889,99.0,P48
83,2458432.0376273,r,12.286120208335854,5.504816779731443,20.30071781752804,99.0,P48
84,2458433.0360822,r,1.0937445842705318,2.6583373649717914,21.091049750005645,99.0,P48
85,2458433.0360822,r,1.0937445842705318,2.6583373649717914,21.091049750005645,99.0,P48
86,2458434.9873264,r,8.634383960459443,7.815340880186613,19.920205175896562,99.0,P48
87,2458439.0257523,r,4.475719346122866,2.753759121087236,21.052760117547464,99.0,P48
88,2458441.02695025,r,-1.7220023857342042,1.8184978434417576,21.503293013257913,99.0,P48
89,2458441.02695025,r,-1.7220023857342042,1.8184978434417576,21.503293013257913,99.0,P48
90,2458442.0359259,r,-8.743940114112478,7.862863866343482,19.91362309772024,99.0,P48
91,2458443.0287153,r,-1.4204214508831667,2.7136969835379805,21.068671609410316,99.0,P48
92,2458443.92941555,r,3.279987541971775,4.51575758577938,20.515748438791185,99.0,P48
93,2458443.92941555,r,3.279987541971775,4.51575758577938,20.515748438791185,99.0,P48
94,2458447.9858911997,r,-0.9098124695268366,4.161047171375585,20.60456839124692,99.0,P48
95,2458447.9858911997,r,-0.9098124695268366,4.161047171375585,20.60456839124692,99.0,P48
96,2458449.0281539,r,6.0251879010915665,3.495469327918021,20.793811250085355,99.0,P48
97,2458449.0281539,r,6.0251879010915665,3.495469327918021,20.793811250085355,99.0,P48
98,2458450.0069329,r,-1.4519148974270284,4.811415871251583,20.446892748023867,99.0,P48
99,2458455.9971991004,r,5.5615982895646425,2.7723698345894014,21.0454470772617,99.0,P48
100,2458455.9971991004,r,5.5615982895646425,2.7723698345894014,21.0454470772617,99.0,P48
101,2458466.0097685,r,3.6073466310408304,2.5008725090687878,21.157346107713742,99.0,P48
102,2458468.0326331495,r,38.92568721845063,52.72261396690003,17.847582653477602,99.0,P48
103,2458468.0326331495,r,38.92568721845063,52.72261396690003,17.847582653477602,99.0,P48
104,2458469.0059259,r,2.6507527637334873,2.5992769477833124,21.1154436012133,99.0,P48
105,2458472.051875,r,-1.8416925435129092,2.4579912342317076,21.17612416476473,99.0,P48
106,2458473.0522685,r,-3.575434683579931,2.5500137379380114,21.136218688766633,99.0,P48
107,2458474.99144675,r,3.5402953520135925,4.16012418592378,20.60480925126111,99.0,P48
108,2458474.99144675,r,3.5402953520135925,4.16012418592378,20.60480925126111,99.0,P48
109,2458476.0001272997,r,3.6745801679607966,5.378394942587937,20.32594326448222,99.0,P48
110,2458486.99063655,r,0.6724148800620078,1.6369224791883816,21.61750470733428,99.0,P48
111,2458486.99063655,r,0.6724148800620078,1.6369224791883816,21.61750470733428,99.0,P48
112,2458488.0403241003,r,-4.537094071756005,2.523038095695146,21.14776546906372,99.0,P48
113,2458492.0368287005,r,-2.195825939865766,2.4147840594216734,21.19537923839211,99.0,P48
114,2458492.0368287005,r,-2.195825939865766,2.4147840594216734,21.19537923839211,99.0,P48
115,2458492.9876389,r,2.745079675651663,4.589775499725273,20.49809638077157,99.0,P48
116,2458494.0125579,r,1.16018906781708,2.1399887723337723,21.32654625219618,99.0,P48
117,2458494.94563655,r,0.8047137268767448,1.5550105550576006,21.67324163599765,99.0,P48
118,2458494.94563655,r,0.8047137268767448,1.5550105550576006,21.67324163599765,99.0,P48
119,2458503.05236115,r,5.953193001891908,2.951692738359038,20.977397122017855,99.0,P48
120,2458503.05236115,r,5.953193001891908,2.951692738359038,20.977397122017855,99.0,P48
121,2458503.9637963,r,3.333440232451766,6.665319822064415,20.09302250665121,99.0,P48
122,2458506.0336227007,r,-0.909833423670371,5.9211428031631685,20.221561150895973,99.0,P48
123,2458506.0336227007,r,-0.909833423670371,5.9211428031631685,20.221561150895973,99.0,P48
124,2458507.0560301,r,-8.989074993238635,9.900205003931493,19.663464520051328,99.0,P48
125,2458508.9826447,r,-0.7079147682361959,3.9983491122264603,20.647873210493756,99.0,P48
126,2458508.9826447,r,-0.7079147682361959,3.9983491122264603,20.647873210493756,99.0,P48
127,2458511.8881944,r,-1.2037163697109683,3.1086365394876236,20.921150120464297,99.0,P48
128,2458512.9520139,r,1.1033169557828484,15.786227876088272,19.156879070141436,99.0,P48
129,2458513.9487153,r,-13.729220689167782,29.821726387518154,18.466243035996083,99.0,P48
130,2458514.9269618,r,2.667321834156652,7.7671743596746605,19.926917353093934,99.0,P48
131,2458514.9269618,r,2.667321834156652,7.7671743596746605,19.926917353093934,99.0,P48
132,2458524.9695255,r,2.4519204977544335,2.160259753288689,21.31631005267445,99.0,P48
133,2458526.9944444,r,-11.342316279963283,7.234363898356519,20.004074112712573,99.0,P48
134,2458534.88198495,r,-2.2939250131912976,8.665127819644885,19.808137555679075,99.0,P48
135,2458534.88198495,r,-2.2939250131912976,8.665127819644885,19.808137555679075,99.0,P48
136,2458538.8488484006,r,-6.406431166274356,9.32510380412023,19.728440801817204,99.0,P48
137,2458538.8488484006,r,-6.406431166274356,9.32510380412023,19.728440801817204,99.0,P48
138,2458540.8286806,r,-0.538595056830803,2.2434982307131404,21.2752606607295,99.0,P48
139,2458543.8513599504,r,0.27033373709311564,1.6307195846140108,21.6216267716067,99.0,P48
140,2458543.8513599504,r,0.27033373709311564,1.6307195846140108,21.6216267716067,99.0,P48
141,2458547.8022801,r,-1.4559634274855364,2.2569096804714155,21.26878954079845,99.0,P48
142,2458558.8238657,r,2.2077885958808934,4.308160143288173,20.5668453927682,99.0,P48
143,2458561.6815278,r,-7.852582945457305,10.988123477019256,19.55026616145892,99.0,P48
144,2458567.7463368,r,3.0697062536956676,1.596955282482298,21.64434310088495,99.0,P48
145,2458567.7463368,r,3.0697062536956676,1.596955282482298,21.64434310088495,99.0,P48
146,2458568.788669,r,57.207397143423265,2.769253762015283,19.50643515122342,0.052546088596397034,P48
147,2458572.78542825,r,77.76767366108133,2.950643752466499,19.173067853075803,0.04118579922116508,P48
148,2458572.78542825,r,77.76767366108133,2.950643752466499,19.173067853075803,0.04118579922116508,P48
149,2458573.7603125,r,64.14340569217272,3.9979106418740997,19.382185584639995,0.06765671318702529,P48
150,2458574.7781713,r,124.5230497410395,148.0682355142769,16.726420236517846,99.0,P48
151,2458575.72498265,r,65.13518040880922,5.231486034666303,19.365526571346884,0.08718449929805129,P48
152,2458575.72498265,r,65.13518040880922,5.231486034666303,19.365526571346884,0.08718449929805129,P48
153,2458580.7224826496,r,36.083203712895,1.9950811165267153,20.0068028967633,0.060018521892384255,P48
154,2458580.7224826496,r,36.083203712895,1.9950811165267153,20.0068028967633,0.060018521892384255,P48
155,2458581.7660185,r,32.704952595116886,3.158434358324129,20.113531812354367,0.1048306211724258,P48
156,2458582.7388194,r,26.365805302313277,2.537686697443224,20.3474630204917,0.1044784666536596,P48
157,2458583.7647917,r,22.711999005696278,2.141662077555401,20.509427221019937,0.1023588537760733,P48
158,2458583.7647917,r,22.711999005696278,2.141662077555401,20.509427221019937,0.1023588537760733,P48
159,2458584.8188194,r,19.815254484899434,3.353979735659375,20.65756648653936,0.18373445598857918,P48
160,2458585.806875,r,16.417942646437645,2.739003818336697,20.861768786803545,0.18109386229641905,P48
161,2458586.7281770995,r,12.012438398064758,2.4728949175670385,21.200987688426135,0.223462326637319,P48
162,2458586.7281770995,r,12.012438398064758,2.4728949175670385,21.200987688426135,0.223462326637319,P48
163,2458587.7789582997,r,22.652759843812664,5.339560348053545,20.512262820325947,0.25586695827684136,P48
164,2458588.6668056,r,-76.38595669617705,63.75160103321103,17.641347249290746,99.0,P48
165,2458589.7130671004,r,9.354172526756358,23.201925164335993,18.738764934954258,99.0,P48
166,2458589.7130671004,r,9.354172526756358,23.201925164335993,18.738764934954258,99.0,P48
167,2458591.870625,r,18.733480743141737,9.680718598862581,19.687805998797682,99.0,P48
168,2458592.7670544004,r,9.354545902481904,4.687829465972323,20.475145477866896,99.0,P48
169,2458592.7670544004,r,9.354545902481904,4.687829465972323,20.475145477866896,99.0,P48
170,2458594.8396643996,r,-5.044879609069672,7.464391209721906,19.970089007245797,99.0,P48
171,2458597.8234606003,r,8.900107396657075,3.1298279977484538,20.913773811173442,99.0,P48
172,2458599.665081,r,4.7432695406898855,2.7040192604231694,21.072550537382305,99.0,P48
173,2458601.7739352,r,5.465989538838307,2.0478483877945206,21.37433048777249,99.0,P48
174,2458602.7776273,r,5.393688803028424,4.718671001875997,20.46802574354085,99.0,P48
175,2458606.6927083,r,0.776364813722264,1.5401227959406467,21.68368661649518,99.0,P48
176,2458606.6927083,r,0.776364813722264,1.5401227959406467,21.68368661649518,99.0,P48
177,2458607.7348495,r,-0.14569114488797896,3.1485451127263455,20.90730018839669,99.0,P48
178,2458608.7437616,r,-1.4441017461941956,2.6669946155456428,21.087519641949864,99.0,P48
179,2458612.7151447,r,0.36749370998871106,1.4048169951315213,21.78352560770507,99.0,P48
180,2458612.7151447,r,0.36749370998871106,1.4048169951315213,21.78352560770507,99.0,P48
181,2458616.6627141,r,5.177783109112767,3.404991112176197,20.822285032559876,99.0,P48
182,2458616.6627141,r,5.177783109112767,3.404991112176197,20.822285032559876,99.0,P48
183,2458617.7451157,r,-4.871946216033397,4.411254134827414,20.541169793039757,99.0,P48
184,2458618.7999421,r,33.092230804144634,15.267921891637117,19.193125165414145,99.0,P48
185,2458619.6977083,r,-2.7788437488674997,7.1656890362164996,20.014430095404407,99.0,P48
186,2458619.6977083,r,-2.7788437488674997,7.1656890362164996,20.014430095404407,99.0,P48
187,2458628.8064757,r,0.6482071771919802,2.1863627804551498,21.303269425320437,99.0,P48
188,2458628.8064757,r,0.6482071771919802,2.1863627804551498,21.303269425320437,99.0,P48
189,2458632.6820139,r,2.4897366985870195,3.4738970292802587,20.800532636005272,99.0,P48
190,2458633.6745891,r,-0.9420525206546396,1.6831480468289535,21.587269195517017,99.0,P48
191,2458633.6745891,r,-0.9420525206546396,1.6831480468289535,21.587269195517017,99.0,P48
192,2458634.7754397998,r,2.736166965954172,2.9440632333084515,20.980207155038748,99.0,P48
193,2458635.7421875,r,-2.011782229954387,1.902800211726993,21.45409201147904,99.0,P48
194,2458637.6987269,r,0.3557190573504608,2.3617635987252004,21.21948392754461,99.0,P48
195,2458638.7226505,r,0.5089296470795575,2.0723567658126654,21.361413680871195,99.0,P48
196,2458639.6846528,r,-0.6819970553935552,2.555142124448504,21.134037334492845,99.0,P48
197,2458642.7201042003,r,-0.07953703983498932,2.3845290357446025,21.209068451447983,99.0,P48
198,2458648.7045023,r,1.8634091468389442,6.213278854415247,20.169272875762875,99.0,P48
199,2458651.7397106,r,5.282359028167832,6.376527814267782,20.14111434313624,99.0,P48
200,2458654.6976852003,r,0.7446626314340777,2.784900587221466,21.040550747290197,99.0,P48
201,2458658.6877546003,r,-0.3681257702908424,2.6945301434220448,21.07636737324649,99.0,P48
202,2458661.7021296,r,-1.4853743271461923,2.941843877342491,20.981025936304704,99.0,P48
203,2458667.7240741,r,4.751096458060063,3.5671612867521474,20.771768123886048,99.0,P48
204,2458670.685162,r,7.212641426286927,5.244069417730932,20.35340390921879,99.0,P48
205,2458673.7035417003,r,4.05324958887547,3.4196315265347446,20.817626708386555,99.0,P48
206,2458676.6987962998,r,1.2743625610205462,5.688570429398818,20.26506714067194,99.0,P48
207,2458677.7012731005,r,-7.67069518132629,5.365619180911171,20.328525374552843,99.0,P48
208,2458679.7174653,r,-0.6108195204070644,6.021398347603963,20.203331591527522,99.0,P48
209,2458777.0120948995,r,-4.604548099422164,8.064640708793508,19.8861124298612,99.0,P48
210,2458786.0102662,r,-3.2314694731425697,4.424069693516489,20.538020089399797,99.0,P48
211,2458793.0125,r,3.8238704969585,4.423556894999257,20.53814594550617,99.0,P48
212,2458799.9934259,r,-2.650722081095109,6.822268261620273,20.067753007897956,99.0,P48
213,2458820.0137616,r,12.180175625549584,46.22564324982132,17.990367580987865,99.0,P48
214,2458828.9253241,r,5.884029537409621,6.009337786951936,20.205508447804586,99.0,P48
215,2458831.9463889,r,0.6736488824182544,8.787787167510249,19.792876163797978,99.0,P48
216,2458833.9478704,r,-2.005022726263189,7.17583204540921,20.012894326070146,99.0,P48
217,2458837.0084144,r,-1.5324016869019073,3.1822333218861267,20.895744941602608,99.0,P48
218,2458846.9661573996,r,-1.348704954889243,2.241771576785502,21.276096592950033,99.0,P48
219,2458849.9494097,r,0.19382514858103594,2.6314261267545525,21.10209703322464,99.0,P48
220,2458853.0520832995,r,-0.667500857981193,2.419995098837371,21.193038773124208,99.0,P48
221,2458854.9576272997,r,0.5464328907786004,4.940117746758335,20.418231738228375,99.0,P48
222,2458855.8723494997,r,4.877258239480313,5.469547846192124,20.30769642470669,99.0,P48
223,2458859.9286545,r,-0.3378105493301599,2.916486049085122,20.99042523081579,99.0,P48
224,2458859.9286545,r,-0.3378105493301599,2.916486049085122,20.99042523081579,99.0,P48
225,2458859.9286545,r,-0.3378105493301599,2.916486049085122,20.99042523081579,99.0,P48
226,2458859.9286545,r,-0.3378105493301599,2.916486049085122,20.99042523081579,99.0,P48
227,2458860.87564815,r,5.968734655301588,5.077598474863964,20.388429102012985,99.0,P48
228,2458860.87564815,r,5.968734655301588,5.077598474863964,20.388429102012985,99.0,P48
229,2458861.8171759,r,9.62019332320897,7.480098217770167,19.96780673809654,99.0,P48
230,2458861.8171759,r,9.62019332320897,7.480098217770167,19.96780673809654,99.0,P48
231,2458862.8845524667,r,5.5036934176411245,4.182752169547857,20.598919656292146,99.0,P48
232,2458862.8845524667,r,5.5036934176411245,4.182752169547857,20.598919656292146,99.0,P48
233,2458862.8845524667,r,5.5036934176411245,4.182752169547857,20.598919656292146,99.0,P48
234,2458864.0471643996,r,-4.568119927248616,3.57412138135941,20.769651745233197,99.0,P48
235,2458864.8385243,r,-2.31138363672226,2.687323874136698,21.079274963127148,99.0,P48
236,2458864.8385243,r,-2.31138363672226,2.687323874136698,21.079274963127148,99.0,P48
237,2458866.9139313335,r,3.0281653066161,1.6686058964956416,21.596690554274602,99.0,P48
238,2458866.9139313335,r,3.0281653066161,1.6686058964956416,21.596690554274602,99.0,P48
239,2458866.9139313335,r,3.0281653066161,1.6686058964956416,21.596690554274602,99.0,P48
240,2458867.9152662,r,4.827547446028189,2.32061268613222,21.238568333961425,99.0,P48
241,2458867.9152662,r,4.827547446028189,2.32061268613222,21.238568333961425,99.0,P48
242,2458872.005729167,r,2.080588460955163,1.976158413127811,21.413020600082426,99.0,P48
243,2458872.005729167,r,2.080588460955163,1.976158413127811,21.413020600082426,99.0,P48
244,2458872.005729167,r,2.080588460955163,1.976158413127811,21.413020600082426,99.0,P48
245,2458873.7937963,r,1.8828041109052016,1.8496930261806077,21.48482584125761,99.0,P48
246,2458873.7937963,r,1.8828041109052016,1.8496930261806077,21.48482584125761,99.0,P48
247,2458874.80185185,r,-0.5404832494249007,1.905849180982556,21.452353664535657,99.0,P48
248,2458874.80185185,r,-0.5404832494249007,1.905849180982556,21.452353664535657,99.0,P48
249,2458875.8531095665,r,2.107012452036136,1.6771308297985554,21.591157633116765,99.0,P48
250,2458875.8531095665,r,2.107012452036136,1.6771308297985554,21.591157633116765,99.0,P48
251,2458875.8531095665,r,2.107012452036136,1.6771308297985554,21.591157633116765,99.0,P48
252,2458876.7908912003,r,-1.2280334889093572,1.9047000856838268,21.453008485832562,99.0,P48
253,2458876.7908912003,r,-1.2280334889093572,1.9047000856838268,21.453008485832562,99.0,P48
254,2458877.82859375,r,0.8746706486353252,2.717249640504869,21.06725113923845,99.0,P48
255,2458877.82859375,r,0.8746706486353252,2.717249640504869,21.06725113923845,99.0,P48
256,2458878.8536612666,r,0.8900488571128273,2.2108548901234713,21.29117439287461,99.0,P48
257,2458878.8536612666,r,0.8900488571128273,2.2108548901234713,21.29117439287461,99.0,P48
258,2458878.8536612666,r,0.8900488571128273,2.2108548901234713,21.29117439287461,99.0,P48
259,2458879.8361053504,r,-1.164726700166808,3.963795199809198,20.657296970672817,99.0,P48
260,2458879.8361053504,r,-1.164726700166808,3.963795199809198,20.657296970672817,99.0,P48
261,2458880.74880205,r,-2.9544028355704848,3.389535191380202,20.827224620981845,99.0,P48
262,2458880.74880205,r,-2.9544028355704848,3.389535191380202,20.827224620981845,99.0,P48
263,2458881.8479205333,r,1.2072114783731787,1.5622142614161891,21.668223493781056,99.0,P48
264,2458881.8479205333,r,1.2072114783731787,1.5622142614161891,21.668223493781056,99.0,P48
265,2458881.8479205333,r,1.2072114783731787,1.5622142614161891,21.668223493781056,99.0,P48
266,2458884.03966435,r,3.5403366201068414,3.5779252979613863,20.768496816986982,99.0,P48
267,2458884.03966435,r,3.5403366201068414,3.5779252979613863,20.768496816986982,99.0,P48
268,2458884.994112666,r,1.6312136796072978,2.8700786566692753,21.007840491498026,99.0,P48
269,2458884.994112666,r,1.6312136796072978,2.8700786566692753,21.007840491498026,99.0,P48
270,2458884.994112666,r,1.6312136796072978,2.8700786566692753,21.007840491498026,99.0,P48
271,2458885.7318171496,r,0.4239868871888727,9.24664449065498,19.737614588008626,99.0,P48
272,2458885.7318171496,r,0.4239868871888727,9.24664449065498,19.737614588008626,99.0,P48
273,2458886.778125,r,4.075771422012719,4.0377461360160085,20.637227463657027,99.0,P48
274,2458886.778125,r,4.075771422012719,4.0377461360160085,20.637227463657027,99.0,P48
275,2458888.9329244005,r,7.981013959923444,5.801201287166414,20.243780152508265,99.0,P48
276,2458888.9329244005,r,7.981013959923444,5.801201287166414,20.243780152508265,99.0,P48
277,2458888.9329244005,r,7.981013959923444,5.801201287166414,20.243780152508265,99.0,P48
278,2458890.9232754502,r,-4.890532390858404,6.024558253369305,20.20276196899186,99.0,P48
279,2458890.9232754502,r,-4.890532390858404,6.024558253369305,20.20276196899186,99.0,P48
280,2458891.9357484663,r,2.5415085598297584,2.5093146954509726,21.153687164164086,99.0,P48
281,2458891.9357484663,r,2.5415085598297584,2.5093146954509726,21.153687164164086,99.0,P48
282,2458891.9357484663,r,2.5415085598297584,2.5093146954509726,21.153687164164086,99.0,P48
283,2458892.8117014,r,2.8223169567874464,3.095856754429943,20.925622845082316,99.0,P48
284,2458892.8117014,r,2.8223169567874464,3.095856754429943,20.925622845082316,99.0,P48
285,2458893.8077257,r,0.046330348434504544,2.0958979283898143,21.34914966816183,99.0,P48
286,2458893.8077257,r,0.046330348434504544,2.0958979283898143,21.34914966816183,99.0,P48
287,2458894.9149575667,r,2.9192609452397225,1.6174463967756623,21.630500247215046,99.0,P48
288,2458894.9149575667,r,2.9192609452397225,1.6174463967756623,21.630500247215046,99.0,P48
289,2458894.9149575667,r,2.9192609452397225,1.6174463967756623,21.630500247215046,99.0,P48
290,2458895.96400465,r,0.8511268117199154,1.9444926395836177,21.430559230240753,99.0,P48
291,2458895.96400465,r,0.8511268117199154,1.9444926395836177,21.430559230240753,99.0,P48
292,2458898.8511110996,r,1.4872617029581645,1.000814858296802,22.151690628270856,99.0,P48
293,2458898.8511110996,r,1.4872617029581645,1.000814858296802,22.151690628270856,99.0,P48
294,2458898.8511110996,r,1.4872617029581645,1.000814858296802,22.151690628270856,99.0,P48
295,2458898.8511110996,r,1.4872617029581645,1.000814858296802,22.151690628270856,99.0,P48
296,2458899.868781825,r,1.5179278416440498,1.143077892634126,22.007385425445207,99.0,P48
297,2458899.868781825,r,1.5179278416440498,1.143077892634126,22.007385425445207,99.0,P48
298,2458899.868781825,r,1.5179278416440498,1.143077892634126,22.007385425445207,99.0,P48
299,2458899.868781825,r,1.5179278416440498,1.143077892634126,22.007385425445207,99.0,P48
300,2458900.921773725,r,2.5866067743055994,1.5434749526126912,21.681326023711456,99.0,P48
301,2458900.921773725,r,2.5866067743055994,1.5434749526126912,21.681326023711456,99.0,P48
302,2458900.921773725,r,2.5866067743055994,1.5434749526126912,21.681326023711456,99.0,P48
303,2458900.921773725,r,2.5866067743055994,1.5434749526126912,21.681326023711456,99.0,P48
304,2458901.9217534666,r,2.58598637964493,1.002374056331533,22.150000445097213,99.0,P48
305,2458901.9217534666,r,2.58598637964493,1.002374056331533,22.150000445097213,99.0,P48
306,2458901.9217534666,r,2.58598637964493,1.002374056331533,22.150000445097213,99.0,P48
307,2458901.9217534666,r,2.58598637964493,1.002374056331533,22.150000445097213,99.0,P48
308,2458901.9217534666,r,2.58598637964493,1.002374056331533,22.150000445097213,99.0,P48
309,2458901.9217534666,r,2.58598637964493,1.002374056331533,22.150000445097213,99.0,P48
310,2458903.930416671,r,0.6665483581654426,0.8493670584686511,22.329836455489843,99.0,P48
311,2458903.930416671,r,0.6665483581654426,0.8493670584686511,22.329836455489843,99.0,P48
312,2458903.930416671,r,0.6665483581654426,0.8493670584686511,22.329836455489843,99.0,P48
313,2458903.930416671,r,0.6665483581654426,0.8493670584686511,22.329836455489843,99.0,P48
314,2458903.930416671,r,0.6665483581654426,0.8493670584686511,22.329836455489843,99.0,P48
315,2458903.930416671,r,0.6665483581654426,0.8493670584686511,22.329836455489843,99.0,P48
316,2458903.930416671,r,0.6665483581654426,0.8493670584686511,22.329836455489843,99.0,P48
317,2458904.8099305667,r,2.5099833742589857,1.61219040823567,21.634034156711508,99.0,P48
318,2458904.8099305667,r,2.5099833742589857,1.61219040823567,21.634034156711508,99.0,P48
319,2458904.8099305667,r,2.5099833742589857,1.61219040823567,21.634034156711508,99.0,P48
320,2458905.7336169,r,-2.133948930723763,3.426709838175878,20.815381660543856,99.0,P48
321,2458905.7336169,r,-2.133948930723763,3.426709838175878,20.815381660543856,99.0,P48
322,2458906.8839428998,r,0.05839348789118633,2.1740909513069475,21.309380717952962,99.0,P48
323,2458906.8839428998,r,0.05839348789118633,2.1740909513069475,21.309380717952962,99.0,P48
324,2458906.8839428998,r,0.05839348789118633,2.1740909513069475,21.309380717952962,99.0,P48
325,2458908.9463772997,r,-0.3021103512402088,2.1475401961097362,21.322721735683736,99.0,P48
326,2458911.7384297666,r,-1.0224570444004997,3.4340797772584537,20.81304903901917,99.0,P48
327,2458911.7384297666,r,-1.0224570444004997,3.4340797772584537,20.81304903901917,99.0,P48
328,2458911.7384297666,r,-1.0224570444004997,3.4340797772584537,20.81304903901917,99.0,P48
329,2458912.936936734,r,1.2810998781662368,1.549850620269501,21.67685038553904,99.0,P48
330,2458912.936936734,r,1.2810998781662368,1.549850620269501,21.67685038553904,99.0,P48
331,2458912.936936734,r,1.2810998781662368,1.549850620269501,21.67685038553904,99.0,P48
332,2458913.8702006,r,-2.2016908802042363,2.767541106477813,21.047339788648994,99.0,P48
333,2458913.8702006,r,-2.2016908802042363,2.767541106477813,21.047339788648994,99.0,P48
334,2458913.8702006,r,-2.2016908802042363,2.767541106477813,21.047339788648994,99.0,P48
335,2458914.8602276333,r,4.914517060706407,2.510348424152455,21.153239980093673,99.0,P48
336,2458914.8602276333,r,4.914517060706407,2.510348424152455,21.153239980093673,99.0,P48
337,2458914.8602276333,r,4.914517060706407,2.510348424152455,21.153239980093673,99.0,P48
338,2458915.9152932,r,2.9039276939440404,3.938877725383089,20.664143741132804,99.0,P48
339,2458915.9152932,r,2.9039276939440404,3.938877725383089,20.664143741132804,99.0,P48
340,2458915.9152932,r,2.9039276939440404,3.938877725383089,20.664143741132804,99.0,P48
341,2458939.8741589333,r,9.272530869509165,7.135012190634989,20.01908819048039,99.0,P48
342,2458939.8741589333,r,9.272530869509165,7.135012190634989,20.01908819048039,99.0,P48
343,2458939.8741589333,r,9.272530869509165,7.135012190634989,20.01908819048039,99.0,P48
344,2458940.7321758997,r,22.371838324749277,11.818482050516215,19.47117073929825,99.0,P48
345,2458940.7321758997,r,22.371838324749277,11.818482050516215,19.47117073929825,99.0,P48
346,2458941.7929456,r,1.6218994044160553,3.0132881908773217,20.954973315201894,99.0,P48
347,2458941.7929456,r,1.6218994044160553,3.0132881908773217,20.954973315201894,99.0,P48
348,2458944.8542978666,r,-0.9409412284281813,3.6631794057657707,20.7429295168051,99.0,P48
349,2458944.8542978666,r,-0.9409412284281813,3.6631794057657707,20.7429295168051,99.0,P48
350,2458944.8542978666,r,-0.9409412284281813,3.6631794057657707,20.7429295168051,99.0,P48
351,2458954.7323919665,r,1.9343281012649605,1.3242623065903336,21.847639945166467,99.0,P48
352,2458954.7323919665,r,1.9343281012649605,1.3242623065903336,21.847639945166467,99.0,P48
353,2458954.7323919665,r,1.9343281012649605,1.3242623065903336,21.847639945166467,99.0,P48
354,2458955.7332697003,r,0.42358240269861036,1.5965466416304903,21.644620962730983,99.0,P48
355,2458955.7332697003,r,0.42358240269861036,1.5965466416304903,21.644620962730983,99.0,P48
356,2458956.7832639,r,0.13895907701428184,2.259866576500772,21.267367991733913,99.0,P48
357,2458962.7596528,r,0.2613713334862981,2.3985916639533027,21.20268418915075,99.0,P48
358,2458965.7792361,r,-3.654458220333488,2.2664554837267628,21.264207005801893,99.0,P48
359,2458968.6975116003,r,1.5720855706106134,2.271753209147599,21.26167211360353,99.0,P48
360,2458970.6990162004,r,5.416450227611893,3.289842889454787,20.859637093731877,99.0,P48
361,2458971.6889969,r,-0.01593939202732819,2.370018286805578,21.215695746678875,99.0,P48
362,2458971.6889969,r,-0.01593939202732819,2.370018286805578,21.215695746678875,99.0,P48
363,2458971.6889969,r,-0.01593939202732819,2.370018286805578,21.215695746678875,99.0,P48
364,2458972.6977778,r,-5.3074312128932215,4.751368016724737,20.460528314268053,99.0,P48
365,2458973.68375,r,6.879741651359254,6.21648060541693,20.168713531542373,99.0,P48
366,2458974.747079467,r,1.1673901743096506,2.9813225879822807,20.966552562831446,99.0,P48
367,2458974.747079467,r,1.1673901743096506,2.9813225879822807,20.966552562831446,99.0,P48
368,2458974.747079467,r,1.1673901743096506,2.9813225879822807,20.966552562831446,99.0,P48
369,2458975.6745486,r,-2.7626286794911112,4.602225174284575,20.495155329927222,99.0,P48
370,2458976.76252895,r,-0.7656923749188803,4.961048504252515,20.413641306256935,99.0,P48
371,2458976.76252895,r,-0.7656923749188803,4.961048504252515,20.413641306256935,99.0,P48
372,2458977.74277775,r,-1.4247199942995412,5.307226436124457,20.340405945486218,99.0,P48
373,2458977.74277775,r,-1.4247199942995412,5.307226436124457,20.340405945486218,99.0,P48
374,2458978.7241204,r,-2.395199059020499,3.2577947363901765,20.87026569596706,99.0,P48
375,2458980.74394095,r,1.5378532949683135,1.3838734001878454,21.799834084874494,99.0,P48
376,2458980.74394095,r,1.5378532949683135,1.3838734001878454,21.799834084874494,99.0,P48
377,2458981.7461574,r,-1.685672932958975,2.5328514709847187,21.14355068150458,99.0,P48
378,2458986.7482292005,r,1.0565764023516588,2.285795219902731,21.25498168872077,99.0,P48
379,2458987.8034375,r,1.4158546016462905,2.1153530438754755,21.33911783977401,99.0,P48
380,2458991.7205787003,r,1.3715405075277682,1.5305315059945594,21.690469304214268,99.0,P48
381,2458991.7205787003,r,1.3715405075277682,1.5305315059945594,21.690469304214268,99.0,P48
382,2458994.69560185,r,1.997869171634412,1.6442693887682935,21.612642560056237,99.0,P48
383,2458994.69560185,r,1.997869171634412,1.6442693887682935,21.612642560056237,99.0,P48
384,2458995.7148032,r,3.0444513847371075,2.1582000534807104,21.31734574174976,99.0,P48
385,2458996.7595718,r,-0.5591006552472304,2.8134910327941394,21.029461150906073,99.0,P48
386,2458997.74575235,r,3.0288202191777946,1.920154343601074,21.444234641515393,99.0,P48
387,2458997.74575235,r,3.0288202191777946,1.920154343601074,21.444234641515393,99.0,P48
388,2458998.7351505,r,1.910864150263231,2.962617309774689,20.973386099227092,99.0,P48
389,2458999.7785994997,r,4.073579807916454,4.394616636878818,20.545272500390794,99.0,P48
390,2459001.7456944,r,-4.8099217113860915,8.67339111510337,19.807102662241764,99.0,P48
391,2459004.7453241,r,-0.5092049840956748,5.2008911461245075,20.362380578781796,99.0,P48
392,2459009.6842592997,r,-4.909457601603548,4.773065402635744,20.455581525908705,99.0,P48
393,2459017.7413542005,r,-0.5972921895257738,2.4895826505467027,21.16225861715975,99.0,P48
394,2459020.7439468,r,2.0956853041647494,2.859588044815478,21.0118163073424,99.0,P48
395,2459026.6986806,r,1.8611571805512708,3.2431544780278956,20.875155900427508,99.0,P48
396,2459029.7282523,r,-2.6290113719905106,7.97792830374006,19.897849666504786,99.0,P48
397,2459032.7190972,r,9.105410273231959,4.950295252669248,20.415997232845726,99.0,P48
398,2459036.7583449,r,9.726384701135085,9.121393291506793,19.75242203462281,99.0,P48
399,2459039.7179167005,r,5.300521496710821,3.0920846605256185,20.92694654844417,99.0,P48
400,2459043.7438078998,r,12.052452209915268,5.022429309340467,20.400290407231644,99.0,P48
401,2459052.6811458003,r,-0.10338809958845258,2.1991005140824775,21.29696228898019,99.0,P48
402,2459052.6811458003,r,-0.10338809958845258,2.1991005140824775,21.29696228898019,99.0,P48
403,2459052.6811458003,r,-0.10338809958845258,2.1991005140824775,21.29696228898019,99.0,P48
404,2459055.6627082997,r,8.428088739149327,10.442098325116394,19.605605543391896,99.0,P48
405,2459056.6774112335,r,3.0592914212497466,2.6746424991808353,21.084410636359245,99.0,P48
406,2459056.6774112335,r,3.0592914212497466,2.6746424991808353,21.084410636359245,99.0,P48
407,2459056.6774112335,r,3.0592914212497466,2.6746424991808353,21.084410636359245,99.0,P48
408,2459060.67236342,r,4.192533936492097,2.6089139064514466,21.111425619858984,99.0,P48
409,2459060.67236342,r,4.192533936492097,2.6089139064514466,21.111425619858984,99.0,P48
410,2459060.67236342,r,4.192533936492097,2.6089139064514466,21.111425619858984,99.0,P48
411,2459060.67236342,r,4.192533936492097,2.6089139064514466,21.111425619858984,99.0,P48
412,2459060.67236342,r,4.192533936492097,2.6089139064514466,21.111425619858984,99.0,P48
413,2459062.6715671397,r,10.314043621071669,3.4791181524754085,20.79890204455688,99.0,P48
414,2459062.6715671397,r,10.314043621071669,3.4791181524754085,20.79890204455688,99.0,P48
415,2459062.6715671397,r,10.314043621071669,3.4791181524754085,20.79890204455688,99.0,P48
416,2459062.6715671397,r,10.314043621071669,3.4791181524754085,20.79890204455688,99.0,P48
417,2459062.6715671397,r,10.314043621071669,3.4791181524754085,20.79890204455688,99.0,P48
418,2459064.66883334,r,4.395183922337877,5.291897794154442,20.34354636969451,99.0,P48
419,2459064.66883334,r,4.395183922337877,5.291897794154442,20.34354636969451,99.0,P48
420,2459064.66883334,r,4.395183922337877,5.291897794154442,20.34354636969451,99.0,P48
421,2459064.66883334,r,4.395183922337877,5.291897794154442,20.34354636969451,99.0,P48
422,2459064.66883334,r,4.395183922337877,5.291897794154442,20.34354636969451,99.0,P48
423,2459066.6662083403,r,2.2444177933487257,3.418808231727871,20.817888136728378,99.0,P48
424,2459066.6662083403,r,2.2444177933487257,3.418808231727871,20.817888136728378,99.0,P48
425,2459066.6662083403,r,2.2444177933487257,3.418808231727871,20.817888136728378,99.0,P48
426,2459066.6662083403,r,2.2444177933487257,3.418808231727871,20.817888136728378,99.0,P48
427,2459066.6662083403,r,2.2444177933487257,3.418808231727871,20.817888136728378,99.0,P48
428,2459068.66514818,r,4.457968088513622,3.0560423637678356,20.93967656349843,99.0,P48
429,2459068.66514818,r,4.457968088513622,3.0560423637678356,20.93967656349843,99.0,P48
430,2459068.66514818,r,4.457968088513622,3.0560423637678356,20.93967656349843,99.0,P48
431,2459068.66514818,r,4.457968088513622,3.0560423637678356,20.93967656349843,99.0,P48
432,2459068.66514818,r,4.457968088513622,3.0560423637678356,20.93967656349843,99.0,P48
433,2459070.6725,r,-1.7963438307761472,4.418134742419197,20.539477597489363,99.0,P48
434,2459072.65953125,r,-6.017829483271328,3.5961064267390332,20.762993648677767,99.0,P48
435,2459072.65953125,r,-6.017829483271328,3.5961064267390332,20.762993648677767,99.0,P48
436,2459072.65953125,r,-6.017829483271328,3.5961064267390332,20.762993648677767,99.0,P48
437,2459072.65953125,r,-6.017829483271328,3.5961064267390332,20.762993648677767,99.0,P48
438,2459145.0342245,r,4.340945753648281,3.250533215926735,20.87268846845118,99.0,P48
439,2459147.0309144,r,35.79853814348167,39.50788538763822,18.16086552613432,99.0,P48
440,2459151.0440046,r,-4.2481928587310875,7.769399336394172,19.92660637876422,99.0,P48
441,2459152.9721875,r,-5.7973927504752005,8.429138264376828,19.838117044933668,99.0,P48
442,2458202.8307986,g,-4.735487037641115,2.947390364655588,20.978980840586622,99.0,P48
443,2458205.7989815,g,-0.7047343634904423,4.576199552731337,20.501312603346754,99.0,P48
444,2458205.7989815,g,-0.7047343634904423,4.576199552731337,20.501312603346754,99.0,P48
445,2458206.7804282,g,-0.7632724910139418,6.089542413088552,20.19111334006419,99.0,P48
446,2458208.8156018998,g,5.838918552311187,32.452294308463166,18.374461474355762,99.0,P48
447,2458215.77001735,g,7.023697655005351,7.111807529628097,20.02262500267397,99.0,P48
448,2458215.77001735,g,7.023697655005351,7.111807529628097,20.02262500267397,99.0,P48
449,2458216.7561227,g,-4.749742010766456,3.2335011388750377,20.87839244354369,99.0,P48
450,2458230.8021759,g,1.5140683179706973,6.77596801892932,20.07514662027603,99.0,P48
451,2458230.8021759,g,1.5140683179706973,6.77596801892932,20.07514662027603,99.0,P48
452,2458232.664456,g,-9.863817101690977,14.50303144471152,19.248928017691775,99.0,P48
453,2458233.73751155,g,-0.7902083348622351,3.6147425507339324,20.75738156065561,99.0,P48
454,2458233.73751155,g,-0.7902083348622351,3.6147425507339324,20.75738156065561,99.0,P48
455,2458234.7128588,g,-8.352948927987095,4.593883435653578,20.49712506093205,99.0,P48
456,2458234.7128588,g,-8.352948927987095,4.593883435653578,20.49712506093205,99.0,P48
457,2458235.6992535,g,3.442433738010947,4.210931883989636,20.591629448329957,99.0,P48
458,2458235.6992535,g,3.442433738010947,4.210931883989636,20.591629448329957,99.0,P48
459,2458236.7113657664,g,-5.2318863226841925,4.821042540399503,20.44472257998197,99.0,P48
460,2458236.7113657664,g,-5.2318863226841925,4.821042540399503,20.44472257998197,99.0,P48
461,2458236.7113657664,g,-5.2318863226841925,4.821042540399503,20.44472257998197,99.0,P48
462,2458237.70274885,g,-6.053936537187085,5.794640854406676,20.245008679085146,99.0,P48
463,2458237.70274885,g,-6.053936537187085,5.794640854406676,20.245008679085146,99.0,P48
464,2458238.682037,g,6.251337738559112,9.577635732359555,19.699429200574354,99.0,P48
465,2458243.7119907,g,0.08414616096484714,2.9374040608902923,20.982665761816953,99.0,P48
466,2458244.7136227,g,3.24180305398993,2.5373394212545626,21.14162857187624,99.0,P48
467,2458245.7352546,g,-20.072606624433767,25.658296534041092,18.62950543918968,99.0,P48
468,2458247.6983332997,g,-0.9413551606802464,1.9538327311781345,21.425356537268815,99.0,P48
469,2458248.7001447,g,-0.5726833940157523,1.5145550346488403,21.701862341686265,99.0,P48
470,2458248.7001447,g,-0.5726833940157523,1.5145550346488403,21.701862341686265,99.0,P48
471,2458249.7015162003,g,-2.680309745356466,2.432908804095261,21.187260414141264,99.0,P48
472,2458250.699838,g,-0.5765633854880531,3.453765854558017,20.806842760250632,99.0,P48
473,2458255.6777199,g,-3.366219914185948,2.1969875066945446,21.298006020947263,99.0,P48
474,2458258.6761921,g,3.842640567241927,2.3640331295540444,21.21844109302598,99.0,P48
475,2458259.6807986,g,-15.709134185985219,20.323698634335294,18.882568123054515,99.0,P48
476,2458262.7159144,g,-5.4307012958966006,3.7310175196750386,20.723006768273017,99.0,P48
477,2458263.7533332994,g,-1.7388108825519748,4.392660823261794,20.545755812246703,99.0,P48
478,2458267.6809259,g,6.968116250421276,8.181011563719952,19.870557472836076,99.0,P48
479,2458269.7448148504,g,-2.1196679989752187,5.544517831072928,20.29291552791964,99.0,P48
480,2458269.7448148504,g,-2.1196679989752187,5.544517831072928,20.29291552791964,99.0,P48
481,2458272.7029745504,g,3.5996616323707573,1.7225943913427955,21.56211741704149,99.0,P48
482,2458272.7029745504,g,3.5996616323707573,1.7225943913427955,21.56211741704149,99.0,P48
483,2458274.7389352,g,-0.3275104426192033,2.275640369118682,21.25981591564327,99.0,P48
484,2458276.72426505,g,2.2722813097056758,1.5943021228478107,21.646148428234007,99.0,P48
485,2458276.72426505,g,2.2722813097056758,1.5943021228478107,21.646148428234007,99.0,P48
486,2458277.7221528,g,-0.22920456286247018,2.5926729920217735,21.11820563005213,99.0,P48
487,2458278.7165393997,g,-2.9762133937042137,2.472152461097594,21.169886862183922,99.0,P48
488,2458279.7000868,g,-0.744246140783823,1.743962492268658,21.548732138551493,99.0,P48
489,2458279.7000868,g,-0.744246140783823,1.743962492268658,21.548732138551493,99.0,P48
490,2458280.7246991,g,-4.767214245261854,2.575784499318283,21.12530117577893,99.0,P48
491,2458282.7472801004,g,-3.801600827733539,2.8151266081827937,21.02883015993162,99.0,P48
492,2458283.7444792003,g,1.6625867447098075,2.6658727911222733,21.087976433884453,99.0,P48
493,2458284.7389005,g,2.381651573286018,3.1339958889247805,20.912328933061495,99.0,P48
494,2458288.70125,g,2.004849262587355,4.1332370181608376,20.611849213236162,99.0,P48
495,2458294.6841435,g,6.9743086726072905,5.671524652267871,20.26832542876299,99.0,P48
496,2458303.7016088,g,-2.321416089052942,2.486883608028061,21.163436339790927,99.0,P48
497,2458321.6777546,g,-7.023837151551104,7.665902807813317,19.941166717288702,99.0,P48
498,2458336.6800694,g,-5.6600254591930526,4.963361255064222,20.413135273677625,99.0,P48
499,2458422.9866319,g,-1.5302067157393633,7.906158862951283,19.907661147607676,99.0,P48
500,2458423.9656654997,g,1.5413351767070165,6.25873812268274,20.161358038561247,99.0,P48
501,2458423.9656654997,g,1.5413351767070165,6.25873812268274,20.161358038561247,99.0,P48
502,2458425.0075578997,g,-7.381696534096983,4.677057732581135,20.47764316221494,99.0,P48
503,2458426.0275,g,3.002323118189368,3.506673234438195,20.790336742899413,99.0,P48
504,2458426.9659896,g,-2.662589868378108,2.643536019149274,21.097111908651748,99.0,P48
505,2458426.9659896,g,-2.662589868378108,2.643536019149274,21.097111908651748,99.0,P48
506,2458428.0304282,g,0.5119323606249634,3.691588066899729,20.734541905521652,99.0,P48
507,2458429.9920138502,g,-5.820237746151067,1.7701756843587582,21.532534062010754,99.0,P48
508,2458429.9920138502,g,-5.820237746151067,1.7701756843587582,21.532534062010754,99.0,P48
509,2458431.0340393996,g,-2.396317483510997,2.003044911778532,21.398348271543938,99.0,P48
510,2458431.9872569,g,-1.5916707682861608,6.623714462764289,20.099820982978265,99.0,P48
511,2458432.97076965,g,1.3623884952762535,2.492753965438646,21.160876449664755,99.0,P48
512,2458432.97076965,g,1.3623884952762535,2.492753965438646,21.160876449664755,99.0,P48
513,2458435.0269097,g,-1.4490660097527508,4.291287797363789,20.571105884944515,99.0,P48
514,2458438.0152662,g,-7.142496500222907,3.3860809003287273,20.82833166398148,99.0,P48
515,2458438.969919,g,1.4616962656606431,2.390185563533515,21.206495941716106,99.0,P48
516,2458440.9693692503,g,-5.6092767606702045,2.6781050447196666,21.083005970233796,99.0,P48
517,2458440.9693692503,g,-5.6092767606702045,2.6781050447196666,21.083005970233796,99.0,P48
518,2458442.0122917006,g,3.1561150517795813,4.2915723840722055,20.571033884216014,99.0,P48
519,2458443.0130207995,g,0.18613237242066666,6.030823910989855,20.201633369027952,99.0,P48
520,2458451.01212385,g,1.9554721712724505,3.122595224693344,20.916285761113556,99.0,P48
521,2458451.01212385,g,1.9554721712724505,3.122595224693344,20.916285761113556,99.0,P48
522,2458461.9713020497,g,-2.3311406260162135,3.0775540810680275,20.93206075562025,99.0,P48
523,2458461.9713020497,g,-2.3311406260162135,3.0775540810680275,20.93206075562025,99.0,P48
524,2458463.0069212997,g,-16.340357222632914,18.68212076893851,18.974009551131417,99.0,P48
525,2458465.0098379496,g,-0.6816858713425324,1.4053772038702856,21.783092727359524,99.0,P48
526,2458465.0098379496,g,-0.6816858713425324,1.4053772038702856,21.783092727359524,99.0,P48
527,2458467.0147569,g,34.071324226494,34.91942012329184,18.29490743131163,99.0,P48
528,2458467.96899885,g,-4.9016138907034,10.132596376518606,19.63827313106144,99.0,P48
529,2458467.96899885,g,-4.9016138907034,10.132596376518606,19.63827313106144,99.0,P48
530,2458468.9463194,g,1.1437369866240175,2.4055284978926323,21.1995487234526,99.0,P48
531,2458470.0136921,g,-1.559571388091387,1.8594670741077368,21.47910375756354,99.0,P48
532,2458473.0291087995,g,0.4452145646553574,2.4814121089829606,21.165827746159458,99.0,P48
533,2458480.9953008997,g,1.7134528652643883,4.443846825697792,20.533177286924357,99.0,P48
534,2458487.03132525,g,0.44671754122924423,1.8233848342394103,21.50037914342976,99.0,P48
535,2458487.03132525,g,0.44671754122924423,1.8233848342394103,21.50037914342976,99.0,P48
536,2458487.9892708,g,-0.9978834900549655,2.1865942412264454,21.30315448920816,99.0,P48
537,2458491.96703125,g,-0.3186836424598561,2.8806038995758305,21.003866128477263,99.0,P48
538,2458491.96703125,g,-0.3186836424598561,2.8806038995758305,21.003866128477263,99.0,P48
539,2458493.028206,g,0.8898395950644344,2.334296393173581,21.2321849916911,99.0,P48
540,2458494.0296528,g,-2.9257181101393197,2.295262511170963,21.25049408078047,99.0,P48
541,2458495.0186806,g,0.029975640690461963,2.1781578642737096,21.30735160788967,99.0,P48
542,2458502.9778761496,g,4.87148752522211,5.478153061924483,20.305989583010348,99.0,P48
543,2458502.9778761496,g,4.87148752522211,5.478153061924483,20.305989583010348,99.0,P48
544,2458504.0543981004,g,5.015282644098626,6.863204791584746,20.061257594101335,99.0,P48
545,2458505.9903125,g,-11.85708016585385,9.708748797602087,19.684666828218475,99.0,P48
546,2458505.9903125,g,-11.85708016585385,9.708748797602087,19.684666828218475,99.0,P48
547,2458506.9848264,g,1.6416564518702819,8.242778701129728,19.86239088857664,99.0,P48
548,2458507.9784606,g,2.10270777588289,8.003448732886215,19.894382070768316,99.0,P48
549,2458509.05372105,g,0.6108750806293132,4.896528229552449,20.427854332530792,99.0,P48
550,2458509.05372105,g,0.6108750806293132,4.896528229552449,20.427854332530792,99.0,P48
551,2458510.0081944,g,1.0458521980186115,6.0638424878762125,20.1957052099147,99.0,P48
552,2458511.95342015,g,-1.5502344710645526,2.0095093304420297,21.394849921598116,99.0,P48
553,2458511.95342015,g,-1.5502344710645526,2.0095093304420297,21.394849921598116,99.0,P48
554,2458513.8937962996,g,-1.4733536679434411,2.3879687499911926,21.20750339134492,99.0,P48
555,2458514.96997105,g,0.04242329940934759,13.056413208365585,19.36301527379546,99.0,P48
556,2458514.96997105,g,0.04242329940934759,13.056413208365585,19.36301527379546,99.0,P48
557,2458522.94248265,g,-0.929899486342803,1.631589316844889,21.621047856597478,99.0,P48
558,2458522.94248265,g,-0.929899486342803,1.631589316844889,21.621047856597478,99.0,P48
559,2458524.930787,g,-2.4801064300790006,3.283058467928733,20.86187844630804,99.0,P48
560,2458526.9460301,g,0.44168924951553573,2.5954978789134353,21.11702329340516,99.0,P48
561,2458526.9460301,g,0.44168924951553573,2.5954978789134353,21.11702329340516,99.0,P48
562,2458534.7905960497,g,-9.194462376991211,9.77501504537712,19.677281402859954,99.0,P48
563,2458534.7905960497,g,-9.194462376991211,9.77501504537712,19.677281402859954,99.0,P48
564,2458538.8036053004,g,-6.5072401945364975,5.466715894941781,20.308258728642315,99.0,P48
565,2458538.8036053004,g,-6.5072401945364975,5.466715894941781,20.308258728642315,99.0,P48
566,2458539.7796296002,g,1.90183510752229,5.755114059244207,20.252440151083178,99.0,P48
567,2458540.8622569,g,4.554275850824856,1.8968080901674793,21.457516505899004,99.0,P48
568,2458543.8077314505,g,0.8224968463019867,2.805884785706516,21.032400403647188,99.0,P48
569,2458543.8077314505,g,0.8224968463019867,2.805884785706516,21.032400403647188,99.0,P48
570,2458546.7757639,g,-0.4109668116959427,3.039455222451904,20.945585614911685,99.0,P48
571,2458547.8198148,g,0.6259954538784153,2.4719717840629163,21.169966216014156,99.0,P48
572,2458558.8807755,g,0.24325715568903528,6.096972124512035,20.189789465603134,99.0,P48
573,2458561.8004630003,g,-7.153606804938939,11.154833558321302,19.533917252798993,99.0,P48
574,2458562.8230555505,g,42.95757317733032,17.86485010602616,19.02257654758134,99.0,P48
575,2458562.8230555505,g,42.95757317733032,17.86485010602616,19.02257654758134,99.0,P48
576,2458567.7659838,g,-0.5565420847861205,1.6106617527791642,21.635064124339735,99.0,P48
577,2458567.7659838,g,-0.5565420847861205,1.6106617527791642,21.635064124339735,99.0,P48
578,2458568.7476157,g,70.56028121101946,2.806347159393185,19.278664864869977,0.043172869909786596,P48
579,2458572.7692823997,g,84.27345734207155,3.2206481185400166,19.085838593935062,0.041484159341946034,P48
580,2458572.7692823997,g,84.27345734207155,3.2206481185400166,19.085838593935062,0.041484159341946034,P48
581,2458573.8033102,g,67.40798228485014,3.3587952666618586,19.328287303162085,0.054088138205271204,P48
582,2458574.8396991002,g,69.85532268042098,6.977674056428889,19.289566864493665,0.10842788920902759,P48
583,2458575.8112268504,g,56.31500358743451,1.713774614870633,19.523505331994315,0.03303386710352903,P48
584,2458575.8112268504,g,56.31500358743451,1.713774614870633,19.523505331994315,0.03303386710352903,P48
585,2458580.7673958,g,26.955623249870964,1.6309601501932307,20.323442177914867,0.06567858686195381,P48
586,2458580.7673958,g,26.955623249870964,1.6309601501932307,20.323442177914867,0.06567858686195381,P48
587,2458581.7262153,g,27.062331986313414,2.3340615153203865,20.319152578698535,0.09362178308069098,P48
588,2458582.8282986,g,18.09567365588304,2.1145138496117304,20.75612873372323,0.12684273751849587,P48
589,2458584.7674537003,g,15.626678200830172,3.069353675301699,20.91539895016631,0.21321123860879096,P48
590,2458585.7610532003,g,11.12116472235347,2.9332517585023896,21.28468993878895,0.286304974644826,P48
591,2458586.6795602003,g,8.412683622781772,4.197923300133359,20.594988740748114,99.0,P48
592,2458587.7436806,g,5.898600744677203,5.877936973054019,20.229512676704147,99.0,P48
593,2458588.7963657,g,12.118381147756812,9.033569646047594,19.762926496199633,99.0,P48
594,2458589.6559953503,g,5.010590005373648,11.328390119532072,19.517154497793705,99.0,P48
595,2458589.6559953503,g,5.010590005373648,11.328390119532072,19.517154497793705,99.0,P48
596,2458591.7185994997,g,10.879091459476426,7.8085266777680165,19.921152243159405,99.0,P48
597,2458592.66387155,g,3.658616520889541,6.116875681797388,20.186250853984614,99.0,P48
598,2458592.66387155,g,3.658616520889541,6.116875681797388,20.186250853984614,99.0,P48
599,2458594.7189931,g,1.3105233871391695,5.197704767667178,20.36304596987693,99.0,P48
600,2458596.72131945,g,3.223616737184356,1.6384385304391702,21.61649960783901,99.0,P48
601,2458596.72131945,g,3.223616737184356,1.6384385304391702,21.61649960783901,99.0,P48
602,2458597.7776157,g,3.2707470815022,2.5996462804982747,21.11528933930817,99.0,P48
603,2458598.7386573995,g,4.365497228209488,2.0869746713455166,21.353782043498747,99.0,P48
604,2458599.7565625003,g,2.4782098849884844,1.1223876855597463,22.027217756357032,99.0,P48
605,2458599.7565625003,g,2.4782098849884844,1.1223876855597463,22.027217756357032,99.0,P48
606,2458600.7292823996,g,4.364848329565434,2.4104831741030033,21.197314728350953,99.0,P48
607,2458601.7447454,g,0.9618559902337694,1.8389372354894087,21.491157722543523,99.0,P48
608,2458602.7188194497,g,4.929646443637271,5.247793741519463,20.352633096011658,99.0,P48
609,2458602.7188194497,g,4.929646443637271,5.247793741519463,20.352633096011658,99.0,P48
610,2458606.8911574,g,1.148834318059755,1.9623532870478513,21.420631996326705,99.0,P48
611,2458606.8911574,g,1.148834318059755,1.9623532870478513,21.420631996326705,99.0,P48
612,2458608.7802431,g,3.1136850761477737,2.5581672227887355,21.132752663861325,99.0,P48
613,2458609.71752315,g,3.6614059968662827,1.6455074175466973,21.611825378338544,99.0,P48
614,2458609.71752315,g,3.6614059968662827,1.6455074175466973,21.611825378338544,99.0,P48
615,2458612.7601215504,g,-0.22116268859824353,1.3443091128299032,21.83132713254262,99.0,P48
616,2458612.7601215504,g,-0.22116268859824353,1.3443091128299032,21.83132713254262,99.0,P48
617,2458617.7077662004,g,-1.6956736676072068,5.305958782744906,20.340665309126337,99.0,P48
618,2458619.73721065,g,4.578441270122279,6.722401456518321,20.08376387757947,99.0,P48
619,2458619.73721065,g,4.578441270122279,6.722401456518321,20.08376387757947,99.0,P48
620,2458628.7005324,g,2.767978701725337,1.6506385888881543,21.608445004418428,99.0,P48
621,2458628.7005324,g,2.767978701725337,1.6506385888881543,21.608445004418428,99.0,P48
622,2458633.73774305,g,-0.55054407024137,1.7529847222341701,21.5431296613874,99.0,P48
623,2458633.73774305,g,-0.55054407024137,1.7529847222341701,21.5431296613874,99.0,P48
624,2458634.6971064997,g,-2.524571535455032,2.1505724832804085,21.321189777470344,99.0,P48
625,2458635.7012037,g,0.19859093849950846,1.9294443354627993,21.43899435496742,99.0,P48
626,2458636.74039355,g,-1.108813882138636,1.5918000961533194,21.647853672660695,99.0,P48
627,2458636.74039355,g,-1.108813882138636,1.5918000961533194,21.647853672660695,99.0,P48
628,2458637.7406713,g,3.2393905411799104,2.5883115528196536,21.120033612175682,99.0,P48
629,2458638.7016319,g,-0.5807576879433906,2.1609960032002835,21.315940080037997,99.0,P48
630,2458639.7207176,g,1.3992622746697716,2.336967409290627,21.230943349454456,99.0,P48
631,2458642.6730207996,g,1.6463598515225792,3.904268445809841,20.673725812135785,99.0,P48
632,2458645.7078356002,g,-4.07476096467243,4.519249246703707,20.51490925340056,99.0,P48
633,2458648.6809491003,g,-11.89600436966055,6.772782116515032,20.075657228210375,99.0,P48
634,2458651.6949883997,g,5.042928012637145,8.036004003682825,19.889974628035837,99.0,P48
635,2458654.7663426003,g,13.332966544037774,7.010408866991432,20.038216619171997,99.0,P48
636,2458658.6982986,g,-0.7824589346995957,2.325922274112704,21.236086994872736,99.0,P48
637,2458661.7230671,g,-3.1621196998544483,3.413150257065711,20.81968647006158,99.0,P48
638,2458667.704213,g,-0.7258548221314692,3.1348592657219627,20.912029867465037,99.0,P48
639,2458670.7021644,g,-0.04306902053583721,4.953957809786216,20.415194230131625,99.0,P48
640,2458673.6836574,g,5.818373477137131,3.668732781051653,20.74128478849797,99.0,P48
641,2458676.6837383998,g,6.65802088613494,7.114843125207526,20.02216166718432,99.0,P48
642,2458677.6774073998,g,-5.852641324215833,6.098361801157287,20.189542023054635,99.0,P48
643,2458679.6826505,g,6.414302555189512,7.415758454398571,19.977186050271875,99.0,P48
644,2458683.693831,g,3.0524958725754425,5.408366270508067,20.319909750079475,99.0,P48
645,2458686.6755555505,g,0.5951827712910618,3.528986078326902,20.78345012642646,99.0,P48
646,2458686.6755555505,g,0.5951827712910618,3.528986078326902,20.78345012642646,99.0,P48
647,2458692.7040741,g,-4.862826796690833,5.573718410782029,20.287212429191193,99.0,P48
648,2458780.0157292006,g,9.817420806315834,5.1833132790733565,20.366056343261597,99.0,P48
649,2458790.0104861,g,2.2700634633430625,3.2453980453114553,20.874405063529487,99.0,P48
650,2458793.032338,g,2.5451768722681978,3.4584382541729806,20.80537492332975,99.0,P48
651,2458803.0507176,g,-1.9290125103515958,6.577486708043989,20.107425041347312,99.0,P48
652,2458806.0317824,g,-4.533650405401067,5.047962746683429,20.3947846361339,99.0,P48
653,2458815.0093056,g,-6.97445431604954,4.601720886580985,20.495274305726156,99.0,P48
654,2458829.0604861,g,2.0741927440061336,4.779324968996329,20.45415858598851,99.0,P48
655,2458834.0603125,g,-16.117001317600362,9.934245997533461,19.65973771405247,99.0,P48
656,2458837.06542825,g,-3.7653882839479484,2.6421948565655042,21.097662882145915,99.0,P48
657,2458837.06542825,g,-3.7653882839479484,2.6421948565655042,21.097662882145915,99.0,P48
658,2458838.0086111,g,7.147300824686127,4.486801231180072,20.52273291322885,99.0,P48
659,2458850.0110648,g,-1.1149122820038386,2.1502301639800008,21.321362614258874,99.0,P48
660,2458852.0387153,g,0.017278305515984003,4.383455442967566,20.548033498190286,99.0,P48
661,2458853.0393403,g,-0.5732481685390007,1.8980665866098076,21.45679637924531,99.0,P48
662,2458855.0280092997,g,3.830678651156844,6.253812107335382,20.162212916805224,99.0,P48
663,2458855.9770370335,g,-2.1626078326737823,1.8906905606375066,21.461023849231765,99.0,P48
664,2458855.9770370335,g,-2.1626078326737823,1.8906905606375066,21.461023849231765,99.0,P48
665,2458855.9770370335,g,-2.1626078326737823,1.8906905606375066,21.461023849231765,99.0,P48
666,2458860.03096065,g,0.8299737151959347,5.1275333965851555,20.377803744932706,99.0,P48
667,2458860.03096065,g,0.8299737151959347,5.1275333965851555,20.377803744932706,99.0,P48
668,2458861.9600926004,g,4.466996306689022,6.9242705817049215,20.051639912697887,99.0,P48
669,2458861.9600926004,g,4.466996306689022,6.9242705817049215,20.051639912697887,99.0,P48
670,2458862.950524733,g,2.938527851542997,3.8389781138055246,20.69203589868188,99.0,P48
671,2458862.950524733,g,2.938527851542997,3.8389781138055246,20.69203589868188,99.0,P48
672,2458862.950524733,g,2.938527851542997,3.8389781138055246,20.69203589868188,99.0,P48
673,2458863.9395486005,g,-0.9026918227795913,3.3625224610189326,20.8359120040955,99.0,P48
674,2458863.9395486005,g,-0.9026918227795913,3.3625224610189326,20.8359120040955,99.0,P48
675,2458864.94056715,g,-0.20906509976282342,2.366218337310527,21.21743795001698,99.0,P48
676,2458864.94056715,g,-0.20906509976282342,2.366218337310527,21.21743795001698,99.0,P48
677,2458866.9554976667,g,-0.6466198590606281,1.6655797470598501,21.598661410883608,99.0,P48
678,2458866.9554976667,g,-0.6466198590606281,1.6655797470598501,21.598661410883608,99.0,P48
679,2458866.9554976667,g,-0.6466198590606281,1.6655797470598501,21.598661410883608,99.0,P48
680,2458867.91971065,g,-1.333856444026959,1.9275813893158975,21.440043177755147,99.0,P48
681,2458867.91971065,g,-1.333856444026959,1.9275813893158975,21.440043177755147,99.0,P48
682,2458871.9317322667,g,1.1487371156266735,1.6126974696681882,21.63369272781184,99.0,P48
683,2458871.9317322667,g,1.1487371156266735,1.6126974696681882,21.63369272781184,99.0,P48
684,2458871.9317322667,g,1.1487371156266735,1.6126974696681882,21.63369272781184,99.0,P48
685,2458873.8990914,g,-1.2364890228775622,1.4815310237976047,21.725798113671352,99.0,P48
686,2458873.8990914,g,-1.2364890228775622,1.4815310237976047,21.725798113671352,99.0,P48
687,2458874.8825231004,g,6.090872263849815,3.631729758703721,20.752291177443624,99.0,P48
688,2458875.9424922667,g,0.008224939103789363,1.507161042673315,21.707175839448958,99.0,P48
689,2458875.9424922667,g,0.008224939103789363,1.507161042673315,21.707175839448958,99.0,P48
690,2458875.9424922667,g,0.008224939103789363,1.507161042673315,21.707175839448958,99.0,P48
691,2458876.8783043995,g,-0.482980822532371,1.6398471071598344,21.61556659405926,99.0,P48
692,2458876.8783043995,g,-0.482980822532371,1.6398471071598344,21.61556659405926,99.0,P48
693,2458877.8702777997,g,-0.4718437611716737,2.4904730113844162,21.16187038976924,99.0,P48
694,2458877.8702777997,g,-0.4718437611716737,2.4904730113844162,21.16187038976924,99.0,P48
695,2458878.9224421005,g,-0.2198076396656992,1.917980242680062,21.445464666300687,99.0,P48
696,2458878.9224421005,g,-0.2198076396656992,1.917980242680062,21.445464666300687,99.0,P48
697,2458878.9224421005,g,-0.2198076396656992,1.917980242680062,21.445464666300687,99.0,P48
698,2458879.7112847,g,-3.95324386260233,8.437191888118567,19.83708017307578,99.0,P48
699,2458880.95996525,g,1.0666679105855432,1.7441875249930714,21.548592049291983,99.0,P48
700,2458880.95996525,g,1.0666679105855432,1.7441875249930714,21.548592049291983,99.0,P48
701,2458881.9669598667,g,2.117856097431752,1.3427704468969028,21.832570553480437,99.0,P48
702,2458881.9669598667,g,2.117856097431752,1.3427704468969028,21.832570553480437,99.0,P48
703,2458881.9669598667,g,2.117856097431752,1.3427704468969028,21.832570553480437,99.0,P48
704,2458883.9223611,g,-1.1602913493965075,2.6208074194496382,21.106487215258866,99.0,P48
705,2458883.9223611,g,-1.1602913493965075,2.6208074194496382,21.106487215258866,99.0,P48
706,2458884.8530787,g,0.7374846139792349,2.8560769763327047,21.013150218491678,99.0,P48
707,2458884.8530787,g,0.7374846139792349,2.8560769763327047,21.013150218491678,99.0,P48
708,2458884.8530787,g,0.7374846139792349,2.8560769763327047,21.013150218491678,99.0,P48
709,2458885.8681308003,g,6.521404044065995,5.188338040835026,20.365004328298216,99.0,P48
710,2458885.8681308003,g,6.521404044065995,5.188338040835026,20.365004328298216,99.0,P48
711,2458886.9387731496,g,2.077839435390902,4.356664671195298,20.55468965430446,99.0,P48
712,2458886.9387731496,g,2.077839435390902,4.356664671195298,20.55468965430446,99.0,P48
713,2458887.7566377,g,6.629047731139527,7.017967501523082,20.037046607226472,99.0,P48
714,2458887.7566377,g,6.629047731139527,7.017967501523082,20.037046607226472,99.0,P48
715,2458888.8001890667,g,-11.738022555078803,7.296871390386256,19.994733259795858,99.0,P48
716,2458888.8001890667,g,-11.738022555078803,7.296871390386256,19.994733259795858,99.0,P48
717,2458888.8001890667,g,-11.738022555078803,7.296871390386256,19.994733259795858,99.0,P48
718,2458890.9062384497,g,5.6627215294001205,7.659483328022919,19.942076301160853,99.0,P48
719,2458890.9062384497,g,5.6627215294001205,7.659483328022919,19.942076301160853,99.0,P48
720,2458891.9368171,g,1.984133167113939,3.6536909304234935,20.745745471307117,99.0,P48
721,2458891.9368171,g,1.984133167113939,3.6536909304234935,20.745745471307117,99.0,P48
722,2458891.9368171,g,1.984133167113939,3.6536909304234935,20.745745471307117,99.0,P48
723,2458892.85785875,g,-0.35576904369881435,3.6869409357353646,20.73590953834352,99.0,P48
724,2458892.85785875,g,-0.35576904369881435,3.6869409357353646,20.73590953834352,99.0,P48
725,2458893.7337499997,g,-0.31318895714636097,2.037266753601496,21.379955244307645,99.0,P48
726,2458893.7337499997,g,-0.31318895714636097,2.037266753601496,21.379955244307645,99.0,P48
727,2458894.8521990664,g,-0.8794533713097589,1.5777680647070287,21.65746708579959,99.0,P48
728,2458894.8521990664,g,-0.8794533713097589,1.5777680647070287,21.65746708579959,99.0,P48
729,2458894.8521990664,g,-0.8794533713097589,1.5777680647070287,21.65746708579959,99.0,P48
730,2458895.72798035,g,-0.5489867595077336,2.093293797194928,21.350499522773234,99.0,P48
731,2458895.72798035,g,-0.5489867595077336,2.093293797194928,21.350499522773234,99.0,P48
732,2458898.9053241,g,-0.8339880168786707,0.90499165191035,22.260963556467363,99.0,P48
733,2458898.9053241,g,-0.8339880168786707,0.90499165191035,22.260963556467363,99.0,P48
734,2458898.9053241,g,-0.8339880168786707,0.90499165191035,22.260963556467363,99.0,P48
735,2458898.9053241,g,-0.8339880168786707,0.90499165191035,22.260963556467363,99.0,P48
736,2458899.889542825,g,1.2615172711609801,1.0902044671857467,22.0588050960449,99.0,P48
737,2458899.889542825,g,1.2615172711609801,1.0902044671857467,22.0588050960449,99.0,P48
738,2458899.889542825,g,1.2615172711609801,1.0902044671857467,22.0588050960449,99.0,P48
739,2458899.889542825,g,1.2615172711609801,1.0902044671857467,22.0588050960449,99.0,P48
740,2458900.83912325,g,-0.332431858040524,1.219455834292694,21.93715979953294,99.0,P48
741,2458900.83912325,g,-0.332431858040524,1.219455834292694,21.93715979953294,99.0,P48
742,2458900.83912325,g,-0.332431858040524,1.219455834292694,21.93715979953294,99.0,P48
743,2458900.83912325,g,-0.332431858040524,1.219455834292694,21.93715979953294,99.0,P48
744,2458903.832910875,g,-0.1657054337608501,1.1040355292330293,22.045117364776715,99.0,P48
745,2458903.832910875,g,-0.1657054337608501,1.1040355292330293,22.045117364776715,99.0,P48
746,2458903.832910875,g,-0.1657054337608501,1.1040355292330293,22.045117364776715,99.0,P48
747,2458903.832910875,g,-0.1657054337608501,1.1040355292330293,22.045117364776715,99.0,P48
748,2458904.7961573997,g,1.4617402897484084,1.3808776894252737,21.802186957014783,99.0,P48
749,2458904.7961573997,g,1.4617402897484084,1.3808776894252737,21.802186957014783,99.0,P48
750,2458904.7961573997,g,1.4617402897484084,1.3808776894252737,21.802186957014783,99.0,P48
751,2458905.7968325666,g,-1.854986454532898,2.2805310214639753,21.257485028632935,99.0,P48
752,2458905.7968325666,g,-1.854986454532898,2.2805310214639753,21.257485028632935,99.0,P48
753,2458905.7968325666,g,-1.854986454532898,2.2805310214639753,21.257485028632935,99.0,P48
754,2458906.8082716,g,-2.4121842710413226,1.5901781109993691,21.648960561547483,99.0,P48
755,2458906.8082716,g,-2.4121842710413226,1.5901781109993691,21.648960561547483,99.0,P48
756,2458906.8082716,g,-2.4121842710413226,1.5901781109993691,21.648960561547483,99.0,P48
757,2458908.8261111,g,1.599457663231422,1.5700621003713864,21.662782913367373,99.0,P48
758,2458908.8261111,g,1.599457663231422,1.5700621003713864,21.662782913367373,99.0,P48
759,2458909.7524074335,g,-2.426464551603149,3.2009335321045875,20.889383349051037,99.0,P48
760,2458909.7524074335,g,-2.426464551603149,3.2009335321045875,20.889383349051037,99.0,P48
761,2458909.7524074335,g,-2.426464551603149,3.2009335321045875,20.889383349051037,99.0,P48
762,2458911.8822184,g,-3.4162694491447247,2.2086043683150822,21.29228017214546,99.0,P48
763,2458911.8822184,g,-3.4162694491447247,2.2086043683150822,21.29228017214546,99.0,P48
764,2458911.8822184,g,-3.4162694491447247,2.2086043683150822,21.29228017214546,99.0,P48
765,2458912.7718055327,g,1.8740496455958167,2.2214543828105886,21.285981490397845,99.0,P48
766,2458912.7718055327,g,1.8740496455958167,2.2214543828105886,21.285981490397845,99.0,P48
767,2458912.7718055327,g,1.8740496455958167,2.2214543828105886,21.285981490397845,99.0,P48
768,2458913.8000887334,g,1.81784732254855,2.5101949756613426,21.15330634923707,99.0,P48
769,2458913.8000887334,g,1.81784732254855,2.5101949756613426,21.15330634923707,99.0,P48
770,2458913.8000887334,g,1.81784732254855,2.5101949756613426,21.15330634923707,99.0,P48
771,2458914.7351890667,g,-0.40450230962043504,9.351105825101262,19.72541755948084,99.0,P48
772,2458914.7351890667,g,-0.40450230962043504,9.351105825101262,19.72541755948084,99.0,P48
773,2458914.7351890667,g,-0.40450230962043504,9.351105825101262,19.72541755948084,99.0,P48
774,2458915.7353009335,g,-5.56175485221252,4.495574891109811,20.520611896888916,99.0,P48
775,2458915.7353009335,g,-5.56175485221252,4.495574891109811,20.520611896888916,99.0,P48
776,2458915.7353009335,g,-5.56175485221252,4.495574891109811,20.520611896888916,99.0,P48
777,2458936.773526233,g,-1.0496674545192652,1.2172619614966613,21.93911486201167,99.0,P48
778,2458936.773526233,g,-1.0496674545192652,1.2172619614966613,21.93911486201167,99.0,P48
779,2458936.773526233,g,-1.0496674545192652,1.2172619614966613,21.93911486201167,99.0,P48
780,2458939.8232677337,g,-0.2555284562198492,2.443612372506697,21.182494200692766,99.0,P48
781,2458939.8232677337,g,-0.2555284562198492,2.443612372506697,21.182494200692766,99.0,P48
782,2458939.8232677337,g,-0.2555284562198492,2.443612372506697,21.182494200692766,99.0,P48
783,2458940.8484838,g,9.670296066712742,55.35430309902452,17.794696520544,99.0,P48
784,2458941.7513715504,g,0.05721214364854967,2.861568276692071,21.011064707698104,99.0,P48
785,2458941.7513715504,g,0.05721214364854967,2.861568276692071,21.011064707698104,99.0,P48
786,2458954.7985609337,g,-0.38681272003172357,1.3902320072436718,21.794856781586482,99.0,P48
787,2458954.7985609337,g,-0.38681272003172357,1.3902320072436718,21.794856781586482,99.0,P48
788,2458954.7985609337,g,-0.38681272003172357,1.3902320072436718,21.794856781586482,99.0,P48
789,2458955.8149710502,g,2.6828577706213235,1.8020790785724528,21.513140377388474,99.0,P48
790,2458955.8149710502,g,2.6828577706213235,1.8020790785724528,21.513140377388474,99.0,P48
791,2458962.7407639,g,-1.3178132618405884,2.267328699160379,21.26378877609165,99.0,P48
792,2458965.7389815,g,-0.04885567322358898,2.0268069812292873,21.385544010346084,99.0,P48
793,2458968.7709085504,g,1.5803410441928472,1.7832543656330961,21.52454174940482,99.0,P48
794,2458968.7709085504,g,1.5803410441928472,1.7832543656330961,21.52454174940482,99.0,P48
795,2458969.7360301004,g,0.3027755458495934,4.936751066034691,20.418971917603514,99.0,P48
796,2458971.76029515,g,-5.528434625450104,3.4776854228917435,20.799349251779493,99.0,P48
797,2458971.76029515,g,-5.528434625450104,3.4776854228917435,20.799349251779493,99.0,P48
798,2458972.7345486,g,-4.458845176326691,5.359340052020913,20.329796704019255,99.0,P48
799,2458973.7269792003,g,0.5560551678208658,6.331848854128707,20.148748640693523,99.0,P48
800,2458974.69385995,g,-0.24028390370053393,4.630872106262394,20.488418021727853,99.0,P48
801,2458974.69385995,g,-0.24028390370053393,4.630872106262394,20.488418021727853,99.0,P48
802,2458975.7264119997,g,0.3573330824043339,6.984860942817073,20.042180578055337,99.0,P48
803,2458976.6955092996,g,-4.188443295464047,6.528535280001633,20.115535600737324,99.0,P48
804,2458978.672338,g,3.135267115241467,2.264541196966421,21.265124424512223,99.0,P48
805,2458979.7253935,g,-0.7489722023629405,2.2695601068634588,21.262720766523977,99.0,P48
806,2458980.6983102,g,0.609585000903961,1.2230302390824577,21.933982001711726,99.0,P48
807,2458980.6983102,g,0.609585000903961,1.2230302390824577,21.933982001711726,99.0,P48
808,2458981.7079977,g,-2.0735970123808394,2.7314561544403095,21.061589405220765,99.0,P48
809,2458985.6868807497,g,2.5356019784007153,1.420160683376131,21.771731276167795,99.0,P48
810,2458985.6868807497,g,2.5356019784007153,1.420160683376131,21.771731276167795,99.0,P48
811,2458986.6962847,g,2.4132980292157606,2.402591425039799,21.200875182351332,99.0,P48
812,2458987.717419,g,-1.5051394989817368,2.1298507389579973,21.331702066852166,99.0,P48
813,2458991.68285305,g,-1.418993313130227,1.4385913197087918,21.757731400433123,99.0,P48
814,2458991.68285305,g,-1.418993313130227,1.4385913197087918,21.757731400433123,99.0,P48
815,2458992.6979398,g,0.8886201535652658,2.2760841265765435,21.259604214104606,99.0,P48
816,2458995.7052546,g,-0.27246952007354147,2.478051747798256,21.167299060988235,99.0,P48
817,2458996.7066435004,g,0.3203867358572397,2.552142220131179,21.135312808847885,99.0,P48
818,2458998.697419,g,3.2653509919169226,3.0290981695160504,20.94929161782168,99.0,P48
819,2458999.7339236,g,-2.882974061373839,6.380238221006355,20.140482753118377,99.0,P48
820,2459000.7358449,g,-4.308392275148494,3.6668237643137056,20.741849895895577,99.0,P48
821,2459000.7358449,g,-4.308392275148494,3.6668237643137056,20.741849895895577,99.0,P48
822,2459001.6726736,g,-3.373422144387178,5.310230652035609,20.339791526036887,99.0,P48
823,2459009.7375694,g,-1.170927142975236,4.5203704525460235,20.514639920436842,99.0,P48
824,2459013.7272106004,g,0.7500814638370772,3.0654011323543586,20.936356705425865,99.0,P48
825,2459017.7206944,g,-1.4325258627338375,2.667636136395625,21.087258509568382,99.0,P48
826,2459020.7038889,g,3.4162221515677844,2.2929685535167073,21.25157974235671,99.0,P48
827,2459023.7238542004,g,-3.448177475652031,2.7836099859828654,21.041054024601905,99.0,P48
828,2459026.7205323996,g,-2.6725298762097505,4.41382741294444,20.540536620126705,99.0,P48
829,2459029.7434491003,g,8.846742991136384,9.21855036016201,19.740918407805857,99.0,P48
830,2459032.7013079,g,7.065718015710334,6.526612701068008,20.115855384714166,99.0,P48
831,2459036.7270255,g,-1.0512209903186176,8.442129165565346,19.836445007595756,99.0,P48
832,2459039.6791898,g,0.7508328701405006,3.2641342796909587,20.868154948108824,99.0,P48
833,2459043.7034375,g,0.9680560040803268,4.000859138982731,20.6471918363057,99.0,P48
834,2459055.6746064997,g,-4.4345353673883245,5.802553763314065,20.24352705645103,99.0,P48
835,2459145.0099537005,g,2.764058999574306,2.903417825169773,20.9953011421675,99.0,P48
836,2459151.0146181,g,-0.7657246082734003,3.1356698059356494,20.911749178913798,99.0,P48
837,2458214.8812731,i,42.92575763674874,48.81709132121505,17.93114524117326,99.0,P48
838,2458232.8076157,i,-6.200642405704967,6.046795188772014,20.198761842034266,99.0,P48
839,2458243.8472106005,i,-4.706220254621677,7.376695405587295,19.982920361205245,99.0,P48
840,2458247.6646528,i,0.7472630421114842,5.41625591240212,20.318327048860148,99.0,P48
841,2458257.67599535,i,-1.3754410457644621,4.722580684934995,20.467126522795603,99.0,P48
842,2458257.67599535,i,-1.3754410457644621,4.722580684934995,20.467126522795603,99.0,P48
843,2458261.7011806,i,5.451703980616692,11.358182952287416,19.514302839620598,99.0,P48
844,2458263.8271991,i,-5.095331576510223,10.42605999740127,19.60727443972894,99.0,P48
845,2458267.7378356005,i,-4.892194261116435,8.476992006844757,19.831970555032413,99.0,P48
846,2458277.6853819,i,11.096287844937684,6.5167846546764725,20.117491563926947,99.0,P48
847,2458283.6775116003,i,6.047699197589094,7.792610960597264,19.923367501655576,99.0,P48
848,2458288.6821296,i,1.598114567331174,7.671401259737963,19.94038824037331,99.0,P48
849,2458292.6823380003,i,-0.047325803314742045,8.32149446851356,19.85207166707966,99.0,P48
850,2458538.8857407,i,22.84988649077153,22.080849206827242,18.792535559412542,99.0,P48
851,2458543.8221991,i,-2.856936433515696,10.989113495371948,19.550168342176995,99.0,P48
852,2458547.9304051003,i,-0.5044711720561317,8.14266281154386,19.875658861688436,99.0,P48
853,2458558.8106481005,i,-11.717669605933851,9.08184306106621,19.757140007167273,99.0,P48
854,2458561.94875,i,33.600429899370425,20.731124327014555,18.86101784876163,99.0,P48
855,2458567.8481366,i,-11.276367794574595,8.740345691488967,19.798753464514135,99.0,P48
856,2458572.7439005002,i,70.95663006503388,7.905463384650235,19.27258316874171,0.1209383886491331,P48
857,2458581.7858217997,i,38.27589167511967,4.953636527046302,19.942752330252734,0.14048457696947825,P48
858,2458582.8112268997,i,34.2869472995726,5.3862608318369976,20.062243572513832,0.1705251296324051,P48
859,2458585.7385994997,i,25.93556374517198,6.0922727592317765,20.365326391231065,0.25498431979822156,P48
860,2458591.7803125,i,-11.099959407391877,31.43184274800664,18.409150381522863,99.0,P48
861,2458596.8385995,i,9.670363915245154,7.049190574089491,20.032226859584974,99.0,P48
862,2458607.7647685003,i,7.453174098516984,5.38607551175206,20.32439389454988,99.0,P48
863,2458612.6609722,i,-8.116179043057134,5.633159538265596,20.2756948612015,99.0,P48
864,2458616.7014236,i,13.138403187566402,7.744896886291748,19.930035889058303,99.0,P48
865,2458628.6802546,i,-6.989664644419845,5.47299734845137,20.307011894819233,99.0,P48
866,2458639.6952546,i,-1.27316604383929,4.874643266464445,20.43271789193242,99.0,P48
867,2458643.7234259,i,-7.30129862013516,6.529075260774899,20.11544580227475,99.0,P48
868,2458648.7853472,i,16.039116133634536,12.87204022358977,19.378456518631133,99.0,P48
869,2458652.7474653,i,-4.3044467667292,9.635158225263256,19.69292786194736,99.0,P48
870,2458827.97756365,i,-5.592963652672806,2.5951648246812504,21.117162623991327,99.0,P48
871,2458827.97756365,i,-5.592963652672806,2.5951648246812504,21.117162623991327,99.0,P48
872,2458827.97756365,i,-5.592963652672806,2.5951648246812504,21.117162623991327,99.0,P48
873,2458827.97756365,i,-5.592963652672806,2.5951648246812504,21.117162623991327,99.0,P48
874,2458830.9994502002,i,-4.250137393260391,2.7305266718408157,21.06195893143562,99.0,P48
875,2458830.9994502002,i,-4.250137393260391,2.7305266718408157,21.06195893143562,99.0,P48
876,2458832.0092824,i,-2.5107838213225087,5.2838898092719635,20.345190608611134,99.0,P48
877,2458838.0346412,i,0.5867919860517246,4.822918495789443,20.444300182441495,99.0,P48
878,2458839.0348843,i,-10.85932748515667,19.385784936555442,18.93386651310996,99.0,P48
879,2458847.0312153,i,-1.4210641325696516,2.697545534492267,21.075153028421497,99.0,P48
880,2458855.89078125,i,3.072289075106501,4.923754734390651,20.42183396063689,99.0,P48
881,2458855.89078125,i,3.072289075106501,4.923754734390651,20.42183396063689,99.0,P48
882,2458859.8938715,i,1.2523258822997319,6.4133610089519255,20.13486077140999,99.0,P48
883,2458859.8938715,i,1.2523258822997319,6.4133610089519255,20.13486077140999,99.0,P48
884,2458861.9013542,i,-1.1843075658867135,5.141452031915107,20.374860518329072,99.0,P48
885,2458861.9013542,i,-1.1843075658867135,5.141452031915107,20.374860518329072,99.0,P48
886,2458863.02484375,i,1.0420360562184365,2.798001271219319,21.03545522048647,99.0,P48
887,2458863.02484375,i,1.0420360562184365,2.798001271219319,21.03545522048647,99.0,P48
888,2458864.0165566998,i,-1.2755101700596574,2.2963001829324265,21.250003338131695,99.0,P48
889,2458864.0165566998,i,-1.2755101700596574,2.2963001829324265,21.250003338131695,99.0,P48
890,2458864.87355325,i,-2.4775385491595356,2.4170862733431586,21.194344609139804,99.0,P48
891,2458864.87355325,i,-2.4775385491595356,2.4170862733431586,21.194344609139804,99.0,P48
892,2458866.9412847,i,1.5228514716352057,2.333222747246458,21.232684484565006,99.0,P48
893,2458866.9412847,i,1.5228514716352057,2.333222747246458,21.232684484565006,99.0,P48
894,2458868.0228645997,i,1.1415823637809241,2.4416774187375627,21.183354272279637,99.0,P48
895,2458868.0228645997,i,1.1415823637809241,2.4416774187375627,21.183354272279637,99.0,P48
896,2458871.8575173505,i,-1.4973102671672047,3.3619237647459927,20.83610533636379,99.0,P48
897,2458871.8575173505,i,-1.4973102671672047,3.3619237647459927,20.83610533636379,99.0,P48
898,2458873.0080670994,i,-1.9109434090979327,2.3033268208649806,21.246686077349665,99.0,P48
899,2458873.0080670994,i,-1.9109434090979327,2.3033268208649806,21.246686077349665,99.0,P48
900,2458873.9417650504,i,-2.7390987246454985,2.1882124853789637,21.302351259966525,99.0,P48
901,2458873.9417650504,i,-2.7390987246454985,2.1882124853789637,21.302351259966525,99.0,P48
902,2458875.86204285,i,1.8378103123458076,2.4959188111855912,21.159498853568643,99.0,P48
903,2458875.86204285,i,1.8378103123458076,2.4959188111855912,21.159498853568643,99.0,P48
904,2458876.92126735,i,-2.413426693203758,1.7068123268716167,21.572110562302925,99.0,P48
905,2458876.92126735,i,-2.413426693203758,1.7068123268716167,21.572110562302925,99.0,P48
906,2458877.92297455,i,0.7689289115212748,2.365677446180482,21.21768616557884,99.0,P48
907,2458877.92297455,i,0.7689289115212748,2.365677446180482,21.21768616557884,99.0,P48
908,2458878.9221933,i,1.2765143809420592,3.0488268830744554,20.942243076213025,99.0,P48
909,2458878.9221933,i,1.2765143809420592,3.0488268830744554,20.942243076213025,99.0,P48
910,2458879.8985359,i,-2.448926938630269,3.8991242527897403,20.67515730165092,99.0,P48
911,2458879.8985359,i,-2.448926938630269,3.8991242527897403,20.67515730165092,99.0,P48
912,2458880.8754282,i,2.2311541148424174,1.8624876313449836,21.47734149588625,99.0,P48
913,2458880.8754282,i,2.2311541148424174,1.8624876313449836,21.47734149588625,99.0,P48
914,2458881.89868055,i,-0.6673776208729627,1.9169819838444813,21.446029910868937,99.0,P48
915,2458881.89868055,i,-0.6673776208729627,1.9169819838444813,21.446029910868937,99.0,P48
916,2458883.8296759,i,3.633719379243943,5.873133564204149,20.23040029543956,99.0,P48
917,2458884.8393692495,i,2.648396566896061,4.233905643645392,20.585722051279266,99.0,P48
918,2458884.8393692495,i,2.648396566896061,4.233905643645392,20.585722051279266,99.0,P48
919,2458885.84270835,i,-2.067510636845465,3.7150887198491853,20.72765201519649,99.0,P48
920,2458885.84270835,i,-2.067510636845465,3.7150887198491853,20.72765201519649,99.0,P48
921,2458886.84056135,i,-3.9342656773561604,2.9442234691445663,20.980148063538145,99.0,P48
922,2458886.84056135,i,-3.9342656773561604,2.9442234691445663,20.980148063538145,99.0,P48
923,2458887.7856539497,i,-4.5239739543723685,4.199395243958586,20.594608109071373,99.0,P48
924,2458887.7856539497,i,-4.5239739543723685,4.199395243958586,20.594608109071373,99.0,P48
925,2458888.8353645494,i,-5.507579792653707,4.364714547954696,20.552685373810768,99.0,P48
926,2458888.8353645494,i,-5.507579792653707,4.364714547954696,20.552685373810768,99.0,P48
927,2458890.8512846995,i,-1.4644849697173152,4.395848925917178,20.54496809311614,99.0,P48
928,2458890.8512846995,i,-1.4644849697173152,4.395848925917178,20.54496809311614,99.0,P48
929,2458891.85228585,i,-0.5620274733874192,3.449911073712673,20.80805523748664,99.0,P48
930,2458891.85228585,i,-0.5620274733874192,3.449911073712673,20.80805523748664,99.0,P48
931,2458892.93601275,i,-1.5401681182335882,2.311549263926968,21.242817105179327,99.0,P48
932,2458892.93601275,i,-1.5401681182335882,2.311549263926968,21.242817105179327,99.0,P48
933,2458893.8539004996,i,-3.3941728790492376,1.8779159039559656,21.468384639230393,99.0,P48
934,2458893.8539004996,i,-3.3941728790492376,1.8779159039559656,21.468384639230393,99.0,P48
935,2458894.9083970003,i,-2.407612029308786,1.7377761401486396,21.552590414114086,99.0,P48
936,2458894.9083970003,i,-2.407612029308786,1.7377761401486396,21.552590414114086,99.0,P48
937,2458895.83596645,i,-0.26284085778259564,1.864301531398059,21.47628459836458,99.0,P48
938,2458895.83596645,i,-0.26284085778259564,1.864301531398059,21.47628459836458,99.0,P48
939,2458896.8318403,i,-1.8310733322412325,1.9711463902168487,21.415777791598686,99.0,P48
940,2458896.8318403,i,-1.8310733322412325,1.9711463902168487,21.415777791598686,99.0,P48
941,2458904.8337442,i,1.255878045424922,1.8478014603390995,21.485936724156538,99.0,P48
942,2458904.8337442,i,1.255878045424922,1.8478014603390995,21.485936724156538,99.0,P48
943,2458905.8349769,i,0.5468812880003499,3.4061839927180055,20.821904730017216,99.0,P48
944,2458905.8349769,i,0.5468812880003499,3.4061839927180055,20.821904730017216,99.0,P48
945,2458906.88518515,i,0.5819969549664772,1.7894986491449818,21.520746551944086,99.0,P48
946,2458906.88518515,i,0.5819969549664772,1.7894986491449818,21.520746551944086,99.0,P48
947,2458907.8246875,i,-4.37629893221441,5.5616702979199815,20.28956188959711,99.0,P48
948,2458908.8852257,i,-0.2326373658337989,1.8749619064851635,21.470093867629075,99.0,P48
949,2458908.8852257,i,-0.2326373658337989,1.8749619064851635,21.470093867629075,99.0,P48
950,2458909.850544,i,-3.824845384673716,4.062393906282948,20.630619908972648,99.0,P48
951,2458911.7901736,i,0.001835701807531912,3.390637319714442,20.82687164452192,99.0,P48
952,2458911.7901736,i,0.001835701807531912,3.390637319714442,20.82687164452192,99.0,P48
953,2458912.84699655,i,-3.4652472191616153,2.284818028220692,21.255445946949038,99.0,P48
954,2458912.84699655,i,-3.4652472191616153,2.284818028220692,21.255445946949038,99.0,P48
955,2458913.8615625,i,-7.424636603540085,3.0852634691969616,20.929344346735498,99.0,P48
956,2458913.8615625,i,-7.424636603540085,3.0852634691969616,20.929344346735498,99.0,P48
957,2458914.789647,i,0.6077089449752582,3.4193230829344023,20.81772464393471,99.0,P48
958,2458914.789647,i,0.6077089449752582,3.4193230829344023,20.81772464393471,99.0,P48
959,2458915.7880787,i,-1.534536784762773,4.421737913610229,20.538592495682373,99.0,P48
960,2458915.7880787,i,-1.534536784762773,4.421737913610229,20.538592495682373,99.0,P48
961,2458936.8342303,i,-4.093245997856534,1.8687738300699446,21.473683129902547,99.0,P48
962,2458936.8342303,i,-4.093245997856534,1.8687738300699446,21.473683129902547,99.0,P48
963,2458939.7521527503,i,0.43587446801746277,4.216722495893941,20.59013743698298,99.0,P48
964,2458939.7521527503,i,0.43587446801746277,4.216722495893941,20.59013743698298,99.0,P48
965,2458940.7871123003,i,34.172181242350646,15.087860961455833,19.206005805970882,99.0,P48
966,2458940.7871123003,i,34.172181242350646,15.087860961455833,19.206005805970882,99.0,P48
967,2458941.8110069,i,-1.657632302729065,2.477875600215963,21.167376241218744,99.0,P48
968,2458941.8110069,i,-1.657632302729065,2.477875600215963,21.167376241218744,99.0,P48
969,2458944.8003935004,i,3.5926426036766146,3.366655303685185,20.834578356023655,99.0,P48
970,2458944.8003935004,i,3.5926426036766146,3.366655303685185,20.834578356023655,99.0,P48
971,2458954.84115165,i,2.797619217428688,3.283381737774582,20.861771543400273,99.0,P48
972,2458954.84115165,i,2.797619217428688,3.283381737774582,20.861771543400273,99.0,P48
973,2458955.8495428003,i,-2.503851587084397,4.331019596614293,20.561099617181114,99.0,P48
974,2458955.8495428003,i,-2.503851587084397,4.331019596614293,20.561099617181114,99.0,P48
975,2458965.8684375,i,-6.3681577141689285,4.979778791594657,20.409549861037533,99.0,P48
976,2458969.7623957996,i,-1.924354494793645,5.45658206473977,20.31027326116544,99.0,P48
977,2458974.8861574,i,-5.88890263438007,11.02135441874703,19.54698756810569,99.0,P48
978,2458978.8272917005,i,-11.069244744001606,10.994820534582024,19.549604626945403,99.0,P48
979,2459014.7778125,i,-3.769074667577002,6.315085825763252,20.151626846032094,99.0,P48
980,2459019.6812847,i,-8.193917591984004,5.635772934403031,20.275191271555983,99.0,P48
981,2459023.758287,i,-1.4637492215427792,6.957345318696206,20.04646609033805,99.0,P48
982,2459029.679213,i,7.421123508361129,12.537095844799062,19.40708262412919,99.0,P48
983,2459033.7588772997,i,16.462333796314063,9.853316724826932,19.668618881740628,99.0,P48
984,2459041.6814468,i,3.8143520294710958,6.398156371973057,20.137437863897606,99.0,P48
985,2459045.6813657,i,7.348887444237733,5.926639829275066,20.220553650862996,99.0,P48
986,2459052.6974883997,i,3.6636866510484607,7.479527012343201,19.967889651726146,99.0,P48
987,2459055.6881712996,i,1.5614695375385264,7.19312386006619,20.010281142703782,99.0,P48
988,2459055.6881712996,i,1.5614695375385264,7.19312386006619,20.010281142703782,99.0,P48
989,2459056.6838831,i,7.6641751217541065,6.411303573720557,20.13520913637882,99.0,P48
990,2459056.6838831,i,7.6641751217541065,6.411303573720557,20.13520913637882,99.0,P48
991,2459057.6926389,i,-0.643618112087404,6.178792825559567,20.17531590516327,99.0,P48
992,2459057.6926389,i,-0.643618112087404,6.178792825559567,20.17531590516327,99.0,P48
993,2459057.6926389,i,-0.643618112087404,6.178792825559567,20.17531590516327,99.0,P48
