,JD,Filter,Flux,eFlux,Mag,eMag,Telescope
0,2458214.6581944,r,30.09826435410422,41.57887625228037,18.105393120347898,99.0,P48
1,2458217.6590972003,r,-15.449186801856563,7.883930473825787,19.91071802490265,99.0,P48
2,2458217.6590972003,r,-15.449186801856563,7.883930473825787,19.91071802490265,99.0,P48
3,2458223.6529572,r,2.940269864835342,3.74954282917192,20.717629192421686,99.0,P48
4,2458223.6529572,r,2.940269864835342,3.74954282917192,20.717629192421686,99.0,P48
5,2458231.6574653,r,9.451999774696567,6.540592657526925,20.113532232939498,99.0,P48
6,2458244.6643634,r,-1.020720076946042,7.040488580656787,20.03356799310845,99.0,P48
7,2458333.9915278,r,3.6815133129314024,7.875246052574381,19.911914659956352,99.0,P48
8,2458343.9908102,r,4.874591916392898,4.445796357720657,20.532701074889786,99.0,P48
9,2458345.9917361,r,3.8541414447333873,3.745502959917662,20.718799627629167,99.0,P48
10,2458346.9468981004,r,1.6130902042670867,4.647957419891484,20.484419637127928,99.0,P48
11,2458347.947419,r,-3.5510814456362625,4.14851280508067,20.60784390177947,99.0,P48
12,2458348.9475231003,r,1.7364846272202692,4.267651247040774,20.577102685143387,99.0,P48
13,2458350.0087384,r,0.4751814358021195,6.709318630795708,20.085878945783286,99.0,P48
14,2458350.9906481,r,-2.18100445961971,3.632260798363299,20.75213243026986,99.0,P48
15,2458353.9658449003,r,0.11547487394722032,3.0603914392852056,20.938132543013857,99.0,P48
16,2458353.9658449003,r,0.11547487394722032,3.0603914392852056,20.938132543013857,99.0,P48
17,2458354.9810243,r,-7.026770272297093,4.398436679725189,20.54432912863274,99.0,P48
18,2458354.9810243,r,-7.026770272297093,4.398436679725189,20.54432912863274,99.0,P48
19,2458356.00867475,r,2.959293386583048,3.807699710831544,20.700918261643018,99.0,P48
20,2458356.00867475,r,2.959293386583048,3.807699710831544,20.700918261643018,99.0,P48
21,2458356.9682870503,r,13.082614943752638,5.809360593491969,20.242254153020426,99.0,P48
22,2458356.9682870503,r,13.082614943752638,5.809360593491969,20.242254153020426,99.0,P48
23,2458357.9800984003,r,-6.892913622926328,5.772419929472498,20.249180195572123,99.0,P48
24,2458357.9800984003,r,-6.892913622926328,5.772419929472498,20.249180195572123,99.0,P48
25,2458358.9703588,r,-2.995402146835782,5.323322379335747,20.3371180697702,99.0,P48
26,2458358.9703588,r,-2.995402146835782,5.323322379335747,20.3371180697702,99.0,P48
27,2458359.9732755003,r,-7.3988790442282095,8.181475508184297,19.870495902574802,99.0,P48
28,2458359.9732755003,r,-7.3988790442282095,8.181475508184297,19.870495902574802,99.0,P48
29,2458360.9884144,r,2.2841359577874245,6.81360000628049,20.069133402565512,99.0,P48
30,2458361.99515625,r,-2.642114321283102,3.4241565046928066,20.81619097329206,99.0,P48
31,2458361.99515625,r,-2.642114321283102,3.4241565046928066,20.81619097329206,99.0,P48
32,2458362.9466667003,r,0.4597619451138099,4.714549998016551,20.46897437463405,99.0,P48
33,2458363.9910417004,r,-3.2002081674430376,4.845226185419611,20.439289850044503,99.0,P48
34,2458365.00292825,r,0.7224999235676987,3.0203627166135565,20.952427237425425,99.0,P48
35,2458365.00292825,r,0.7224999235676987,3.0203627166135565,20.952427237425425,99.0,P48
36,2458366.0085417004,r,2.0596759219968197,4.688187630880483,20.47506252737646,99.0,P48
37,2458366.9906713,r,0.154848884569732,3.371136845092012,20.833134033501196,99.0,P48
38,2458368.0127604,r,4.1167330918256395,2.848701792994225,21.01595751684705,99.0,P48
39,2458368.0127604,r,4.1167330918256395,2.848701792994225,21.01595751684705,99.0,P48
40,2458368.9462616,r,2.8380476130744414,3.313173695617304,20.851964477427643,99.0,P48
41,2458370.0110417004,r,1.1181638863836052,3.2183210644362603,20.883501569710802,99.0,P48
42,2458371.0102257,r,-2.6997761362916757,2.2687435885293636,21.263111451496265,99.0,P48
43,2458371.0102257,r,-2.6997761362916757,2.2687435885293636,21.263111451496265,99.0,P48
44,2458371.9661805998,r,1.4633482306500372,3.8243176460917927,20.696190095646926,99.0,P48
45,2458373.0116435,r,2.173997722152163,3.891035732833193,20.677411941384072,99.0,P48
46,2458373.9897859003,r,0.6398596734735733,2.679428651384987,21.08246949662928,99.0,P48
47,2458373.9897859003,r,0.6398596734735733,2.679428651384987,21.08246949662928,99.0,P48
48,2458374.9932176,r,5.764492492001079,3.463555214484097,20.8037697007576,99.0,P48
49,2458375.9969097,r,5.135763192088581,3.3333759909839427,20.845364231561312,99.0,P48
50,2458377.01265625,r,0.8332212485837316,2.490266077174356,21.161960607690723,99.0,P48
51,2458377.01265625,r,0.8332212485837316,2.490266077174356,21.161960607690723,99.0,P48
52,2458377.9478125,r,1.304146043843415,4.00753510556551,20.64538165062344,99.0,P48
53,2458379.0159838,r,3.9829533614932027,3.897439513293177,20.675626529569875,99.0,P48
54,2458380.0105729,r,1.857317202462906,2.624255173931549,21.10505983385449,99.0,P48
55,2458380.0105729,r,1.857317202462906,2.624255173931549,21.10505983385449,99.0,P48
56,2458380.9668056,r,5.804404144490805,3.2918423906234637,20.858977405282886,99.0,P48
57,2458383.00587385,r,2.9842622094561206,2.2652660506879605,21.264776948386938,99.0,P48
58,2458383.00587385,r,2.9842622094561206,2.2652660506879605,21.264776948386938,99.0,P48
59,2458384.0113657,r,1.7329575134654205,3.0323516068393097,20.94812609631731,99.0,P48
60,2458385.0160648,r,5.60216696382137,2.9017331659188677,20.995931305136743,99.0,P48
61,2458386.0102257,r,4.853617630216152,3.593006680695769,20.763929927371116,99.0,P48
62,2458386.0102257,r,4.853617630216152,3.593006680695769,20.763929927371116,99.0,P48
63,2458386.9522222,r,-2.235548287744097,8.234714661283554,19.86345360127499,99.0,P48
64,2458387.9682407,r,11.65224984917097,11.80676122372794,19.472248038430372,99.0,P48
65,2458389.00824075,r,-1.6186778690202466,3.459537326309161,20.805029937312945,99.0,P48
66,2458389.00824075,r,-1.6186778690202466,3.459537326309161,20.805029937312945,99.0,P48
67,2458390.0087616,r,-1.8118932700744284,4.526744684299513,20.513109988467868,99.0,P48
68,2458391.015625,r,15.618169009817173,5.534366951331627,20.2949051109771,99.0,P48
69,2458398.0063484004,r,2.282242193980311,3.365125644591667,20.83507177858155,99.0,P48
70,2458398.0063484004,r,2.282242193980311,3.365125644591667,20.83507177858155,99.0,P48
71,2458422.8592882,r,6.453615920934476,5.116416164309429,20.38016033332577,99.0,P48
72,2458422.8592882,r,6.453615920934476,5.116416164309429,20.38016033332577,99.0,P48
73,2458423.8560532,r,2.4568179528507743,4.690501048207103,20.4745268957791,99.0,P48
74,2458424.8444560003,r,4.601250597749151,6.892843470349163,20.056578948638794,99.0,P48
75,2458425.9421354,r,1.6684050818350227,2.176544140344772,21.30815629145814,99.0,P48
76,2458425.9421354,r,1.6684050818350227,2.176544140344772,21.30815629145814,99.0,P48
77,2458426.9084143997,r,5.374710956502619,3.2910853420078605,20.859227128545157,99.0,P48
78,2458427.948669,r,-1.24438031160205,4.316135296015003,20.56483736449897,99.0,P48
79,2458429.9056481,r,5.588009409812183,3.648205507157181,20.747376752662568,99.0,P48
80,2458430.9475231003,r,4.401360050311141,3.5317469013408043,20.782601057169053,99.0,P48
81,2458431.88958335,r,0.6276546301737936,4.923640111286541,20.421859236449627,99.0,P48
82,2458431.88958335,r,0.6276546301737936,4.923640111286541,20.421859236449627,99.0,P48
83,2458432.8782176003,r,6.136977196146439,4.476331462143989,20.52526939525069,99.0,P48
84,2458434.8640567,r,5.680719725178341,4.047585436726401,20.63458492755614,99.0,P48
85,2458434.8640567,r,5.680719725178341,4.047585436726401,20.63458492755614,99.0,P48
86,2458435.8825347,r,2.6866406251488733,6.2006317534655135,20.17148513917781,99.0,P48
87,2458436.9005671,r,65.47297139795221,68.61082987721217,17.561593308322635,99.0,P48
88,2458437.8658854,r,-0.9612231391584998,2.9116500083280967,20.992227064434957,99.0,P48
89,2458437.8658854,r,-0.9612231391584998,2.9116500083280967,20.992227064434957,99.0,P48
90,2458438.8436227003,r,62.065790248476155,68.60257422221035,17.561723958292283,99.0,P48
91,2458441.9276157003,r,-8.480031886143143,5.1113161047153035,20.381243138323214,99.0,P48
92,2458442.9437963,r,3.8558800357969845,6.751737949129791,20.079036044280443,99.0,P48
93,2458443.8795428,r,6.920186620872414,4.191908518125054,20.596545498463982,99.0,P48
94,2458443.8795428,r,6.920186620872414,4.191908518125054,20.596545498463982,99.0,P48
95,2458447.91167245,r,18.95238888243427,7.249266509238729,20.00183982345844,99.0,P48
96,2458447.91167245,r,18.95238888243427,7.249266509238729,20.00183982345844,99.0,P48
97,2458448.8786921003,r,0.7343406621668646,7.130033660023884,20.01984603888929,99.0,P48
98,2458449.8622222,r,5.34818361111274,9.410655679449746,19.718525280207494,99.0,P48
99,2458450.86479745,r,4.5386185483523835,3.7546558912137558,20.716149637404037,99.0,P48
100,2458450.86479745,r,4.5386185483523835,3.7546558912137558,20.716149637404037,99.0,P48
101,2458455.8199218754,r,0.8031975661476483,2.0913005158264024,21.351533877718957,99.0,P48
102,2458455.8199218754,r,0.8031975661476483,2.0913005158264024,21.351533877718957,99.0,P48
103,2458455.8199218754,r,0.8031975661476483,2.0913005158264024,21.351533877718957,99.0,P48
104,2458455.8199218754,r,0.8031975661476483,2.0913005158264024,21.351533877718957,99.0,P48
105,2458456.7616550997,r,4.587942041200487,3.2744757938204185,20.864720528396226,99.0,P48
106,2458456.7616550997,r,4.587942041200487,3.2744757938204185,20.864720528396226,99.0,P48
107,2458457.7546759,r,3.8197624850716045,6.459377011774336,20.127098405238677,99.0,P48
108,2458462.8225,r,3.3462594212646977,6.966714522736537,20.045004952467714,99.0,P48
109,2458465.9779398,r,0.7055932170898467,5.066311219443314,20.390845327568933,99.0,P48
110,2458468.9725926,r,0.18906248453138277,4.64447521223469,20.48523336572885,99.0,P48
111,2458471.7863194,r,-0.08747602900713439,5.127826038043169,20.377741780956097,99.0,P48
112,2458474.7958796,r,-1.9314956742217535,8.630148545734059,19.812529311564454,99.0,P48
113,2458487.7574769,r,4.88061013156683,3.5197136592632687,20.78630665522327,99.0,P48
114,2458490.695544,r,5.719629884333043,4.264686388177117,20.577857239141938,99.0,P48
115,2458493.7532639,r,2.4369364429731153,4.421972600965376,20.538534870874795,99.0,P48
116,2458503.7822917,r,-84.28881632213162,36.41911240143071,18.249251596513396,99.0,P48
117,2458506.7365856003,r,7.912187080809314,7.892154618288059,19.90958602641854,99.0,P48
118,2458509.7601736,r,0.28844789872320653,5.652349631120981,20.27200244496146,99.0,P48
119,2458522.7013484,r,2.5325519790842144,2.2864990484419643,21.254647426712168,99.0,P48
120,2458522.7013484,r,2.5325519790842144,2.2864990484419643,21.254647426712168,99.0,P48
121,2458523.6989005003,r,5.500159407221316,3.1078524576405377,20.921424006914926,99.0,P48
122,2458526.68298615,r,3.196462190046656,3.0211810123912253,20.952133122743057,99.0,P48
123,2458526.68298615,r,3.196462190046656,3.0211810123912253,20.952133122743057,99.0,P48
124,2458534.6966319494,r,4.548894975100788,7.863643917931467,19.91351539036868,99.0,P48
125,2458534.6966319494,r,4.548894975100788,7.863643917931467,19.91351539036868,99.0,P48
126,2458539.7058218,r,3.4997955476746854,3.7495664779424107,20.717622344588094,99.0,P48
127,2458540.7034954,r,1.4297650395868653,3.329280664602345,20.84669896781222,99.0,P48
128,2458547.66649305,r,-4.680677460505196,2.2389491101872,21.277464432988232,99.0,P48
129,2458547.66649305,r,-4.680677460505196,2.2389491101872,21.277464432988232,99.0,P48
130,2458556.6639583,r,-4.192810852140551,5.426816776247457,20.316212091931348,99.0,P48
131,2458556.6639583,r,-4.192810852140551,5.426816776247457,20.316212091931348,99.0,P48
132,2458558.6609491003,r,8.894967611273925,10.596629372793956,19.589655627315217,99.0,P48
133,2458562.6638021,r,1.049289656968287,7.687199104176712,19.938154664747017,99.0,P48
134,2458562.6638021,r,1.049289656968287,7.687199104176712,19.938154664747017,99.0,P48
135,2458567.6371817,r,0.03115779207925776,2.4323077380585016,21.187528685514273,99.0,P48
136,2458567.6371817,r,0.03115779207925776,2.4323077380585016,21.187528685514273,99.0,P48
137,2458573.6420023,r,-2.139366896824502,4.265842536567523,20.577562938006736,99.0,P48
138,2458574.7021759,r,-7.2599387285426085,20.30249851581887,18.883701270625416,99.0,P48
139,2458581.64081015,r,-6.924632283453068,8.073203681105307,19.884960215264606,99.0,P48
140,2458581.64081015,r,-6.924632283453068,8.073203681105307,19.884960215264606,99.0,P48
141,2458582.6807755,r,-3.757751020791235,5.416568547767215,20.31826438015613,99.0,P48
142,2458585.652338,r,12.340432901357122,7.145118202415067,20.017551444749763,99.0,P48
143,2458586.7055093,r,-11.592158180065555,7.337078341694363,19.988767098456826,99.0,P48
144,2458588.6523264,r,3.5142458620244184,6.935614995930059,20.049862546798636,99.0,P48
145,2458589.6787269,r,-10.732599427132858,16.36546100507995,19.117754380090776,99.0,P48
146,2458592.7194328997,r,-10.09367039772772,13.530934069186836,19.324255544396973,99.0,P48
147,2458598.6560185,r,4.237659656542183,4.262415176280827,20.578435615516174,99.0,P48
148,2458599.6533796,r,3.0627001057681267,4.7309678958480195,20.465199986774408,99.0,P48
149,2458617.6633912,r,11.247246965430664,5.504120018383697,20.300855251148782,99.0,P48
150,2458617.6633912,r,11.247246965430664,5.504120018383697,20.300855251148782,99.0,P48
151,2458617.6633912,r,11.247246965430664,5.504120018383697,20.300855251148782,99.0,P48
152,2458617.6633912,r,11.247246965430664,5.504120018383697,20.300855251148782,99.0,P48
153,2458705.9698264,r,-1.9552492069899343,4.7731537269812145,20.455561434825867,99.0,P48
154,2458709.0065625,r,5.404029137456537,9.736969481412984,19.681515467162246,99.0,P48
155,2458712.9552778006,r,-1.0645317358618218,5.840560245406373,20.236438719059386,99.0,P48
156,2458712.9552778006,r,-1.0645317358618218,5.840560245406373,20.236438719059386,99.0,P48
157,2458714.9498957996,r,-9.16166472768853,7.919518795632445,19.90582800448878,99.0,P48
158,2458715.9495544,r,2.567618536944621,5.180985541284006,20.366544038431215,99.0,P48
159,2458715.9495544,r,2.567618536944621,5.180985541284006,20.366544038431215,99.0,P48
160,2458718.987419,r,-5.283247175384002,5.726474282996302,20.25785670244074,99.0,P48
161,2458724.9944212995,r,7.3948154477399966,4.6831045838491185,20.476240347597454,99.0,P48
162,2458728.0060532,r,4.997712742834852,3.6532535340238677,20.74587545644927,99.0,P48
163,2458733.0078241,r,2.4372238952322838,3.751842493342101,20.7169634943888,99.0,P48
164,2458736.0119097,r,2.981148397306403,4.004394868145842,20.646232748834194,99.0,P48
165,2458741.957037,r,9.171970765449027,8.045965767742912,19.888629537920586,99.0,P48
166,2458744.9685301003,r,-8.749631989339838,7.2977148057481696,19.99460777126432,99.0,P48
167,2458747.9745139,r,1.4412027713758626,5.50590505162861,20.300503194686538,99.0,P48
168,2458751.0064005,r,-0.6921630160865352,4.746350865546002,20.46167539037205,99.0,P48
169,2458757.0099074,r,0.9492076102311705,3.6222018374387237,20.755143372804298,99.0,P48
170,2458759.9867014,r,1.708755518973128,3.5158398226532737,20.78750228683765,99.0,P48
171,2458764.012419,r,8.82156053712328,3.616456014188833,20.756867020963014,99.0,P48
172,2458767.0124884,r,2.116529231846488,3.91753084270218,20.670043928278623,99.0,P48
173,2458769.9681597,r,0.2960734718133574,6.072371722331213,20.194179116190433,99.0,P48
174,2458773.0328125,r,3.2894347339213073,8.366774134945084,19.846179876266312,99.0,P48
175,2458775.8642245,r,12.363904437183455,6.822732246957404,20.067679169032374,99.0,P48
176,2458781.9863889,r,8.613374004772233,5.973881709953588,20.211933442160188,99.0,P48
177,2458785.0109837996,r,-7.093340690764287,9.198789294598045,19.74324831136012,99.0,P48
178,2458790.9937384,r,3.3998432366054523,3.2268786705332735,20.88061839816994,99.0,P48
179,2458790.9937384,r,3.3998432366054523,3.2268786705332735,20.88061839816994,99.0,P48
180,2458791.98564815,r,-2.0398589725051974,2.473791021077314,21.16916746700072,99.0,P48
181,2458791.98564815,r,-2.0398589725051974,2.473791021077314,21.16916746700072,99.0,P48
182,2458793.9880787004,r,1.7781860914103214,2.910351223288256,20.99271148135871,99.0,P48
183,2458793.9880787004,r,1.7781860914103214,2.910351223288256,20.99271148135871,99.0,P48
184,2458794.9326042,r,2.037003287359713,3.2655245865058045,20.86769259425594,99.0,P48
185,2458797.9292014,r,7.944671566786686,6.931209200275055,20.050552471462954,99.0,P48
186,2458798.7796296002,r,-0.029975578375751554,8.925788379932538,19.775958524136925,99.0,P48
187,2458799.9106204854,r,3.1375316560570856,0.7309454686475767,22.658595331492517,0.252887107827322,P48
188,2458799.9106204854,r,3.1375316560570856,0.7309454686475767,22.658595331492517,0.252887107827322,P48
189,2458799.9106204854,r,3.1375316560570856,0.7309454686475767,22.658595331492517,0.252887107827322,P48
190,2458799.9106204854,r,3.1375316560570856,0.7309454686475767,22.658595331492517,0.252887107827322,P48
191,2458799.9106204854,r,3.1375316560570856,0.7309454686475767,22.658595331492517,0.252887107827322,P48
192,2458799.9106204854,r,3.1375316560570856,0.7309454686475767,22.658595331492517,0.252887107827322,P48
193,2458799.9106204854,r,3.1375316560570856,0.7309454686475767,22.658595331492517,0.252887107827322,P48
194,2458799.9106204854,r,3.1375316560570856,0.7309454686475767,22.658595331492517,0.252887107827322,P48
195,2458799.9106204854,r,3.1375316560570856,0.7309454686475767,22.658595331492517,0.252887107827322,P48
196,2458799.9106204854,r,3.1375316560570856,0.7309454686475767,22.658595331492517,0.252887107827322,P48
197,2458799.9106204854,r,3.1375316560570856,0.7309454686475767,22.658595331492517,0.252887107827322,P48
198,2458799.9106204854,r,3.1375316560570856,0.7309454686475767,22.658595331492517,0.252887107827322,P48
199,2458799.9106204854,r,3.1375316560570856,0.7309454686475767,22.658595331492517,0.252887107827322,P48
200,2458799.9106204854,r,3.1375316560570856,0.7309454686475767,22.658595331492517,0.252887107827322,P48
201,2458799.9106204854,r,3.1375316560570856,0.7309454686475767,22.658595331492517,0.252887107827322,P48
202,2458799.9106204854,r,3.1375316560570856,0.7309454686475767,22.658595331492517,0.252887107827322,P48
203,2458799.9106204854,r,3.1375316560570856,0.7309454686475767,22.658595331492517,0.252887107827322,P48
204,2458799.9106204854,r,3.1375316560570856,0.7309454686475767,22.658595331492517,0.252887107827322,P48
205,2458799.9106204854,r,3.1375316560570856,0.7309454686475767,22.658595331492517,0.252887107827322,P48
206,2458799.9106204854,r,3.1375316560570856,0.7309454686475767,22.658595331492517,0.252887107827322,P48
207,2458799.9106204854,r,3.1375316560570856,0.7309454686475767,22.658595331492517,0.252887107827322,P48
208,2458799.9106204854,r,3.1375316560570856,0.7309454686475767,22.658595331492517,0.252887107827322,P48
209,2458799.9106204854,r,3.1375316560570856,0.7309454686475767,22.658595331492517,0.252887107827322,P48
210,2458799.9106204854,r,3.1375316560570856,0.7309454686475767,22.658595331492517,0.252887107827322,P48
211,2458799.9106204854,r,3.1375316560570856,0.7309454686475767,22.658595331492517,0.252887107827322,P48
212,2458799.9106204854,r,3.1375316560570856,0.7309454686475767,22.658595331492517,0.252887107827322,P48
213,2458799.9106204854,r,3.1375316560570856,0.7309454686475767,22.658595331492517,0.252887107827322,P48
214,2458799.9106204854,r,3.1375316560570856,0.7309454686475767,22.658595331492517,0.252887107827322,P48
215,2458799.9106204854,r,3.1375316560570856,0.7309454686475767,22.658595331492517,0.252887107827322,P48
216,2458799.9106204854,r,3.1375316560570856,0.7309454686475767,22.658595331492517,0.252887107827322,P48
217,2458799.9106204854,r,3.1375316560570856,0.7309454686475767,22.658595331492517,0.252887107827322,P48
218,2458799.9106204854,r,3.1375316560570856,0.7309454686475767,22.658595331492517,0.252887107827322,P48
219,2458799.9106204854,r,3.1375316560570856,0.7309454686475767,22.658595331492517,0.252887107827322,P48
220,2458799.9106204854,r,3.1375316560570856,0.7309454686475767,22.658595331492517,0.252887107827322,P48
221,2458799.9106204854,r,3.1375316560570856,0.7309454686475767,22.658595331492517,0.252887107827322,P48
222,2458799.9106204854,r,3.1375316560570856,0.7309454686475767,22.658595331492517,0.252887107827322,P48
223,2458799.9106204854,r,3.1375316560570856,0.7309454686475767,22.658595331492517,0.252887107827322,P48
224,2458799.9106204854,r,3.1375316560570856,0.7309454686475767,22.658595331492517,0.252887107827322,P48
225,2458799.9106204854,r,3.1375316560570856,0.7309454686475767,22.658595331492517,0.252887107827322,P48
226,2458799.9106204854,r,3.1375316560570856,0.7309454686475767,22.658595331492517,0.252887107827322,P48
227,2458799.9106204854,r,3.1375316560570856,0.7309454686475767,22.658595331492517,0.252887107827322,P48
228,2458799.9106204854,r,3.1375316560570856,0.7309454686475767,22.658595331492517,0.252887107827322,P48
229,2458799.9106204854,r,3.1375316560570856,0.7309454686475767,22.658595331492517,0.252887107827322,P48
230,2458799.9106204854,r,3.1375316560570856,0.7309454686475767,22.658595331492517,0.252887107827322,P48
231,2458799.9106204854,r,3.1375316560570856,0.7309454686475767,22.658595331492517,0.252887107827322,P48
232,2458799.9106204854,r,3.1375316560570856,0.7309454686475767,22.658595331492517,0.252887107827322,P48
233,2458799.9106204854,r,3.1375316560570856,0.7309454686475767,22.658595331492517,0.252887107827322,P48
234,2458799.9106204854,r,3.1375316560570856,0.7309454686475767,22.658595331492517,0.252887107827322,P48
235,2458799.9106204854,r,3.1375316560570856,0.7309454686475767,22.658595331492517,0.252887107827322,P48
236,2458799.9106204854,r,3.1375316560570856,0.7309454686475767,22.658595331492517,0.252887107827322,P48
237,2458799.9106204854,r,3.1375316560570856,0.7309454686475767,22.658595331492517,0.252887107827322,P48
238,2458799.9106204854,r,3.1375316560570856,0.7309454686475767,22.658595331492517,0.252887107827322,P48
239,2458799.9106204854,r,3.1375316560570856,0.7309454686475767,22.658595331492517,0.252887107827322,P48
240,2458799.9106204854,r,3.1375316560570856,0.7309454686475767,22.658595331492517,0.252887107827322,P48
241,2458799.9106204854,r,3.1375316560570856,0.7309454686475767,22.658595331492517,0.252887107827322,P48
242,2458799.9106204854,r,3.1375316560570856,0.7309454686475767,22.658595331492517,0.252887107827322,P48
243,2458799.9106204854,r,3.1375316560570856,0.7309454686475767,22.658595331492517,0.252887107827322,P48
244,2458799.9106204854,r,3.1375316560570856,0.7309454686475767,22.658595331492517,0.252887107827322,P48
245,2458799.9106204854,r,3.1375316560570856,0.7309454686475767,22.658595331492517,0.252887107827322,P48
246,2458799.9106204854,r,3.1375316560570856,0.7309454686475767,22.658595331492517,0.252887107827322,P48
247,2458799.9106204854,r,3.1375316560570856,0.7309454686475767,22.658595331492517,0.252887107827322,P48
248,2458799.9106204854,r,3.1375316560570856,0.7309454686475767,22.658595331492517,0.252887107827322,P48
249,2458799.9106204854,r,3.1375316560570856,0.7309454686475767,22.658595331492517,0.252887107827322,P48
250,2458799.9106204854,r,3.1375316560570856,0.7309454686475767,22.658595331492517,0.252887107827322,P48
251,2458799.9106204854,r,3.1375316560570856,0.7309454686475767,22.658595331492517,0.252887107827322,P48
252,2458799.9106204854,r,3.1375316560570856,0.7309454686475767,22.658595331492517,0.252887107827322,P48
253,2458799.9106204854,r,3.1375316560570856,0.7309454686475767,22.658595331492517,0.252887107827322,P48
254,2458799.9106204854,r,3.1375316560570856,0.7309454686475767,22.658595331492517,0.252887107827322,P48
255,2458799.9106204854,r,3.1375316560570856,0.7309454686475767,22.658595331492517,0.252887107827322,P48
256,2458799.9106204854,r,3.1375316560570856,0.7309454686475767,22.658595331492517,0.252887107827322,P48
257,2458799.9106204854,r,3.1375316560570856,0.7309454686475767,22.658595331492517,0.252887107827322,P48
258,2458799.9106204854,r,3.1375316560570856,0.7309454686475767,22.658595331492517,0.252887107827322,P48
259,2458799.9106204854,r,3.1375316560570856,0.7309454686475767,22.658595331492517,0.252887107827322,P48
260,2458799.9106204854,r,3.1375316560570856,0.7309454686475767,22.658595331492517,0.252887107827322,P48
261,2458799.9106204854,r,3.1375316560570856,0.7309454686475767,22.658595331492517,0.252887107827322,P48
262,2458799.9106204854,r,3.1375316560570856,0.7309454686475767,22.658595331492517,0.252887107827322,P48
263,2458799.9106204854,r,3.1375316560570856,0.7309454686475767,22.658595331492517,0.252887107827322,P48
264,2458799.9106204854,r,3.1375316560570856,0.7309454686475767,22.658595331492517,0.252887107827322,P48
265,2458799.9106204854,r,3.1375316560570856,0.7309454686475767,22.658595331492517,0.252887107827322,P48
266,2458799.9106204854,r,3.1375316560570856,0.7309454686475767,22.658595331492517,0.252887107827322,P48
267,2458799.9106204854,r,3.1375316560570856,0.7309454686475767,22.658595331492517,0.252887107827322,P48
268,2458799.9106204854,r,3.1375316560570856,0.7309454686475767,22.658595331492517,0.252887107827322,P48
269,2458799.9106204854,r,3.1375316560570856,0.7309454686475767,22.658595331492517,0.252887107827322,P48
270,2458799.9106204854,r,3.1375316560570856,0.7309454686475767,22.658595331492517,0.252887107827322,P48
271,2458799.9106204854,r,3.1375316560570856,0.7309454686475767,22.658595331492517,0.252887107827322,P48
272,2458799.9106204854,r,3.1375316560570856,0.7309454686475767,22.658595331492517,0.252887107827322,P48
273,2458799.9106204854,r,3.1375316560570856,0.7309454686475767,22.658595331492517,0.252887107827322,P48
274,2458799.9106204854,r,3.1375316560570856,0.7309454686475767,22.658595331492517,0.252887107827322,P48
275,2458799.9106204854,r,3.1375316560570856,0.7309454686475767,22.658595331492517,0.252887107827322,P48
276,2458799.9106204854,r,3.1375316560570856,0.7309454686475767,22.658595331492517,0.252887107827322,P48
277,2458799.9106204854,r,3.1375316560570856,0.7309454686475767,22.658595331492517,0.252887107827322,P48
278,2458799.9106204854,r,3.1375316560570856,0.7309454686475767,22.658595331492517,0.252887107827322,P48
279,2458799.9106204854,r,3.1375316560570856,0.7309454686475767,22.658595331492517,0.252887107827322,P48
280,2458799.9106204854,r,3.1375316560570856,0.7309454686475767,22.658595331492517,0.252887107827322,P48
281,2458799.9106204854,r,3.1375316560570856,0.7309454686475767,22.658595331492517,0.252887107827322,P48
282,2458799.9106204854,r,3.1375316560570856,0.7309454686475767,22.658595331492517,0.252887107827322,P48
283,2458799.9106204854,r,3.1375316560570856,0.7309454686475767,22.658595331492517,0.252887107827322,P48
284,2458799.9106204854,r,3.1375316560570856,0.7309454686475767,22.658595331492517,0.252887107827322,P48
285,2458799.9106204854,r,3.1375316560570856,0.7309454686475767,22.658595331492517,0.252887107827322,P48
286,2458799.9106204854,r,3.1375316560570856,0.7309454686475767,22.658595331492517,0.252887107827322,P48
287,2458799.9106204854,r,3.1375316560570856,0.7309454686475767,22.658595331492517,0.252887107827322,P48
288,2458799.9106204854,r,3.1375316560570856,0.7309454686475767,22.658595331492517,0.252887107827322,P48
289,2458799.9106204854,r,3.1375316560570856,0.7309454686475767,22.658595331492517,0.252887107827322,P48
290,2458799.9106204854,r,3.1375316560570856,0.7309454686475767,22.658595331492517,0.252887107827322,P48
291,2458799.9106204854,r,3.1375316560570856,0.7309454686475767,22.658595331492517,0.252887107827322,P48
292,2458799.9106204854,r,3.1375316560570856,0.7309454686475767,22.658595331492517,0.252887107827322,P48
293,2458799.9106204854,r,3.1375316560570856,0.7309454686475767,22.658595331492517,0.252887107827322,P48
294,2458799.9106204854,r,3.1375316560570856,0.7309454686475767,22.658595331492517,0.252887107827322,P48
295,2458799.9106204854,r,3.1375316560570856,0.7309454686475767,22.658595331492517,0.252887107827322,P48
296,2458799.9106204854,r,3.1375316560570856,0.7309454686475767,22.658595331492517,0.252887107827322,P48
297,2458799.9106204854,r,3.1375316560570856,0.7309454686475767,22.658595331492517,0.252887107827322,P48
298,2458799.9106204854,r,3.1375316560570856,0.7309454686475767,22.658595331492517,0.252887107827322,P48
299,2458799.9106204854,r,3.1375316560570856,0.7309454686475767,22.658595331492517,0.252887107827322,P48
300,2458799.9106204854,r,3.1375316560570856,0.7309454686475767,22.658595331492517,0.252887107827322,P48
301,2458799.9106204854,r,3.1375316560570856,0.7309454686475767,22.658595331492517,0.252887107827322,P48
302,2458799.9106204854,r,3.1375316560570856,0.7309454686475767,22.658595331492517,0.252887107827322,P48
303,2458799.9106204854,r,3.1375316560570856,0.7309454686475767,22.658595331492517,0.252887107827322,P48
304,2458799.9106204854,r,3.1375316560570856,0.7309454686475767,22.658595331492517,0.252887107827322,P48
305,2458799.9106204854,r,3.1375316560570856,0.7309454686475767,22.658595331492517,0.252887107827322,P48
306,2458799.9106204854,r,3.1375316560570856,0.7309454686475767,22.658595331492517,0.252887107827322,P48
307,2458799.9106204854,r,3.1375316560570856,0.7309454686475767,22.658595331492517,0.252887107827322,P48
308,2458799.9106204854,r,3.1375316560570856,0.7309454686475767,22.658595331492517,0.252887107827322,P48
309,2458799.9106204854,r,3.1375316560570856,0.7309454686475767,22.658595331492517,0.252887107827322,P48
310,2458799.9106204854,r,3.1375316560570856,0.7309454686475767,22.658595331492517,0.252887107827322,P48
311,2458799.9106204854,r,3.1375316560570856,0.7309454686475767,22.658595331492517,0.252887107827322,P48
312,2458799.9106204854,r,3.1375316560570856,0.7309454686475767,22.658595331492517,0.252887107827322,P48
313,2458799.9106204854,r,3.1375316560570856,0.7309454686475767,22.658595331492517,0.252887107827322,P48
314,2458799.9106204854,r,3.1375316560570856,0.7309454686475767,22.658595331492517,0.252887107827322,P48
315,2458799.9106204854,r,3.1375316560570856,0.7309454686475767,22.658595331492517,0.252887107827322,P48
316,2458799.9106204854,r,3.1375316560570856,0.7309454686475767,22.658595331492517,0.252887107827322,P48
317,2458799.9106204854,r,3.1375316560570856,0.7309454686475767,22.658595331492517,0.252887107827322,P48
318,2458799.9106204854,r,3.1375316560570856,0.7309454686475767,22.658595331492517,0.252887107827322,P48
319,2458799.9106204854,r,3.1375316560570856,0.7309454686475767,22.658595331492517,0.252887107827322,P48
320,2458799.9106204854,r,3.1375316560570856,0.7309454686475767,22.658595331492517,0.252887107827322,P48
321,2458799.9106204854,r,3.1375316560570856,0.7309454686475767,22.658595331492517,0.252887107827322,P48
322,2458799.9106204854,r,3.1375316560570856,0.7309454686475767,22.658595331492517,0.252887107827322,P48
323,2458799.9106204854,r,3.1375316560570856,0.7309454686475767,22.658595331492517,0.252887107827322,P48
324,2458799.9106204854,r,3.1375316560570856,0.7309454686475767,22.658595331492517,0.252887107827322,P48
325,2458799.9106204854,r,3.1375316560570856,0.7309454686475767,22.658595331492517,0.252887107827322,P48
326,2458799.9106204854,r,3.1375316560570856,0.7309454686475767,22.658595331492517,0.252887107827322,P48
327,2458799.9106204854,r,3.1375316560570856,0.7309454686475767,22.658595331492517,0.252887107827322,P48
328,2458800.9227488497,r,97.86252385539007,6.304403441427721,18.923524592436543,0.06992901537857557,P48
329,2458800.9227488497,r,97.86252385539007,6.304403441427721,18.923524592436543,0.06992901537857557,P48
330,2458801.9190856004,r,115.08702288943107,19.028224036228043,18.74749973295684,0.17947407685721262,P48
331,2458804.8591724504,r,88.97044519128679,6.928729567035272,19.026951213029278,0.08453521760901968,P48
332,2458804.8591724504,r,88.97044519128679,6.928729567035272,19.026951213029278,0.08453521760901968,P48
333,2458805.8775405,r,93.14268878572364,4.762252445180981,18.97719369547458,0.05550006228761879,P48
334,2458805.8775405,r,93.14268878572364,4.762252445180981,18.97719369547458,0.05550006228761879,P48
335,2458806.9853241,r,84.30643006939233,5.111252079525774,19.085413873230497,0.06581068760423694,P48
336,2458812.7710764,r,41.695333417736315,3.9239985042727956,19.8498469947001,0.10215772431205017,P48
337,2458819.9932639,r,2.8571192266968137,85.15639162158914,17.327031862764255,99.0,P48
338,2458823.8732292005,r,6.462089847512534,52.99741909553924,17.841938187792778,99.0,P48
339,2458827.7882716,r,-0.22432285962793688,5.635337618303088,20.275275138793063,99.0,P48
340,2458827.7882716,r,-0.22432285962793688,5.635337618303088,20.275275138793063,99.0,P48
341,2458827.7882716,r,-0.22432285962793688,5.635337618303088,20.275275138793063,99.0,P48
342,2458828.77694445,r,-8.152438789791242,7.037341931006391,20.03405335646088,99.0,P48
343,2458828.77694445,r,-8.152438789791242,7.037341931006391,20.03405335646088,99.0,P48
344,2458830.8126852,r,-1.8566000519823536,4.57772225391749,20.500951391648208,99.0,P48
345,2458830.8126852,r,-1.8566000519823536,4.57772225391749,20.500951391648208,99.0,P48
346,2458830.8126852,r,-1.8566000519823536,4.57772225391749,20.500951391648208,99.0,P48
347,2458831.9226619997,r,1.563524776525533,8.409794601626167,19.84061151704617,99.0,P48
348,2458833.7917361,r,-2.3482359341687524,6.8493862479674075,20.063445845488367,99.0,P48
349,2458833.7917361,r,-2.3482359341687524,6.8493862479674075,20.063445845488367,99.0,P48
350,2458833.7917361,r,-2.3482359341687524,6.8493862479674075,20.063445845488367,99.0,P48
351,2458835.9162616003,r,12.219711643890147,7.349037009060996,19.98699890303139,99.0,P48
352,2458836.949213,r,0.1122217363100728,3.1104539949612238,20.920515533380076,99.0,P48
353,2458836.949213,r,0.1122217363100728,3.1104539949612238,20.920515533380076,99.0,P48
354,2458837.9307465497,r,1.409431419400965,4.7508019242235555,20.46065767990313,99.0,P48
355,2458837.9307465497,r,1.409431419400965,4.7508019242235555,20.46065767990313,99.0,P48
356,2458846.7855207995,r,-0.6876264907469712,4.017891529744779,20.642579469148025,99.0,P48
357,2458850.9565625,r,6.349821675261796,7.253497972676007,20.001206254156664,99.0,P48
358,2458851.9275694,r,3.9190962075026228,5.257005334621629,20.35072894484693,99.0,P48
359,2458854.8067245,r,-1.1207696335546944,7.81617192566283,19.92008973010787,99.0,P48
360,2458854.8067245,r,-1.1207696335546944,7.81617192566283,19.92008973010787,99.0,P48
361,2458856.6888773,r,-1.5699865356923346,8.087480890601524,19.883041820382626,99.0,P48
362,2458859.7424248,r,6.4117479411263885,6.868806336289823,20.06037180975852,99.0,P48
363,2458859.7424248,r,6.4117479411263885,6.868806336289823,20.06037180975852,99.0,P48
364,2458860.73082755,r,-3.7699527203089813,6.888408854172182,20.057277698417167,99.0,P48
365,2458860.73082755,r,-3.7699527203089813,6.888408854172182,20.057277698417167,99.0,P48
366,2458861.6724015996,r,11.251066463579285,5.637724195023963,20.274815424682934,99.0,P48
367,2458861.6724015996,r,11.251066463579285,5.637724195023963,20.274815424682934,99.0,P48
368,2458862.76010995,r,-0.04932131780784309,3.309661528119717,20.853116034921666,99.0,P48
369,2458862.76010995,r,-0.04932131780784309,3.309661528119717,20.853116034921666,99.0,P48
370,2458863.720787,r,6.982464885117188,21.386990559616663,18.82720079483059,99.0,P48
371,2458864.7288194,r,5.1459661887999895,2.911068074573286,20.99244408560599,99.0,P48
372,2458867.7439931,r,0.5240699075428619,4.893377270238307,20.428553238301703,99.0,P48
373,2458871.7386457995,r,1.3297742618993875,4.144375168154111,20.60892733196702,99.0,P48
374,2458872.7648264,r,5.4952986379244555,2.9517149133355827,20.977388965313693,99.0,P48
375,2458873.68047455,r,5.878679825048248,2.3150676930589578,21.241165753159308,99.0,P48
376,2458873.68047455,r,5.878679825048248,2.3150676930589578,21.241165753159308,99.0,P48
377,2458874.7179282,r,-0.8413517113137515,4.303547351184832,20.568008524672948,99.0,P48
378,2458875.7141956,r,2.400836791303914,2.526898011027308,21.146105705236614,99.0,P48
379,2458875.7141956,r,2.400836791303914,2.526898011027308,21.146105705236614,99.0,P48
380,2458878.6585301002,r,20.121267954080164,7.50656225791907,19.963972261906804,99.0,P48
381,2458880.702963,r,2.3250858403478514,4.442517588645981,20.533502099352777,99.0,P48
382,2458882.6559375,r,10.55958351166198,5.145005275691376,20.374110428098724,99.0,P48
383,2458883.6953588,r,2.4137120997268617,10.77951700408534,19.571076734333673,99.0,P48
384,2458884.6724421,r,-9.178534362727644,12.120972423356156,19.443731331259894,99.0,P48
385,2458885.6796065,r,6.70957852169695,17.560964761382753,19.041204060599856,99.0,P48
386,2458892.7827894,r,-0.29327156511594815,5.338945963831006,20.333936175837422,99.0,P48
387,2458898.6504051,r,2.81781676214718,2.0919718027518655,21.351185422983285,99.0,P48
388,2458898.6504051,r,2.81781676214718,2.0919718027518655,21.351185422983285,99.0,P48
389,2458900.7189236,r,1.668993393391487,3.6625750012072835,20.743108672118396,99.0,P48
390,2458903.6813252,r,0.5723513570227378,2.4691386543773794,21.171211293147238,99.0,P48
391,2458903.6813252,r,0.5723513570227378,2.4691386543773794,21.171211293147238,99.0,P48
392,2458906.687037,r,-3.2809758160497546,4.900565149188496,20.42695957122085,99.0,P48
393,2458909.6182407,r,-1.8946672884884437,8.996555976459518,19.767384272971455,99.0,P48
394,2458912.6820602003,r,3.6068096781791272,6.216347345646425,20.16873680620813,99.0,P48
395,2458915.62782405,r,0.550676225209541,4.840768982095333,20.440289096333405,99.0,P48
396,2458915.62782405,r,0.550676225209541,4.840768982095333,20.440289096333405,99.0,P48
397,2458941.6828241,r,13.517902363523767,5.658385539181023,20.270843651225633,99.0,P48
398,2458944.6657407,r,5.989546984586577,7.657571070338145,19.94234739863925,99.0,P48
399,2458956.6599884,r,2.5818042268719714,4.445219199561816,20.532842035504636,99.0,P48
400,2458964.7188426005,r,3.718235295392662,5.868911466698129,20.23118109372603,99.0,P48
401,2458973.6554630003,r,0.11194459929638755,7.88406802262471,19.91069908252249,99.0,P48
402,2458986.66175925,r,1.9652884476462573,3.3164542525287115,20.85088996171453,99.0,P48
403,2458986.66175925,r,1.9652884476462573,3.3164542525287115,20.85088996171453,99.0,P48
404,2458986.66175925,r,1.9652884476462573,3.3164542525287115,20.85088996171453,99.0,P48
405,2458986.66175925,r,1.9652884476462573,3.3164542525287115,20.85088996171453,99.0,P48
406,2459061.98796295,r,0.3912967021754364,3.3627571783034402,20.835836218085866,99.0,P48
407,2459061.98796295,r,0.3912967021754364,3.3627571783034402,20.835836218085866,99.0,P48
408,2459061.98796295,r,0.3912967021754364,3.3627571783034402,20.835836218085866,99.0,P48
409,2459061.98796295,r,0.3912967021754364,3.3627571783034402,20.835836218085866,99.0,P48
410,2459063.9896932747,r,-1.987786058190174,4.985127878856585,20.408384230800827,99.0,P48
411,2459063.9896932747,r,-1.987786058190174,4.985127878856585,20.408384230800827,99.0,P48
412,2459063.9896932747,r,-1.987786058190174,4.985127878856585,20.408384230800827,99.0,P48
413,2459063.9896932747,r,-1.987786058190174,4.985127878856585,20.408384230800827,99.0,P48
414,2459065.992265625,r,2.6716357718083157,7.092277555679152,20.025610680812242,99.0,P48
415,2459065.992265625,r,2.6716357718083157,7.092277555679152,20.025610680812242,99.0,P48
416,2459065.992265625,r,2.6716357718083157,7.092277555679152,20.025610680812242,99.0,P48
417,2459065.992265625,r,2.6716357718083157,7.092277555679152,20.025610680812242,99.0,P48
418,2459094.9322337997,r,-5.990479993298856,11.792078924600334,19.47359904599588,99.0,P48
419,2459095.9574421,r,-5.869986511761158,8.225109179889763,19.864720810474545,99.0,P48
420,2459096.9082639,r,-14.622067312105642,9.579328527806341,19.699237319513905,99.0,P48
421,2459108.9983332995,r,4.892051298351207,3.8286379118927707,20.69496425042751,99.0,P48
422,2459111.9295139,r,1.349937338160061,4.216243046443664,20.59026089429452,99.0,P48
423,2459112.9999073995,r,5.273190770395023,3.287836261391666,20.860299536747185,99.0,P48
424,2459114.9947337997,r,-1.662519920621677,3.6018681621231203,20.76125545803327,99.0,P48
425,2459115.9046064997,r,-1.7717862058119178,3.6929568996022226,20.73413939155576,99.0,P48
426,2459116.9240972,r,1.5485415965514717,3.2981590326058163,20.856896006948464,99.0,P48
427,2459117.9071181,r,-0.7012442557394772,3.5802781501718206,20.76778306892441,99.0,P48
428,2459119.01967595,r,3.0922904787240837,2.0768050732204757,21.35908564911908,99.0,P48
429,2459119.01967595,r,3.0922904787240837,2.0768050732204757,21.35908564911908,99.0,P48
430,2459119.9715625,r,-0.4192108477589902,2.709399419509738,21.070392405607798,99.0,P48
431,2459121.0171990497,r,-1.9529592801442304,2.816908266872624,21.028143228315777,99.0,P48
432,2459121.0171990497,r,-1.9529592801442304,2.816908266872624,21.028143228315777,99.0,P48
433,2459121.9679397997,r,5.545929194110814,4.62297315135918,20.49027156112954,99.0,P48
434,2459122.9878472,r,-2.452727763140566,5.233285996129547,20.35563881581789,99.0,P48
435,2459124.0078935,r,5.42031328805539,7.2956413788269945,19.994916294494054,99.0,P48
436,2459124.8453009,r,-0.36790352236233226,9.166963736262748,19.74701120585732,99.0,P48
437,2459125.9909606003,r,-7.569795024836047,5.720378623106134,20.259013051581334,99.0,P48
438,2459126.8840162004,r,1.761836813647427,7.509683980508677,19.96352083520112,99.0,P48
439,2459127.9878819,r,-217.48308523702144,302.1547301400989,15.952001495696745,99.0,P48
440,2459129.9910764,r,5.014873361280735,4.9783831029377845,20.409854204295115,99.0,P48
441,2459135.9081944,r,1.8820303889786631,2.799024009776955,21.0350584296068,99.0,P48
442,2459137.8923611,r,5.017796829912738,3.3423135628557836,20.842457010941324,99.0,P48
443,2459141.8895833,r,-4.207877344578689,4.523026626942673,20.514002128074928,99.0,P48
444,2459143.9479977,r,0.9057312069186726,3.134758540810315,20.91206475338207,99.0,P48
445,2459145.8867477,r,2.9026453596547492,3.042260291397471,20.944584066871478,99.0,P48
446,2459149.9264352,r,0.4577749442212008,4.594970288610942,20.496868220275758,99.0,P48
447,2459152.0139814997,r,-5.084590701735978,5.04060751913428,20.39636778182231,99.0,P48
448,2458204.6503588,g,-8.543581921845464,8.900507516620818,19.779038060923032,99.0,P48
449,2458204.6503588,g,-8.543581921845464,8.900507516620818,19.779038060923032,99.0,P48
450,2458207.7284028,g,0.1641167942577249,12.030754484456743,19.451842828923084,99.0,P48
451,2458210.7078819,g,-32.870704351544084,15.33582391057296,19.18830720608404,99.0,P48
452,2458227.6817824,g,7.297820324319128,5.916490441970529,20.2224145710248,99.0,P48
453,2458231.7029514,g,-6.977741368502207,9.609353700176742,19.69583954129081,99.0,P48
454,2458234.6876736,g,-5.923623535801723,9.43242498270332,19.71601658944359,99.0,P48
455,2458234.6876736,g,-5.923623535801723,9.43242498270332,19.71601658944359,99.0,P48
456,2458237.6961689997,g,-4.0144449567260745,18.985822139612246,18.956501469014505,99.0,P48
457,2458247.6792824,g,3.6627459909625544,6.135954936042417,20.18286958569127,99.0,P48
458,2458258.6668171003,g,1.0907945718145033,12.04807062217897,19.45028122773952,99.0,P48
459,2458330.9914468,g,-11.133615692851041,21.44731402857526,18.824142712381313,99.0,P48
460,2458336.9927546,g,4.682501495765735,8.411434491440916,19.8403998217248,99.0,P48
461,2458341.0031597,g,-22.089616716079327,19.997088517589685,18.9001580665986,99.0,P48
462,2458345.9476736,g,-1.283735775440155,6.531333873436098,20.115070276892958,99.0,P48
463,2458346.9865393997,g,5.6695490199464205,5.714570744894873,20.26011595531726,99.0,P48
464,2458347.9971759,g,0.9609581947045868,5.675124980588112,20.267636413579837,99.0,P48
465,2458348.9748380003,g,-4.627660363266574,4.466285339551256,20.52770882519535,99.0,P48
466,2458349.9469965,g,-2.6731482078125226,3.1277272311112694,20.914502811045757,99.0,P48
467,2458349.9469965,g,-2.6731482078125226,3.1277272311112694,20.914502811045757,99.0,P48
468,2458350.9543171003,g,3.6819187350870104,3.9686597043273384,20.65596533515785,99.0,P48
469,2458351.9717707997,g,-2.308448142585787,3.599582151415576,20.761944764927,99.0,P48
470,2458352.94765625,g,-4.289936452692095,2.717156461015999,21.06728837176864,99.0,P48
471,2458352.94765625,g,-4.289936452692095,2.717156461015999,21.06728837176864,99.0,P48
472,2458360.9712731005,g,-11.570292261527413,11.084436126534314,19.540790976332815,99.0,P48
473,2458361.9669965003,g,7.368345549585131,6.176567257613627,20.1757070519538,99.0,P48
474,2458361.9669965003,g,7.368345549585131,6.176567257613627,20.1757070519538,99.0,P48
475,2458362.9952778,g,-7.458995258379498,7.660821381774308,19.94188664783045,99.0,P48
476,2458364.0135417003,g,11.027158042534916,10.332408249842112,19.617071095399275,99.0,P48
477,2458364.9679745003,g,2.2925261318107917,5.539783664901505,20.293842975792842,99.0,P48
478,2458364.9679745003,g,2.2925261318107917,5.539783664901505,20.293842975792842,99.0,P48
479,2458365.9477431,g,-0.7888619337605499,5.6894916012039936,20.264891337520368,99.0,P48
480,2458366.9684028,g,0.5167792391650591,4.28741918145278,20.572085122643614,99.0,P48
481,2458367.9693692,g,-2.0733467904869087,2.6961223961978207,21.075725979083778,99.0,P48
482,2458367.9693692,g,-2.0733467904869087,2.6961223961978207,21.075725979083778,99.0,P48
483,2458368.9938889,g,0.1708778479870148,3.137795002963347,20.911013571553664,99.0,P48
484,2458369.9915972,g,-0.6966975968627932,3.683607003113899,20.736891764258946,99.0,P48
485,2458370.9691666504,g,-0.1993103732640011,2.5826016349455645,21.122431435096598,99.0,P48
486,2458370.9691666504,g,-0.1993103732640011,2.5826016349455645,21.122431435096598,99.0,P48
487,2458371.997037,g,-2.4474741212298263,3.532797894271014,20.782278007031586,99.0,P48
488,2458372.9691319,g,1.406507848822614,3.3508467370520383,20.839688578460738,99.0,P48
489,2458374.010978,g,-1.2934102095749047,2.614151090785325,21.109248276651137,99.0,P48
490,2458374.010978,g,-1.2934102095749047,2.614151090785325,21.109248276651137,99.0,P48
491,2458374.9491319,g,-0.050542469300608614,4.078407116145196,20.626348549415397,99.0,P48
492,2458375.951956,g,-9.089286998273776,3.885030257871855,20.67908897522006,99.0,P48
493,2458376.9898495004,g,0.1603244974327721,2.426364812619918,21.190184741242014,99.0,P48
494,2458376.9898495004,g,0.1603244974327721,2.426364812619918,21.190184741242014,99.0,P48
495,2458377.9972337997,g,-2.142236274591178,3.3668798329331047,20.834505948431314,99.0,P48
496,2458378.9646528,g,-1.931931195838218,3.675939209551442,20.73915418747179,99.0,P48
497,2458379.9907928,g,-0.814672783425811,2.462351300748397,21.174199955920436,99.0,P48
498,2458379.9907928,g,-0.814672783425811,2.462351300748397,21.174199955920436,99.0,P48
499,2458380.9901505,g,-0.3812668783645602,2.971223500453625,20.970236685666507,99.0,P48
500,2458382.96971645,g,-2.3997141271042026,2.314526041012802,21.241419810544627,99.0,P48
501,2458382.96971645,g,-2.3997141271042026,2.314526041012802,21.241419810544627,99.0,P48
502,2458383.9704630002,g,-5.908961352230007,3.635626811961291,20.75112674518327,99.0,P48
503,2458384.9917361,g,-3.44536213501002,5.575234060555146,20.286917227315186,99.0,P48
504,2458385.9658391,g,-12.614806258237001,6.9090044305955765,20.054036311190778,99.0,P48
505,2458385.9658391,g,-12.614806258237001,6.9090044305955765,20.054036311190778,99.0,P48
506,2458387.0093519,g,8.646430409806777,10.380091258596867,19.61207205987529,99.0,P48
507,2458388.0119444,g,4.395464225942564,8.62628357778717,19.81301566189114,99.0,P48
508,2458388.9487095,g,-3.304243740217443,5.539860903949528,20.29382783790095,99.0,P48
509,2458388.9487095,g,-3.304243740217443,5.539860903949528,20.29382783790095,99.0,P48
510,2458389.945787,g,4.689792997809312,7.982761265561257,19.89719213579309,99.0,P48
511,2458390.9746875,g,-1.3821943914788848,7.7727104475805175,19.926143765464303,99.0,P48
512,2458397.99449075,g,-2.167431800490592,2.1927265906675686,21.300113781109417,99.0,P48
513,2458397.99449075,g,-2.167431800490592,2.1927265906675686,21.300113781109417,99.0,P48
514,2458422.9188078996,g,-2.7117751974479436,4.902227297549978,20.42659137926313,99.0,P48
515,2458422.9188078996,g,-2.7117751974479436,4.902227297549978,20.42659137926313,99.0,P48
516,2458423.9088889,g,-3.327842835977642,7.0790113082421735,20.027643473946227,99.0,P48
517,2458424.8623727,g,-7.252525841840558,4.8272432720470935,20.443327024356122,99.0,P48
518,2458425.9067419,g,-4.233771945283878,3.993800210645703,20.649109150282147,99.0,P48
519,2458425.9067419,g,-4.233771945283878,3.993800210645703,20.649109150282147,99.0,P48
520,2458426.9532522997,g,-3.243048453391687,3.0172313603638004,20.95355345661534,99.0,P48
521,2458427.9188079,g,2.503647809580884,8.758010031867785,19.796561393361795,99.0,P48
522,2458428.8467303,g,-4.282993231752337,2.691592201920766,21.077551835673162,99.0,P48
523,2458428.8467303,g,-4.282993231752337,2.691592201920766,21.077551835673162,99.0,P48
524,2458429.9293866,g,0.4032673678871295,2.983319232607315,20.965825669414,99.0,P48
525,2458430.9229514,g,-0.05596068557567393,3.2507301955994024,20.872622675712524,99.0,P48
526,2458431.9544618,g,-5.44547982956719,3.8182109859526525,20.697925181960237,99.0,P48
527,2458431.9544618,g,-5.44547982956719,3.8182109859526525,20.697925181960237,99.0,P48
528,2458432.924537,g,-4.763972575202228,3.887532996367639,20.678389768587465,99.0,P48
529,2458434.9048727,g,3.1626365371548544,3.455191034904049,20.806394828689697,99.0,P48
530,2458434.9048727,g,3.1626365371548544,3.455191034904049,20.806394828689697,99.0,P48
531,2458437.923478,g,-1.4838432101196868,2.8121037737387233,21.029996631140314,99.0,P48
532,2458437.923478,g,-1.4838432101196868,2.8121037737387233,21.029996631140314,99.0,P48
533,2458438.8985532,g,3.8638893630004056,6.889705206932386,20.057073389304353,99.0,P48
534,2458440.91542245,g,-2.835185333885306,6.356842950935704,20.144471283922073,99.0,P48
535,2458440.91542245,g,-2.835185333885306,6.356842950935704,20.144471283922073,99.0,P48
536,2458441.9688772997,g,-5.893190902470066,3.6730950663818454,20.73999456710508,99.0,P48
537,2458443.99512155,g,1.9772537557882683,5.0903225323027925,20.385711736873276,99.0,P48
538,2458443.99512155,g,1.9772537557882683,5.0903225323027925,20.385711736873276,99.0,P48
539,2458450.95118635,g,-3.2324956377372094,4.092783164376688,20.622528148319574,99.0,P48
540,2458450.95118635,g,-3.2324956377372094,4.092783164376688,20.622528148319574,99.0,P48
541,2458457.7811227003,g,-0.229461163346082,4.709764805644411,20.47007693904534,99.0,P48
542,2458465.7444444,g,-2.642559366217523,4.7995612950870195,20.449571133132554,99.0,P48
543,2458468.9040278,g,-3.4777264840099646,3.3415873217674084,20.84269295287396,99.0,P48
544,2458475.0083218,g,-49.17549107519468,25.03235581173815,18.656320680971028,99.0,P48
545,2458480.779375,g,3.7113538903178567,5.330982389603318,20.335556869468597,99.0,P48
546,2458487.7203819,g,-1.829366679492687,4.25439041250214,20.58048163595346,99.0,P48
547,2458493.7384837996,g,-7.505413500689035,9.622029775970583,19.694408247860068,99.0,P48
548,2458509.7221759,g,-4.934719041312241,5.199702560372687,20.362628735882293,99.0,P48
549,2458522.6701793997,g,-5.639291423610783,2.9242797865261347,20.987527683415152,99.0,P48
550,2458522.6701793997,g,-5.639291423610783,2.9242797865261347,20.987527683415152,99.0,P48
551,2458523.740162,g,-6.985344930152189,3.5175948672427984,20.786960441899758,99.0,P48
552,2458534.6609779997,g,-1.9039114053711848,9.562352328666908,19.70116313564212,99.0,P48
553,2458534.6609779997,g,-1.9039114053711848,9.562352328666908,19.70116313564212,99.0,P48
554,2458538.6763367997,g,2.4207582117751656,8.05534847351201,19.887364157423995,99.0,P48
555,2458538.6763367997,g,2.4207582117751656,8.05534847351201,19.887364157423995,99.0,P48
556,2458539.7236574,g,-0.6844447954894934,5.271619053280124,20.34771494168026,99.0,P48
557,2458540.6765278,g,-7.711315391512473,3.8248828161700024,20.696029653880522,99.0,P48
558,2458547.7425405504,g,-5.551149285802701,3.4982521909615647,20.792947202150195,99.0,P48
559,2458547.7425405504,g,-5.551149285802701,3.4982521909615647,20.792947202150195,99.0,P48
560,2458556.6894791503,g,-1.4254663656183104,6.106342857283957,20.18812202591966,99.0,P48
561,2458556.6894791503,g,-1.4254663656183104,6.106342857283957,20.18812202591966,99.0,P48
562,2458558.6433332996,g,12.04051269262662,11.060838352331075,19.543104875627762,99.0,P48
563,2458561.7121181,g,-8.512220481686912,12.90845141772849,19.37538962769895,99.0,P48
564,2458562.6991956,g,-11.956364214274554,11.560504630743221,19.49513300914681,99.0,P48
565,2458562.6991956,g,-11.956364214274554,11.560504630743221,19.49513300914681,99.0,P48
566,2458567.65475115,g,-1.990025499410228,2.903337831904386,20.99533105614684,99.0,P48
567,2458567.65475115,g,-1.990025499410228,2.903337831904386,20.99533105614684,99.0,P48
568,2458568.7042245,g,-1.7400434353721803,4.789382904298129,20.451876090030076,99.0,P48
569,2458572.6568866,g,4.9821282596092065,8.216106125366268,19.865909888416176,99.0,P48
570,2458572.6568866,g,4.9821282596092065,8.216106125366268,19.865909888416176,99.0,P48
571,2458573.6601042002,g,-3.2676645898069663,4.4449056318492,20.532918626514288,99.0,P48
572,2458574.6811111,g,-17.313706351994274,28.306341380918823,18.522865639021518,99.0,P48
573,2458575.6777546,g,16.40795442513426,14.84787223633086,19.223414434526735,99.0,P48
574,2458575.6777546,g,16.40795442513426,14.84787223633086,19.223414434526735,99.0,P48
575,2458581.6950057503,g,-4.360508556993341,5.660617175200755,20.27041552727956,99.0,P48
576,2458581.6950057503,g,-4.360508556993341,5.660617175200755,20.27041552727956,99.0,P48
577,2458582.6639352003,g,-1.2197537906231337,5.196237003094529,20.363352611030464,99.0,P48
578,2458584.7015972,g,-6.403096795718525,6.08591523968908,20.191760240363067,99.0,P48
579,2458584.7015972,g,-6.403096795718525,6.08591523968908,20.191760240363067,99.0,P48
580,2458585.6820255,g,-2.2462140639473414,8.232861733643862,19.86369793481667,99.0,P48
581,2458586.6548148,g,-12.808014774219515,8.608523002136021,19.815253378541836,99.0,P48
582,2458587.6815509,g,-0.5279574898263982,8.433043048177147,19.837614195967575,99.0,P48
583,2458587.6815509,g,-0.5279574898263982,8.433043048177147,19.837614195967575,99.0,P48
584,2458588.6751042004,g,-100.18090360789262,30.89881570493828,18.427720404082237,99.0,P48
585,2458589.6416435,g,-22.260120764662812,140.9813144533327,16.779671100563434,99.0,P48
586,2458591.65902775,g,9.945693484450185,7.913570986308998,19.906643733107032,99.0,P48
587,2458591.65902775,g,9.945693484450185,7.913570986308998,19.906643733107032,99.0,P48
588,2458592.6446875,g,1.386644758372393,11.92706972797519,19.461240593581316,99.0,P48
589,2458594.7114525503,g,8.110792035316148,10.788213114403757,19.570201196456203,99.0,P48
590,2458594.7114525503,g,8.110792035316148,10.788213114403757,19.570201196456203,99.0,P48
591,2458596.6773032,g,0.912508275610192,6.29994960517068,20.154232300559265,99.0,P48
592,2458598.7177546,g,-5.152739241474204,4.066428988597593,20.62954200744258,99.0,P48
593,2458598.7177546,g,-5.152739241474204,4.066428988597593,20.62954200744258,99.0,P48
594,2458599.6871644,g,-8.388264724472085,5.401191490944927,20.32135105216578,99.0,P48
595,2458602.6803009,g,-3.0404599346952703,6.087327700213892,20.19150828457051,99.0,P48
596,2458608.6783912,g,-0.7115530074310937,6.370432937889226,20.142152618624912,99.0,P48
597,2458705.9856597,g,-0.060064136486941824,5.217850189961175,20.358845974445302,99.0,P48
598,2458708.9719907003,g,-5.025544275346984,6.761144688798583,20.077524414267728,99.0,P48
599,2458712.9925809996,g,-5.265077090387759,8.399813595078546,19.841900867912102,99.0,P48
600,2458712.9925809996,g,-5.265077090387759,8.399813595078546,19.841900867912102,99.0,P48
601,2458713.9967014,g,-14.314580427744728,11.48461842452586,19.5022835632265,99.0,P48
602,2458715.0000347,g,-12.833964923150738,8.958616744452119,19.771972595202122,99.0,P48
603,2458718.9466319,g,-8.087128028056002,8.526396324768333,19.825661199915253,99.0,P48
604,2458721.9289698997,g,-0.5296793146970682,8.630011733657012,19.812546523667113,99.0,P48
605,2458724.9748494998,g,-2.81441946792633,4.654848837780145,20.482811033645227,99.0,P48
606,2458727.9745833,g,2.6033716316224904,5.2185581563731835,20.35869866998174,99.0,P48
607,2458732.9314352,g,-7.582099870300993,4.567280147728743,20.50343086123658,99.0,P48
608,2458735.9701157003,g,3.0559797430039155,4.085794152765805,20.624383782739663,99.0,P48
609,2458738.9912962997,g,-16.274908859753385,5.91494833354979,20.222697600499963,99.0,P48
610,2458742.0111806,g,-48.860334111863295,39.319113002098064,18.166065709052134,99.0,P48
611,2458745.0076042004,g,0.9340825451190427,8.99176997778741,19.767962017912268,99.0,P48
612,2458747.9996528,g,-2.8609540992319022,7.230627665099908,20.004634992929958,99.0,P48
613,2458750.9500347,g,-9.731982208643142,6.294678671444924,20.155141075917673,99.0,P48
614,2458756.9489698997,g,-1.1870942557737507,4.506670215298536,20.51793554201683,99.0,P48
615,2458759.9457292003,g,3.0864542632070577,3.413876682589513,20.819455415899583,99.0,P48
616,2458763.9658912,g,-6.425377223926421,3.8414686398235567,20.69133175881914,99.0,P48
617,2458766.9708449,g,1.0740789366460854,3.699467323255618,20.732227000090333,99.0,P48
618,2458772.823912,g,-7.921518369872705,38.13779159848525,18.199186136050415,99.0,P48
619,2458775.9054630003,g,-1.617927446930591,8.684013743303518,19.8057737339186,99.0,P48
620,2458779.0068403,g,-2.144643348929325,6.409325073925146,20.13554424145597,99.0,P48
621,2458784.9637153,g,-5.919156395179535,6.067346967325601,20.195077911109927,99.0,P48
622,2458787.9255903,g,-0.32235821529187686,7.818754340337758,19.919731068853437,99.0,P48
623,2458789.9327662,g,6.823535167937758,4.492697353745946,20.52130707979351,99.0,P48
624,2458790.849022,g,-1.6602958740070297,2.674695132042322,21.084389270946474,99.0,P48
625,2458790.849022,g,-1.6602958740070297,2.674695132042322,21.084389270946474,99.0,P48
626,2458793.0265625,g,-0.37020821498865003,4.174766512090177,20.60099451137522,99.0,P48
627,2458794.0318286996,g,-2.979675673807731,2.5162435385712145,21.15069330746236,99.0,P48
628,2458794.0318286996,g,-2.979675673807731,2.5162435385712145,21.15069330746236,99.0,P48
629,2458794.7841551,g,-3.5479682872442466,8.538990596170374,19.82405865096871,99.0,P48
630,2458795.7904051,g,-2.3058270083136096,9.474742776815596,19.711156418054657,99.0,P48
631,2458796.7634317,g,-2.497923601547652,10.006058177622098,19.65191743004243,99.0,P48
632,2458796.7634317,g,-2.497923601547652,10.006058177622098,19.65191743004243,99.0,P48
633,2458797.7396991,g,-6.304998500774556,14.645557074166103,19.238310250100024,99.0,P48
634,2458801.0501736,g,139.09847609820406,13.870778118812792,18.541759692085837,0.1082451085757487,P48
635,2458801.7135185003,g,77.48406200804004,23.74532343419373,19.177034672267933,0.33265613494995555,P48
636,2458802.6976852003,g,134.10250211107828,19.4374172416037,18.58147341958282,0.15733723147301207,P48
637,2458804.8898380003,g,138.86352959225536,11.251045645289587,18.54359512270741,0.08794973081717623,P48
638,2458805.9956829,g,117.60933836562545,8.084640858234343,18.723961105354416,0.07461888463593609,P48
639,2458806.8655323996,g,93.38917703391247,6.323486808826722,18.97432425148225,0.07350043280163851,P48
640,2458811.93059605,g,51.74881046634228,3.2015386428567245,19.615314694150236,0.06715652331914586,P48
641,2458811.93059605,g,51.74881046634228,3.2015386428567245,19.615314694150236,0.06715652331914586,P48
642,2458819.7365162005,g,2.7625790889644737,8.023723670795832,19.89163508017934,99.0,P48
643,2458820.743235,g,-96.9513605565482,31.39967304979744,18.410262174184567,99.0,P48
644,2458820.743235,g,-96.9513605565482,31.39967304979744,18.410262174184567,99.0,P48
645,2458828.9534491003,g,-10.73404101627961,31.319120661545977,18.413051089188116,99.0,P48
646,2458830.7182639,g,5.439770099366501,11.517348835484022,19.49919368697752,99.0,P48
647,2458830.7182639,g,5.439770099366501,11.517348835484022,19.49919368697752,99.0,P48
648,2458831.7160764,g,-22.82894609442285,16.42702337103629,19.113677801608553,99.0,P48
649,2458833.7011458,g,2.4545177843057466,7.285327938040573,19.996452225018494,99.0,P48
650,2458833.7011458,g,2.4545177843057466,7.285327938040573,19.996452225018494,99.0,P48
651,2458834.7284722,g,-10.65366077659789,10.455072781988507,19.60425733800075,99.0,P48
652,2458835.7218633997,g,43.60857139025858,60.40916398702202,17.699817925425407,99.0,P48
653,2458835.7218633997,g,43.60857139025858,60.40916398702202,17.699817925425407,99.0,P48
654,2458837.72234375,g,-7.272181379589837,3.34070831303105,20.842978594715337,99.0,P48
655,2458837.72234375,g,-7.272181379589837,3.34070831303105,20.842978594715337,99.0,P48
656,2458838.72015625,g,4.401289692851384,10.33072972037765,19.61724749069964,99.0,P48
657,2458838.72015625,g,4.401289692851384,10.33072972037765,19.61724749069964,99.0,P48
658,2458839.7421528,g,-14.842483464181079,204.17265369555886,16.377581055463747,99.0,P48
659,2458846.7391088,g,-1.8531117749026804,4.070664864873393,20.628411617470494,99.0,P48
660,2458849.9761921,g,3.403132984398006,5.187269588565267,20.36522794070876,99.0,P48
661,2458851.6606366,g,-1.0831313197710954,20.710213099461793,18.86211357009578,99.0,P48
662,2458852.9714352,g,-1.056225454232416,3.651583102481884,20.746372017323814,99.0,P48
663,2458853.9505787003,g,-4.742073318070254,3.3496044282882607,20.84009118407176,99.0,P48
664,2458854.9890625,g,-18.17169735853133,8.542794330034681,19.823575112315595,99.0,P48
665,2458855.6752082994,g,4.015662473358278,12.441996864127878,19.415349770291478,99.0,P48
666,2458856.6002082997,g,3.1255314442016515,12.42821123822303,19.41655342364424,99.0,P48
667,2458859.6334837996,g,12.412637669439176,16.953097021086254,19.079452370525267,99.0,P48
668,2458861.6172569,g,-2.7509699505954623,5.144691480664075,20.37417664941315,99.0,P48
669,2458863.6647337996,g,-3.246530696674736,11.017802937800758,19.54733748815162,99.0,P48
670,2458864.6742477,g,-4.049247935443078,2.3091249583679847,21.24395640062916,99.0,P48
671,2458864.6742477,g,-4.049247935443078,2.3091249583679847,21.24395640062916,99.0,P48
672,2458867.7180439997,g,3.0144724579215576,3.4824740927758553,20.797855253524286,99.0,P48
673,2458871.7188079,g,-3.432458856261802,3.6018301754393405,20.76126690868429,99.0,P48
674,2458872.71077545,g,0.2210307371658756,2.144003026280107,21.32451150408034,99.0,P48
675,2458872.71077545,g,0.2210307371658756,2.144003026280107,21.32451150408034,99.0,P48
676,2458873.6304745,g,-5.89995272385337,3.4524824734320707,20.80724628277192,99.0,P48
677,2458874.6977315,g,-8.631994713235636,7.195050173256017,20.00999042228581,99.0,P48
678,2458875.6768287,g,-3.7415481282862553,3.347017183946097,20.84093013396479,99.0,P48
679,2458876.6828241,g,-0.708558580427214,3.4561863127950314,20.806082124233512,99.0,P48
680,2458878.7221412,g,-10.031177311759325,5.608603734529456,20.28043809709954,99.0,P48
681,2458879.6159375,g,8.875966716402512,7.5162010366051035,19.962579019901995,99.0,P48
682,2458881.665625,g,-3.527439609147966,6.031096031253562,20.201584380007326,99.0,P48
683,2458886.6862383997,g,-4.40116285891033,11.56734266280062,19.494490986645005,99.0,P48
684,2458895.6621991,g,-6.8679254640162215,3.3598470230601394,20.83677622913273,99.0,P48
685,2458898.7118924,g,-7.0733924564361175,2.1094409434032446,21.342156561064673,99.0,P48
686,2458898.7118924,g,-7.0733924564361175,2.1094409434032446,21.342156561064673,99.0,P48
687,2458903.6323957997,g,-3.1829035752571935,4.561252390169638,20.504864729284805,99.0,P48
688,2458906.6589236,g,-1.6907063500378918,5.912509835745884,20.223145298619126,99.0,P48
689,2458909.6985417004,g,3.497668917821322,7.039625968059977,20.0337010274989,99.0,P48
690,2458912.642662,g,7.314267949895686,8.079256058802187,19.8841465576541,99.0,P48
691,2458915.6821644,g,-1.6982689700561682,9.439241789261843,19.71523221209179,99.0,P48
692,2458941.6601042002,g,-4.044001905531963,7.594172466641562,19.951373849374562,99.0,P48
693,2458944.6977431,g,0.5845309852256791,14.561084292676243,19.244590699246128,99.0,P48
694,2458956.7132176002,g,-1.9850252608512156,5.8132864804953535,20.241520675045862,99.0,P48
695,2458964.6645023,g,0.1421229853851861,5.112034459049474,20.381090557561187,99.0,P48
696,2458967.6963194,g,-5.430362625560283,7.971490872664629,19.89872610624049,99.0,P48
697,2458973.7043287004,g,6.676092991827887,14.509127648969274,19.24847173522412,99.0,P48
698,2459092.9249306,g,-11.740834513267123,13.404120798866078,19.33447915647782,99.0,P48
699,2459095.0148957996,g,2.018231913973503,12.560944989277763,19.405019205109518,99.0,P48
700,2459097.0136574,g,3.1087579479166307,11.404609483940687,19.50987394221582,99.0,P48
701,2459099.9097801005,g,4.933127659053363,16.366798661350593,19.11766563938921,99.0,P48
702,2459109.0164352003,g,5.2546532200698,5.339622500648136,20.33379860299334,99.0,P48
703,2459111.8870486,g,-6.270564092378242,4.918606519278903,20.422969786462097,99.0,P48
704,2459115.0096759,g,1.0552777632581822,3.7275830087619624,20.724006680546992,99.0,P48
705,2459117.0153241,g,-6.511261674140045,3.2016218177034865,20.889149912069712,99.0,P48
706,2459118.9923264,g,0.08307232969201739,2.591495405100157,21.11869888130444,99.0,P48
707,2459120.9097338,g,-4.590790997160446,3.624073020389162,20.754582640245836,99.0,P48
708,2459120.9097338,g,-4.590790997160446,3.624073020389162,20.754582640245836,99.0,P48
709,2459121.94950235,g,-1.9607093963420559,2.83065157979882,21.02285894898903,99.0,P48
710,2459121.94950235,g,-1.9607093963420559,2.83065157979882,21.02285894898903,99.0,P48
711,2459122.8690278,g,20.042296690122424,12.707106343303058,19.392458328001652,99.0,P48
712,2459125.9231597,g,11.858595529672787,9.362804173834094,19.724060138994123,99.0,P48
713,2459127.9243866,g,17.159769801169595,31.348381834046112,18.412037169200218,99.0,P48
714,2459129.9210995,g,-14.206186425820135,9.34698722185806,19.72589586673017,99.0,P48
715,2459131.8808796,g,-14.041616549930037,30.20119848140923,18.452514545381717,99.0,P48
716,2459135.9310301,g,-2.7172510965888512,2.866804141526439,21.009079931157075,99.0,P48
717,2459137.9490046003,g,0.15311019726125574,2.8944306909218818,20.998667102770973,99.0,P48
718,2459139.9142361,g,-2.6198866158983156,4.385434736386521,20.547543358499325,99.0,P48
719,2459141.946794,g,-0.6754986338676163,2.9230948283745066,20.98796772773202,99.0,P48
720,2459143.9122685003,g,-7.0937973788265145,2.9137351564141993,20.991449803944185,99.0,P48
721,2459145.93625,g,1.4772489883662763,2.983634823586334,20.965710820682503,99.0,P48
722,2459149.9865625,g,-3.3533294023748756,4.060962346062713,20.63100258251994,99.0,P48
723,2459151.8903356004,g,1.5800974329853739,9.606464739133294,19.696166006659176,99.0,P48
