,JD,Filter,Flux,eFlux,Mag,eMag,Telescope
0,2458274.9767014,r,8.989352316535415,18.319391051479542,18.995297405810945,99.0,P48
1,2458280.9748727,r,-9.98119256912042,12.606603210095626,19.401079779832248,99.0,P48
2,2458283.9700579,r,4.888021617615455,12.158077467757856,19.440412723519366,99.0,P48
3,2458286.9715162003,r,-1.2531366448691668,12.764043790322473,19.387604275453658,99.0,P48
4,2458289.9728587996,r,6.5645126863300876,9.783987650425393,19.676285249529762,99.0,P48
5,2458297.9271180998,r,12.620308918541571,20.620140065569153,18.86684596173093,99.0,P48
6,2458300.9221065,r,4.651510796562783,13.621624060306816,19.31700276383379,99.0,P48
7,2458303.9685301003,r,0.8350866305351954,9.686292043109662,19.687181091786147,99.0,P48
8,2458312.9530323995,r,0.6815349668096871,6.9683220989152925,20.044754446679413,99.0,P48
9,2458315.9693403,r,5.833367242042235,7.111447331720701,20.022679994293377,99.0,P48
10,2458321.9749768996,r,-5.678379123227257,6.080391950620024,20.192746050638902,99.0,P48
11,2458324.9660301004,r,0.7713600897879312,6.631071358857758,20.09861573539885,99.0,P48
12,2458327.91020834,r,13.180071469927384,10.452073074318086,19.60456889571084,99.0,P48
13,2458327.91020834,r,13.180071469927384,10.452073074318086,19.60456889571084,99.0,P48
14,2458327.91020834,r,13.180071469927384,10.452073074318086,19.60456889571084,99.0,P48
15,2458327.91020834,r,13.180071469927384,10.452073074318086,19.60456889571084,99.0,P48
16,2458327.91020834,r,13.180071469927384,10.452073074318086,19.60456889571084,99.0,P48
17,2458330.9300347,r,2.2554068454884537,15.932432662172596,19.14686976009373,99.0,P48
18,2458332.909490725,r,-3.176063067520886,5.727780954698728,20.2576089865043,99.0,P48
19,2458332.909490725,r,-3.176063067520886,5.727780954698728,20.2576089865043,99.0,P48
20,2458332.909490725,r,-3.176063067520886,5.727780954698728,20.2576089865043,99.0,P48
21,2458332.909490725,r,-3.176063067520886,5.727780954698728,20.2576089865043,99.0,P48
22,2458333.9997337996,r,-5.455646138799634,11.732946309129488,19.479057280882017,99.0,P48
23,2458334.9259799332,r,-1.5186430360334813,4.568567272742977,20.503124928316968,99.0,P48
24,2458334.9259799332,r,-1.5186430360334813,4.568567272742977,20.503124928316968,99.0,P48
25,2458334.9259799332,r,-1.5186430360334813,4.568567272742977,20.503124928316968,99.0,P48
26,2458335.9227719996,r,-3.133417409086465,4.047315503266956,20.6346573377146,99.0,P48
27,2458335.9227719996,r,-3.133417409086465,4.047315503266956,20.6346573377146,99.0,P48
28,2458336.943865767,r,5.411702546511897,3.7047519722405586,20.73067714439922,99.0,P48
29,2458336.943865767,r,5.411702546511897,3.7047519722405586,20.73067714439922,99.0,P48
30,2458336.943865767,r,5.411702546511897,3.7047519722405586,20.73067714439922,99.0,P48
31,2458343.9695718,r,5.2350079056038,5.409503666850196,20.319681440366097,99.0,P48
32,2458344.9523147997,r,-6.669666715575957,3.741013529049123,20.72010179218706,99.0,P48
33,2458346.9060532004,r,-9.760460764664817,5.479757775100645,20.305671585313164,99.0,P48
34,2458349.969213,r,-5.285328081700814,5.25185858392319,20.351792430692832,99.0,P48
35,2458352.9726852,r,0.25196416566872853,5.077336831205293,20.38848505037395,99.0,P48
36,2458353.8483681,r,2.8575809678064403,6.808763420646559,20.069904378377302,99.0,P48
37,2458354.8310417,r,3.6768343537063113,8.058910674596316,19.886884134021948,99.0,P48
38,2458355.90761575,r,1.9588016247217124,6.2661523661027205,20.160072612000523,99.0,P48
39,2458355.90761575,r,1.9588016247217124,6.2661523661027205,20.160072612000523,99.0,P48
40,2458356.825081,r,5.433721287154013,10.45386882112351,19.60438237387549,99.0,P48
41,2458357.8435301003,r,-13.710009715550553,11.125257060313803,19.53679985270483,99.0,P48
42,2458358.9222569,r,5.981757576514668,15.751938389002671,19.15923997799689,99.0,P48
43,2458359.8959491,r,1.0936770328433056,10.089209279666468,19.6429321625008,99.0,P48
44,2458362.8747685,r,-3.0107952428891824,6.8969507673462065,20.055932174494323,99.0,P48
45,2458363.9493403,r,3.4918121080877236,6.073350093321031,20.19400419817012,99.0,P48
46,2458364.8551273,r,-3.35890053873327,4.651065979433311,20.48369373815553,99.0,P48
47,2458364.8551273,r,-3.35890053873327,4.651065979433311,20.48369373815553,99.0,P48
48,2458365.8696644,r,5.831343930127802,5.414742214561523,20.31863052533388,99.0,P48
49,2458366.8933912003,r,-2.0378624913377337,3.504363786008101,20.791052029912432,99.0,P48
50,2458366.8933912003,r,-2.0378624913377337,3.504363786008101,20.791052029912432,99.0,P48
51,2458367.8898727,r,-7.039113549209439,5.313228455515432,20.339178764444597,99.0,P48
52,2458368.8314641,r,1.8047642225204945,3.6495468598629364,20.74697762834616,99.0,P48
53,2458368.8314641,r,1.8047642225204945,3.6495468598629364,20.74697762834616,99.0,P48
54,2458370.9138078997,r,-0.949649318850506,5.857023429965121,20.23338258578964,99.0,P48
55,2458372.8389873,r,2.9680956499392077,4.1619241570640195,20.604339584711624,99.0,P48
56,2458372.8389873,r,2.9680956499392077,4.1619241570640195,20.604339584711624,99.0,P48
57,2458373.9532755003,r,1.8763258177452797,7.389747601497838,19.981000976105456,99.0,P48
58,2458374.8713194495,r,-2.5500632891060055,3.7818276528899615,20.708320656406947,99.0,P48
59,2458374.8713194495,r,-2.5500632891060055,3.7818276528899615,20.708320656406947,99.0,P48
60,2458376.8739468,r,-10.687229669241265,6.16507979726293,20.177728233591857,99.0,P48
61,2458379.8772569,r,-6.722122589684001,6.083987011274782,20.192104293647112,99.0,P48
62,2458380.8035995504,r,-12.748905352417182,4.640607378594027,20.486137923597767,99.0,P48
63,2458380.8035995504,r,-12.748905352417182,4.640607378594027,20.486137923597767,99.0,P48
64,2458382.8617708,r,-2.7511674113169824,9.704525818795922,19.685139189645867,99.0,P48
65,2458383.8185764,r,3.129721052186608,7.212908180628314,20.007298979875785,99.0,P48
66,2458385.8076389,r,-16.872927158443336,17.360685570490226,19.053657810676,99.0,P48
67,2458386.8601736,r,-2.995223219545213,12.337131584561957,19.424539497089484,99.0,P48
68,2458388.7851505,r,-8.35811957203344,12.934588968981265,19.373193408140374,99.0,P48
69,2458397.9089698996,r,-7.324990088485016,6.895350814551884,20.056184072507456,99.0,P48
70,2458423.8215741003,r,2.057012918331631,5.378352167373675,20.32595189954602,99.0,P48
71,2458423.8215741003,r,2.057012918331631,5.378352167373675,20.32595189954602,99.0,P48
72,2458425.7634028,r,4.4438726391401815,6.795647393959832,20.071997897845748,99.0,P48
73,2458426.7617361,r,-7.057068206027541,7.268651060849754,19.99894043766117,99.0,P48
74,2458427.7481019,r,32.04636897300569,23.66024131159257,18.717527064913835,99.0,P48
75,2458429.78368055,r,8.770913931893416,4.232123269336138,20.586179216820863,99.0,P48
76,2458429.78368055,r,8.770913931893416,4.232123269336138,20.586179216820863,99.0,P48
77,2458431.8280787,r,10.460999327220417,9.847964202568043,19.669208836004785,99.0,P48
78,2458432.79098955,r,-8.08617385740595,5.585362971679054,20.28494648533613,99.0,P48
79,2458432.79098955,r,-8.08617385740595,5.585362971679054,20.28494648533613,99.0,P48
80,2458435.7792477002,r,8.447306519978051,6.970108162131997,20.04447619533078,99.0,P48
81,2458435.7792477002,r,8.447306519978051,6.970108162131997,20.04447619533078,99.0,P48
82,2458436.7697106004,r,12.301605535016316,31.929530077642266,18.392093671999305,99.0,P48
83,2458437.783206,r,0.6307724865002869,6.133023157928439,20.18338847775854,99.0,P48
84,2458438.7746759,r,41.82873344451982,124.49472984200688,16.91469757140345,99.0,P48
85,2458439.7656597,r,-34.44345313357625,19.526360050259882,18.926021756441912,99.0,P48
86,2458441.7948958,r,-11.931121107043461,22.584746201339204,18.768036952932274,99.0,P48
87,2458443.6334953997,r,1.0244715309339134,12.058930623894833,19.449302997579416,99.0,P48
88,2458447.8268171,r,-8.970522454232794,19.504149207206297,18.92725746253457,99.0,P48
89,2458449.7501736,r,3.987234004111237,8.12324156724616,19.87825156819951,99.0,P48
90,2458450.7847743,r,-3.867140397558899,25.23858001910714,18.647412697041723,99.0,P48
91,2458450.7847743,r,-3.867140397558899,25.23858001910714,18.647412697041723,99.0,P48
92,2458455.7995948996,r,-11.104228546768896,9.288071933246409,19.732761063609765,99.0,P48
93,2458456.72472225,r,3.982259718948529,4.935820814314337,20.419176526491157,99.0,P48
94,2458456.72472225,r,3.982259718948529,4.935820814314337,20.419176526491157,99.0,P48
95,2458457.6974595003,r,-9.893620097015175,6.60692893041478,20.10257590115183,99.0,P48
96,2458457.6974595003,r,-9.893620097015175,6.60692893041478,20.10257590115183,99.0,P48
97,2458461.7676852,r,-15.627541385417643,8.741983185291577,19.79855007212582,99.0,P48
98,2458464.7827546,r,-12.27403659940023,9.423986262259112,19.716988378274536,99.0,P48
99,2458468.7612847,r,4.50612431294892,11.444165407621162,19.506114673584406,99.0,P48
100,2458471.690756167,r,-9.759229489107117,15.339962122172173,19.188014271051916,99.0,P48
101,2458471.690756167,r,-9.759229489107117,15.339962122172173,19.188014271051916,99.0,P48
102,2458471.690756167,r,-9.759229489107117,15.339962122172173,19.188014271051916,99.0,P48
103,2458474.6527778,r,-1.5120118622305359,15.308850426636349,19.190218539539202,99.0,P48
104,2458481.8041551,r,9.193675544756404,15.095379813532125,19.205464877304728,99.0,P48
105,2458486.6131713,r,-10.25333163777785,9.415292004133534,19.717990504933226,99.0,P48
106,2458490.6527546,r,-2.7381118205678474,8.487170734762556,19.83066764195462,99.0,P48
107,2458493.6163772997,r,-4.616728489953917,9.622928776548417,19.69430681064746,99.0,P48
108,2458503.6166898,r,5.167306113095725,17.829044755431788,19.024754801238146,99.0,P48
109,2458510.6188657,r,-0.9185844487568238,20.292506642046735,18.88423574718403,99.0,P48
110,2458523.655081,r,-6.169530292615759,10.208464068635127,19.63017397789337,99.0,P48
111,2458627.96895835,r,-1.4126657714300992,8.804995891502905,19.790752095016714,99.0,P48
112,2458627.96895835,r,-1.4126657714300992,8.804995891502905,19.790752095016714,99.0,P48
113,2458627.96895835,r,-1.4126657714300992,8.804995891502905,19.790752095016714,99.0,P48
114,2458627.96895835,r,-1.4126657714300992,8.804995891502905,19.790752095016714,99.0,P48
115,2458633.96417535,r,-8.592124509147249,6.289676922266116,20.15600414441825,99.0,P48
116,2458633.96417535,r,-8.592124509147249,6.289676922266116,20.15600414441825,99.0,P48
117,2458633.96417535,r,-8.592124509147249,6.289676922266116,20.15600414441825,99.0,P48
118,2458633.96417535,r,-8.592124509147249,6.289676922266116,20.15600414441825,99.0,P48
119,2458636.963700825,r,-7.620299042108491,4.997630763380781,20.405664573444323,99.0,P48
120,2458636.963700825,r,-7.620299042108491,4.997630763380781,20.405664573444323,99.0,P48
121,2458636.963700825,r,-7.620299042108491,4.997630763380781,20.405664573444323,99.0,P48
122,2458636.963700825,r,-7.620299042108491,4.997630763380781,20.405664573444323,99.0,P48
123,2458639.9658044,r,-14.681508477484368,4.590746298770027,20.49786675729319,99.0,P48
124,2458639.9658044,r,-14.681508477484368,4.590746298770027,20.49786675729319,99.0,P48
125,2458639.9658044,r,-14.681508477484368,4.590746298770027,20.49786675729319,99.0,P48
126,2458639.9658044,r,-14.681508477484368,4.590746298770027,20.49786675729319,99.0,P48
127,2458652.9515741,r,-32.16162023299538,20.82853787920153,18.855928028078594,99.0,P48
128,2458655.9482292,r,-23.24687263687697,19.013058263825382,18.954945041515295,99.0,P48
129,2458658.9098264,r,-1.8011951616813993,13.72255789126321,19.308987310128096,99.0,P48
130,2458661.9361806,r,-21.278973681665807,11.501244230914038,19.500712924495424,99.0,P48
131,2458666.9248957997,r,-15.397571902767277,7.439506311216414,19.97371469781823,99.0,P48
132,2458669.9341088,r,-3.881603855944754,7.222137348443091,20.00591063053092,99.0,P48
133,2458672.9685648,r,-11.045664329377896,6.400563275792796,20.13702950076111,99.0,P48
134,2458678.9880093,r,-13.685131642141513,8.71027562274185,19.802495244711412,99.0,P48
135,2458681.9472454,r,-3.3982995306404624,15.195781025532003,19.1982674225324,99.0,P48
136,2458688.9252199,r,-15.969964652017518,8.717469899352405,19.801598847983918,99.0,P48
137,2458691.9321181,r,-0.30587743951965135,7.405955818277427,19.9786221970353,99.0,P48
138,2458694.9103125,r,-4.185052262503755,5.019759979531978,20.400867609672346,99.0,P48
139,2458697.9319676002,r,-8.803344118673047,6.070214224064873,20.19456494405518,99.0,P48
140,2458700.9504861,r,-2.925363790092617,6.022323215459563,20.203164838665934,99.0,P48
141,2458703.9301389,r,-13.86661314902276,6.410365206465235,20.135368057861157,99.0,P48
142,2458706.9076736,r,-12.503139601971323,6.4762665474024255,20.124263201771697,99.0,P48
143,2458709.9085995,r,-14.291201094252674,11.034742676545344,19.545669463825245,99.0,P48
144,2458710.893125,r,-1.5960924041116444,6.876532205762068,20.059151285861354,99.0,P48
145,2458710.893125,r,-1.5960924041116444,6.876532205762068,20.059151285861354,99.0,P48
146,2458711.90288195,r,-7.019900136207929,6.195985212605914,20.17229905766674,99.0,P48
147,2458711.90288195,r,-7.019900136207929,6.195985212605914,20.17229905766674,99.0,P48
148,2458712.9271180998,r,1.669580324385457,12.79558814529556,19.384924356922383,99.0,P48
149,2458713.8864988005,r,-4.021012372780222,7.2824855464907845,19.996875910763258,99.0,P48
150,2458713.8864988005,r,-4.021012372780222,7.2824855464907845,19.996875910763258,99.0,P48
151,2458715.9284953997,r,-6.372133416774777,11.886242310183652,19.464963540561985,99.0,P48
152,2458718.0074479003,r,-7.106323922787989,7.3465758958972005,19.98736256526286,99.0,P48
153,2458718.0074479003,r,-7.106323922787989,7.3465758958972005,19.98736256526286,99.0,P48
154,2458718.9949498666,r,-4.358632171845308,5.123193391891539,20.378723113988865,99.0,P48
155,2458718.9949498666,r,-4.358632171845308,5.123193391891539,20.378723113988865,99.0,P48
156,2458718.9949498666,r,-4.358632171845308,5.123193391891539,20.378723113988865,99.0,P48
157,2458719.9089062503,r,-4.554345799906481,4.243156037512401,20.58335248222481,99.0,P48
158,2458719.9089062503,r,-4.554345799906481,4.243156037512401,20.58335248222481,99.0,P48
159,2458721.9535648,r,4.475382247090283,10.01942065330678,19.65046846336235,99.0,P48
160,2458724.8977932003,r,-5.751403469033429,3.363780148929693,20.835505980937135,99.0,P48
161,2458724.8977932003,r,-5.751403469033429,3.363780148929693,20.835505980937135,99.0,P48
162,2458724.8977932003,r,-5.751403469033429,3.363780148929693,20.835505980937135,99.0,P48
163,2458726.8902373,r,3.5651468204452805,3.399504610134872,20.82403590299547,99.0,P48
164,2458726.8902373,r,3.5651468204452805,3.399504610134872,20.82403590299547,99.0,P48
165,2458727.988125,r,-12.472159370525466,6.035133600767946,20.200857767685456,99.0,P48
166,2458732.9672338,r,-6.036276190196406,5.795361558125619,20.244873649929204,99.0,P48
167,2458735.8787268996,r,-6.343214529294144,7.398343782415198,19.97973871911048,99.0,P48
168,2458738.86810475,r,-4.4927685311930405,5.5271679667221045,20.296318332449438,99.0,P48
169,2458738.86810475,r,-4.4927685311930405,5.5271679667221045,20.296318332449438,99.0,P48
170,2458738.86810475,r,-4.4927685311930405,5.5271679667221045,20.296318332449438,99.0,P48
171,2458738.86810475,r,-4.4927685311930405,5.5271679667221045,20.296318332449438,99.0,P48
172,2458739.9230517,r,-5.564046513057201,6.682406176508622,20.090242814625416,99.0,P48
173,2458739.9230517,r,-5.564046513057201,6.682406176508622,20.090242814625416,99.0,P48
174,2458739.9230517,r,-5.564046513057201,6.682406176508622,20.090242814625416,99.0,P48
175,2458740.9564274666,r,-2.9282080835171147,8.74671051737067,19.797963105963284,99.0,P48
176,2458740.9564274666,r,-2.9282080835171147,8.74671051737067,19.797963105963284,99.0,P48
177,2458740.9564274666,r,-2.9282080835171147,8.74671051737067,19.797963105963284,99.0,P48
178,2458741.888483775,r,-8.238413928482485,7.55287125759776,19.95729478416647,99.0,P48
179,2458741.888483775,r,-8.238413928482485,7.55287125759776,19.95729478416647,99.0,P48
180,2458741.888483775,r,-8.238413928482485,7.55287125759776,19.95729478416647,99.0,P48
181,2458741.888483775,r,-8.238413928482485,7.55287125759776,19.95729478416647,99.0,P48
182,2458743.8609027998,r,-22.587411587659854,21.060656130455772,18.843895246134394,99.0,P48
183,2458744.8884491003,r,1.2770122514209343,17.97584832325058,19.01585150182681,99.0,P48
184,2458745.90635995,r,-6.531872947466068,6.790982512450357,20.072743458883274,99.0,P48
185,2458745.90635995,r,-6.531872947466068,6.790982512450357,20.072743458883274,99.0,P48
186,2458747.9187307,r,-6.272644395737437,4.522658008487574,20.51409061720954,99.0,P48
187,2458747.9187307,r,-6.272644395737437,4.522658008487574,20.51409061720954,99.0,P48
188,2458747.9187307,r,-6.272644395737437,4.522658008487574,20.51409061720954,99.0,P48
189,2458748.8180266,r,5.959892076522279,3.9800695612425128,20.652848332970848,99.0,P48
190,2458748.8180266,r,5.959892076522279,3.9800695612425128,20.652848332970848,99.0,P48
191,2458750.8145910334,r,2.4762391639752077,3.8616156394946413,20.685652377406527,99.0,P48
192,2458750.8145910334,r,2.4762391639752077,3.8616156394946413,20.685652377406527,99.0,P48
193,2458750.8145910334,r,2.4762391639752077,3.8616156394946413,20.685652377406527,99.0,P48
194,2458751.7851330996,r,-13.716254962922745,4.331390255898546,20.561006701188532,99.0,P48
195,2458751.7851330996,r,-13.716254962922745,4.331390255898546,20.561006701188532,99.0,P48
196,2458757.8331944495,r,-11.674335581685796,5.203969714193926,20.361738088131666,99.0,P48
197,2458757.8331944495,r,-11.674335581685796,5.203969714193926,20.361738088131666,99.0,P48
198,2458758.8272337667,r,-2.990123949799593,3.429531388294982,20.814488034083062,99.0,P48
199,2458758.8272337667,r,-2.990123949799593,3.429531388294982,20.814488034083062,99.0,P48
200,2458758.8272337667,r,-2.990123949799593,3.429531388294982,20.814488034083062,99.0,P48
201,2458759.8369213,r,-9.688269583563851,6.849336015628454,20.0634538081389,99.0,P48
202,2458760.8236285,r,-2.9776071695936985,5.722990526917329,20.25851742157181,99.0,P48
203,2458760.8236285,r,-2.9776071695936985,5.722990526917329,20.25851742157181,99.0,P48
204,2458761.857291667,r,-0.26402984384404554,4.06213176585104,20.63068997222784,99.0,P48
205,2458761.857291667,r,-0.26402984384404554,4.06213176585104,20.63068997222784,99.0,P48
206,2458761.857291667,r,-0.26402984384404554,4.06213176585104,20.63068997222784,99.0,P48
207,2458763.8250665497,r,-3.526458501302539,4.017577661347042,20.642664287663294,99.0,P48
208,2458763.8250665497,r,-3.526458501302539,4.017577661347042,20.642664287663294,99.0,P48
209,2458763.8250665497,r,-3.526458501302539,4.017577661347042,20.642664287663294,99.0,P48
210,2458763.8250665497,r,-3.526458501302539,4.017577661347042,20.642664287663294,99.0,P48
211,2458764.6336343,r,-19.917586989919275,14.111701622111175,19.278626526259572,99.0,P48
212,2458765.633831,r,-2.9015055819605364,13.889972865786133,19.29582149581139,99.0,P48
213,2458766.6335648,r,-10.168718928735885,21.51924898505056,18.820507212861315,99.0,P48
214,2458767.6337616,r,7.276680519261804,29.746135203027066,18.46899862021972,99.0,P48
215,2458768.6339698997,r,-22.854029487884873,26.438616208016562,18.596978187858703,99.0,P48
216,2458769.6335185003,r,-4.6927673899434925,33.635487715556195,18.33558066579202,99.0,P48
217,2458770.6345948996,r,-21.094754808683305,32.185774944987166,18.383415063639475,99.0,P48
218,2458771.6345602,r,2.594567186160816,31.486125174001597,18.407276944991004,99.0,P48
219,2458772.6347569,r,6.414988443709464,21.59009723267939,18.816938493616057,99.0,P48
220,2458773.6346643995,r,-10.850951220085527,14.247238157568297,19.268248279031624,99.0,P48
221,2458774.6349653,r,-14.991031071323812,13.4891360943151,19.327614648242978,99.0,P48
222,2458775.6346875,r,1.0543783033986764,8.805446416537656,19.790696542596972,99.0,P48
223,2458776.6344792005,r,-16.179001271041262,9.54577050142575,19.703047516944885,99.0,P48
224,2458777.6348842997,r,-13.299880655024651,13.614935040155801,19.317536055243437,99.0,P48
225,2458778.635081,r,-17.007310530626192,8.685305703099132,19.805612216073058,99.0,P48
226,2458781.6347801,r,-12.170805534438506,15.2636938991565,19.19342586908934,99.0,P48
227,2458782.6338889,r,-13.967679480616553,10.25475632116353,19.625261626919077,99.0,P48
228,2458783.6351042003,r,1.3052024067770454,10.39754059774372,19.610248427245175,99.0,P48
229,2458785.6347338,r,-0.9701322839271244,8.953067092197017,19.77264539164326,99.0,P48
230,2458786.6416319,r,2.055943679400507,11.155978125074729,19.533805854111964,99.0,P48
231,2458787.6339931,r,-2.163882149600232,13.772987442920089,19.305004610330485,99.0,P48
232,2458788.6348957997,r,3.970360633035179,11.554419630468212,19.49570464893957,99.0,P48
233,2458789.6992535,r,-5.405438124913081,7.571561192797498,19.9546113975724,99.0,P48
234,2458789.6992535,r,-5.405438124913081,7.571561192797498,19.9546113975724,99.0,P48
235,2458790.6908681,r,-2.0153278558279912,9.779132823696015,19.67682412687943,99.0,P48
236,2458791.8463889,r,-1.141445691385565,7.678793228318202,19.939342556093724,99.0,P48
237,2458792.67872685,r,-3.5569387828430536,7.096111198139616,20.02502395816333,99.0,P48
238,2458792.67872685,r,-3.5569387828430536,7.096111198139616,20.02502395816333,99.0,P48
239,2458793.6240741,r,-12.895117932029127,12.469558676178908,19.412947281263897,99.0,P48
240,2458794.8026042003,r,0.9390212648586461,9.636114038299828,19.692820161655916,99.0,P48
241,2458795.8158218,r,-14.775464126422373,11.979566151509378,19.456472264021976,99.0,P48
242,2458796.6244213,r,-13.186684847747438,17.21877756974008,19.062569199408998,99.0,P48
243,2458797.8184606005,r,-3.786948256933969,19.51222251350012,18.92680813930569,99.0,P48
244,2458798.734213,r,-12.446648229974267,22.783094573846768,18.758543206805307,99.0,P48
245,2458799.8062384,r,-10.960392017384121,28.23742947737513,18.52551209094803,99.0,P48
246,2458800.80088545,r,3.9257933523445105,14.397881917247467,19.25682847060756,99.0,P48
247,2458800.80088545,r,3.9257933523445105,14.397881917247467,19.25682847060756,99.0,P48
248,2458801.7883217996,r,-6.868174682506282,14.500885028774789,19.249088716092583,99.0,P48
249,2458801.7883217996,r,-6.868174682506282,14.500885028774789,19.249088716092583,99.0,P48
250,2458803.76998265,r,-5.902703503162831,10.622311804735716,19.5870273755501,99.0,P48
251,2458803.76998265,r,-5.902703503162831,10.622311804735716,19.5870273755501,99.0,P48
252,2458804.7230323995,r,-14.202494583099195,15.825628772930125,19.154172553859997,99.0,P48
253,2458805.7248032,r,-2.020239535045087,9.92920672997307,19.66028860673243,99.0,P48
254,2458806.7155903,r,0.5516509106673773,8.9608072000778,19.77170715620175,99.0,P48
255,2458811.6531713,r,7.31797604698997,9.414996182299644,19.71802461853489,99.0,P48
256,2458812.6910706,r,-7.71844791555659,5.530385806266218,20.29568641601213,99.0,P48
257,2458812.6910706,r,-7.71844791555659,5.530385806266218,20.29568641601213,99.0,P48
258,2458814.6789236,r,-10.543610524630724,19.726351523564823,18.914958069200473,99.0,P48
259,2458819.6345081497,r,-28.697739348136256,8.038717094898503,19.88960812694763,99.0,P48
260,2458819.6345081497,r,-28.697739348136256,8.038717094898503,19.88960812694763,99.0,P48
261,2458820.6234606,r,-11.651776914683955,46.092069341023716,17.993509472742474,99.0,P48
262,2458827.7419097,r,9.487687305858511,23.56719506935276,18.721805247782477,99.0,P48
263,2458828.7104398,r,-27.036682789187196,43.31713582098008,18.060925657034513,99.0,P48
264,2458830.75912035,r,-3.35659956933903,9.899420392834182,19.663550570232417,99.0,P48
265,2458830.75912035,r,-3.35659956933903,9.899420392834182,19.663550570232417,99.0,P48
266,2458831.5977778,r,-4.775855904670267,8.99065487554859,19.76809667237451,99.0,P48
267,2458833.6961863,r,-5.902079558206585,8.498422003920972,19.829229256818536,99.0,P48
268,2458833.6961863,r,-5.902079558206585,8.498422003920972,19.829229256818536,99.0,P48
269,2458836.6010301,r,0.008247414363402601,10.288249418385982,19.621721278350215,99.0,P48
270,2458837.5815162,r,4.09667780427928,7.894191141062861,19.909305894897997,99.0,P48
271,2458839.5917708,r,0.20948735302554766,49.26772109251411,17.921168803679475,99.0,P48
272,2458846.6420255,r,7.801315108085493,8.550590323585164,19.8225847416888,99.0,P48
273,2458849.61456595,r,-4.673702523370186,5.816759271551228,20.24087226227546,99.0,P48
274,2458849.61456595,r,-4.673702523370186,5.816759271551228,20.24087226227546,99.0,P48
275,2458852.6643634,r,-11.937870514468697,9.252023478779282,19.736983173646706,99.0,P48
276,2458853.6828703997,r,1.1494580738427136,28.175522922799207,18.527895026488046,99.0,P48
277,2458854.6352894,r,4.98256192603657,21.1154502111245,18.84107412508648,99.0,P48
278,2458855.7042245,r,-2.063010547288288,16.952625538926462,19.079482566327755,99.0,P48
279,2458856.6612153,r,-4.218754620848353,12.524354491171493,19.408186610525625,99.0,P48
280,2458859.6925462997,r,-1.7290116808211866,11.52592559993373,19.49838545947159,99.0,P48
281,2458859.6925462997,r,-1.7290116808211866,11.52592559993373,19.49838545947159,99.0,P48
282,2458860.6521064998,r,-3.8886164929406055,14.761021759498457,19.229783938065424,99.0,P48
283,2458861.6805323996,r,4.912936256007557,14.040699599500895,19.28410311984764,99.0,P48
284,2458867.5927662,r,-33.43647795058791,116.05890207843801,16.990878844645266,99.0,P48
285,2458871.6045139,r,-0.8599258384881507,7.297506942433094,19.994638697101653,99.0,P48
286,2458874.6156713,r,-3.768788526152917,7.743909424421758,19.930174327499977,99.0,P48
287,2458880.6590046003,r,-0.8447545925116104,12.317011677973197,19.42631160619396,99.0,P48
288,2458881.600625,r,-5.001577994689615,11.824204493446622,19.4706451591296,99.0,P48
289,2458884.6407292006,r,-0.07375228046858534,24.056399999423807,18.699498398126273,99.0,P48
290,2458887.6126852003,r,-13.256992065678604,11.938124703706348,19.460234711288013,99.0,P48
291,2458891.6178009,r,-7.727825915164991,10.676280448953065,19.581525055428735,99.0,P48
292,2458893.6264236,r,-1.057405415686062,4.421540059217174,20.538641078951724,99.0,P48
293,2458894.6363310004,r,-6.709562531893353,8.842262471158703,19.786166483577873,99.0,P48
294,2458905.6196065,r,17.657939290532635,21.85502657031391,18.803696642107937,99.0,P48
295,2458913.6593056,r,16.98198288569412,73.65877896634393,17.484513700845824,99.0,P48
296,2458991.9698727,r,-15.923835314979545,8.55741210814712,19.821718871006105,99.0,P48
297,2458991.9698727,r,-15.923835314979545,8.55741210814712,19.821718871006105,99.0,P48
298,2458993.9681211333,r,-20.182221260992424,11.050960612128248,19.544074911660562,99.0,P48
299,2458993.9681211333,r,-20.182221260992424,11.050960612128248,19.544074911660562,99.0,P48
300,2458993.9681211333,r,-20.182221260992424,11.050960612128248,19.544074911660562,99.0,P48
301,2458995.9648321746,r,-6.75769955190283,5.8175908040345865,20.240717062385773,99.0,P48
302,2458995.9648321746,r,-6.75769955190283,5.8175908040345865,20.240717062385773,99.0,P48
303,2458995.9648321746,r,-6.75769955190283,5.8175908040345865,20.240717062385773,99.0,P48
304,2458995.9648321746,r,-6.75769955190283,5.8175908040345865,20.240717062385773,99.0,P48
305,2458997.9622569503,r,-14.37807145492235,6.538178095105423,20.11393312350009,99.0,P48
306,2458997.9622569503,r,-14.37807145492235,6.538178095105423,20.11393312350009,99.0,P48
307,2458997.9622569503,r,-14.37807145492235,6.538178095105423,20.11393312350009,99.0,P48
308,2458997.9622569503,r,-14.37807145492235,6.538178095105423,20.11393312350009,99.0,P48
309,2458999.9689158997,r,-25.933804420559333,13.167634981560699,19.353805541636184,99.0,P48
310,2458999.9689158997,r,-25.933804420559333,13.167634981560699,19.353805541636184,99.0,P48
311,2458999.9689158997,r,-25.933804420559333,13.167634981560699,19.353805541636184,99.0,P48
312,2459001.96570025,r,-10.066245281170639,9.261617719743091,19.735857861171176,99.0,P48
313,2459001.96570025,r,-10.066245281170639,9.261617719743091,19.735857861171176,99.0,P48
314,2459001.96570025,r,-10.066245281170639,9.261617719743091,19.735857861171176,99.0,P48
315,2459001.96570025,r,-10.066245281170639,9.261617719743091,19.735857861171176,99.0,P48
316,2459005.9691551,r,0.08176951800277801,13.391280038488842,19.335519758899856,99.0,P48
317,2459005.9691551,r,0.08176951800277801,13.391280038488842,19.335519758899856,99.0,P48
318,2459005.9691551,r,0.08176951800277801,13.391280038488842,19.335519758899856,99.0,P48
319,2459005.9691551,r,0.08176951800277801,13.391280038488842,19.335519758899856,99.0,P48
320,2459009.971478575,r,-7.523284236102842,10.575367644793957,19.591836303574183,99.0,P48
321,2459009.971478575,r,-7.523284236102842,10.575367644793957,19.591836303574183,99.0,P48
322,2459009.971478575,r,-7.523284236102842,10.575367644793957,19.591836303574183,99.0,P48
323,2459009.971478575,r,-7.523284236102842,10.575367644793957,19.591836303574183,99.0,P48
324,2459024.9698957996,r,-4.838683497481968,9.431974095998553,19.716068490807388,99.0,P48
325,2459030.970162,r,-5.15406354063134,9.122641654080072,19.752273449899242,99.0,P48
326,2459033.8632755,r,-34.35377588704465,27.150071463510518,18.568147546505486,99.0,P48
327,2459039.9604861,r,-8.54752589991072,12.83842331981305,19.38129576034767,99.0,P48
328,2459042.9665508997,r,-7.26972500967104,9.664142838388406,19.689666638402784,99.0,P48
329,2459043.9866087995,r,-7.563776717678669,9.807127890232977,19.67372039223232,99.0,P48
330,2459044.9893287,r,0.9057882013204993,11.58297069211608,19.49302509548801,99.0,P48
331,2459045.866412,r,-7.318274149654423,8.42722874047529,19.838363033792596,99.0,P48
332,2459048.9309954,r,-10.241604478924902,6.395019061499051,20.13797038088734,99.0,P48
333,2459049.9154976998,r,-0.7664282554748464,4.486529693877808,20.522798623026596,99.0,P48
334,2459049.9154976998,r,-0.7664282554748464,4.486529693877808,20.522798623026596,99.0,P48
335,2459050.977228,r,-1.5820695017054645,4.416629089821353,20.539847667721943,99.0,P48
336,2459050.977228,r,-1.5820695017054645,4.416629089821353,20.539847667721943,99.0,P48
337,2459051.9346065,r,-5.282166673195227,6.751149391813504,20.07913069336862,99.0,P48
338,2459052.9273032,r,-3.2218274854777906,5.975403208430047,20.21165694929863,99.0,P48
339,2459053.9799768496,r,-5.7099649131931,4.664184201782956,20.480635755152306,99.0,P48
340,2459053.9799768496,r,-5.7099649131931,4.664184201782956,20.480635755152306,99.0,P48
341,2459054.9304861,r,0.08805850982863611,5.771962000145204,20.24926633105398,99.0,P48
342,2459055.9438426,r,-5.602830699709149,6.347658425849468,20.146041116983774,99.0,P48
343,2459056.97788195,r,-4.345148126343829,4.319781489635046,20.563920541246425,99.0,P48
344,2459056.97788195,r,-4.345148126343829,4.319781489635046,20.563920541246425,99.0,P48
345,2459057.9824016504,r,0.4910205281473146,5.066372454822685,20.39083220459569,99.0,P48
346,2459057.9824016504,r,0.4910205281473146,5.066372454822685,20.39083220459569,99.0,P48
347,2459059.9720081002,r,-12.53786830460798,4.261565654546332,20.578652030011988,99.0,P48
348,2459059.9720081002,r,-12.53786830460798,4.261565654546332,20.578652030011988,99.0,P48
349,2459060.9523032,r,-5.561369005130978,5.611892969103578,20.27980154040162,99.0,P48
350,2459061.8708102,r,-10.530132269130458,9.110904407764961,19.753671264124236,99.0,P48
351,2459062.9769213,r,-1.4712322402806064,7.03163571361095,20.034934081033008,99.0,P48
352,2459063.891088,r,-0.6661277685812849,14.628845711617474,19.23954984043111,99.0,P48
353,2459064.8965683,r,-6.095652975751592,10.967714816360177,19.55228461576287,99.0,P48
354,2459064.8965683,r,-6.095652975751592,10.967714816360177,19.55228461576287,99.0,P48
355,2459065.9065046497,r,-11.443797994977105,12.379548718303656,19.420812955947834,99.0,P48
356,2459065.9065046497,r,-11.443797994977105,12.379548718303656,19.420812955947834,99.0,P48
357,2459066.9986342997,r,-6.9436256009692086,16.00134101753935,19.142184036877566,99.0,P48
358,2459067.93109955,r,-4.587490602743476,7.752677417082543,19.928945704940947,99.0,P48
359,2459067.93109955,r,-4.587490602743476,7.752677417082543,19.928945704940947,99.0,P48
360,2459068.9173553,r,-3.3227574490199143,7.666598612481548,19.941068173639557,99.0,P48
361,2459068.9173553,r,-3.3227574490199143,7.666598612481548,19.941068173639557,99.0,P48
362,2459069.9465336,r,-3.734324211588211,5.900870689405668,20.225284744925148,99.0,P48
363,2459069.9465336,r,-3.734324211588211,5.900870689405668,20.225284744925148,99.0,P48
364,2459070.9763889,r,-10.099811881540846,7.991780354048632,19.89596614105993,99.0,P48
365,2459071.8799653,r,2.64837143824906,10.09169553725202,19.642664640314536,99.0,P48
366,2459072.98789935,r,-3.19838478334315,6.003358408164671,20.206589308997113,99.0,P48
367,2459072.98789935,r,-3.19838478334315,6.003358408164671,20.206589308997113,99.0,P48
368,2459073.9728240664,r,-2.067655920901273,4.2395260662652925,20.584281714606163,99.0,P48
369,2459073.9728240664,r,-2.067655920901273,4.2395260662652925,20.584281714606163,99.0,P48
370,2459073.9728240664,r,-2.067655920901273,4.2395260662652925,20.584281714606163,99.0,P48
371,2459074.91181715,r,-10.229994436504327,13.008691725506722,19.366990933951765,99.0,P48
372,2459074.91181715,r,-10.229994436504327,13.008691725506722,19.366990933951765,99.0,P48
373,2459075.9709953996,r,-5.385022826181139,7.181041487597705,20.012106399614446,99.0,P48
374,2459076.9016242004,r,-5.589467604612462,3.814716225263747,20.698919397774706,99.0,P48
375,2459076.9016242004,r,-5.589467604612462,3.814716225263747,20.698919397774706,99.0,P48
376,2459076.9016242004,r,-5.589467604612462,3.814716225263747,20.698919397774706,99.0,P48
377,2459077.9439699,r,-8.199501478939014,5.067061567888352,20.390684535996073,99.0,P48
378,2459079.924976833,r,17.946551707241067,3.7496389901631475,20.765113085871278,0.226797503510373,P48
379,2459079.924976833,r,17.946551707241067,3.7496389901631475,20.765113085871278,0.226797503510373,P48
380,2459079.924976833,r,17.946551707241067,3.7496389901631475,20.765113085871278,0.226797503510373,P48
381,2459080.9971180498,r,65.2762029264828,6.369529369845309,19.36317841263727,0.10592105271126298,P48
382,2459080.9971180498,r,65.2762029264828,6.369529369845309,19.36317841263727,0.10592105271126298,P48
383,2459081.91989005,r,56.183117066585865,4.671213462181463,19.526051046276013,0.09025135090295032,P48
384,2459081.91989005,r,56.183117066585865,4.671213462181463,19.526051046276013,0.09025135090295032,P48
385,2459082.986068667,r,44.10112737668811,5.001605576526797,19.788941393101492,0.12310893567291749,P48
386,2459082.986068667,r,44.10112737668811,5.001605576526797,19.788941393101492,0.12310893567291749,P48
387,2459082.986068667,r,44.10112737668811,5.001605576526797,19.788941393101492,0.12310893567291749,P48
388,2459084.99954285,r,25.52216712581879,4.797188275119893,20.382771751741565,0.2040323553627535,P48
389,2459084.99954285,r,25.52216712581879,4.797188275119893,20.382771751741565,0.2040323553627535,P48
390,2459085.888692133,r,16.906880680917943,3.0853861755510703,20.82990690311465,0.19809607441902438,P48
391,2459085.888692133,r,16.906880680917943,3.0853861755510703,20.82990690311465,0.19809607441902438,P48
392,2459085.888692133,r,16.906880680917943,3.0853861755510703,20.82990690311465,0.19809607441902438,P48
393,2459086.9027932337,r,14.885607414060024,3.4887498418627203,20.968149219955997,0.2544093665781472,P48
394,2459086.9027932337,r,14.885607414060024,3.4887498418627203,20.968149219955997,0.2544093665781472,P48
395,2459086.9027932337,r,14.885607414060024,3.4887498418627203,20.968149219955997,0.2544093665781472,P48
396,2459087.9379012333,r,14.252718943935564,3.978380761820206,21.015321319366542,0.302997086657163,P48
397,2459087.9379012333,r,14.252718943935564,3.978380761820206,21.015321319366542,0.302997086657163,P48
398,2459087.9379012333,r,14.252718943935564,3.978380761820206,21.015321319366542,0.302997086657163,P48
399,2459088.8973032665,r,11.938257128547637,3.9360843469817164,21.207713300839735,0.3578930753997291,P48
400,2459088.8973032665,r,11.938257128547637,3.9360843469817164,21.207713300839735,0.3578930753997291,P48
401,2459088.8973032665,r,11.938257128547637,3.9360843469817164,21.207713300839735,0.3578930753997291,P48
402,2459089.9515278,r,14.354313830375784,3.4691673491709216,21.00760952967913,0.2623449091349879,P48
403,2459089.9515278,r,14.354313830375784,3.4691673491709216,21.00760952967913,0.2623449091349879,P48
404,2459089.9515278,r,14.354313830375784,3.4691673491709216,21.00760952967913,0.2623449091349879,P48
405,2459089.9515278,r,14.354313830375784,3.4691673491709216,21.00760952967913,0.2623449091349879,P48
406,2459090.9663541336,r,7.783184305395176,3.5236291815457723,20.78509949412472,99.0,P48
407,2459090.9663541336,r,7.783184305395176,3.5236291815457723,20.78509949412472,99.0,P48
408,2459090.9663541336,r,7.783184305395176,3.5236291815457723,20.78509949412472,99.0,P48
409,2459091.9369560247,r,18.079589839931266,2.6715368914286053,20.75709418805598,0.16039928567631576,P48
410,2459091.9369560247,r,18.079589839931266,2.6715368914286053,20.75709418805598,0.16039928567631576,P48
411,2459091.9369560247,r,18.079589839931266,2.6715368914286053,20.75709418805598,0.16039928567631576,P48
412,2459091.9369560247,r,18.079589839931266,2.6715368914286053,20.75709418805598,0.16039928567631576,P48
413,2459093.8686419665,r,12.18410792359251,8.26715066093831,19.85918535840311,99.0,P48
414,2459093.8686419665,r,12.18410792359251,8.26715066093831,19.85918535840311,99.0,P48
415,2459093.8686419665,r,12.18410792359251,8.26715066093831,19.85918535840311,99.0,P48
416,2459094.9061603,r,10.536068863315782,10.301684891469352,19.620304335352188,99.0,P48
417,2459094.9061603,r,10.536068863315782,10.301684891469352,19.620304335352188,99.0,P48
418,2459094.9061603,r,10.536068863315782,10.301684891469352,19.620304335352188,99.0,P48
419,2459094.9061603,r,10.536068863315782,10.301684891469352,19.620304335352188,99.0,P48
420,2459095.916892375,r,20.881326675870284,8.605945995331284,19.815578448064358,99.0,P48
421,2459095.916892375,r,20.881326675870284,8.605945995331284,19.815578448064358,99.0,P48
422,2459095.916892375,r,20.881326675870284,8.605945995331284,19.815578448064358,99.0,P48
423,2459095.916892375,r,20.881326675870284,8.605945995331284,19.815578448064358,99.0,P48
424,2459096.8369444,r,15.098343822541247,14.996291961134771,19.212615271503388,99.0,P48
425,2459097.9646469504,r,28.221262379904505,11.613506174255837,19.49016660125804,99.0,P48
426,2459097.9646469504,r,28.221262379904505,11.613506174255837,19.49016660125804,99.0,P48
427,2459098.8823264,r,19.142330573955835,13.28778880744204,19.343943196815047,99.0,P48
428,2459099.8386343,r,20.202730373190015,14.540014160766072,19.24616291543501,99.0,P48
429,2459102.9124074,r,23.61489712941767,20.934249747524028,18.850431486570564,99.0,P48
430,2459102.9124074,r,23.61489712941767,20.934249747524028,18.850431486570564,99.0,P48
431,2459104.9023611,r,7.289169627498948,14.23305347075565,19.269329786868703,99.0,P48
432,2459106.88717015,r,9.022998550129886,6.486842406431874,20.1224916212607,99.0,P48
433,2459106.88717015,r,9.022998550129886,6.486842406431874,20.1224916212607,99.0,P48
434,2459109.8936072667,r,10.56952171735136,5.53398275835694,20.294980484855476,99.0,P48
435,2459109.8936072667,r,10.56952171735136,5.53398275835694,20.294980484855476,99.0,P48
436,2459109.8936072667,r,10.56952171735136,5.53398275835694,20.294980484855476,99.0,P48
437,2459110.9426273,r,15.888601843816028,7.958789144715817,19.90045749185385,99.0,P48
438,2459111.9042245,r,8.056660768912966,6.542688775086496,20.11318433386616,99.0,P48
439,2459112.8603703664,r,9.425979318691704,3.4485261091987582,20.808491193079306,99.0,P48
440,2459112.8603703664,r,9.425979318691704,3.4485261091987582,20.808491193079306,99.0,P48
441,2459112.8603703664,r,9.425979318691704,3.4485261091987582,20.808491193079306,99.0,P48
442,2459113.8194213,r,5.175248923646548,4.838785675309814,20.440734023417043,99.0,P48
443,2459113.8194213,r,5.175248923646548,4.838785675309814,20.440734023417043,99.0,P48
444,2459114.8574942,r,10.072157562003017,4.562482912202017,20.504571861882333,99.0,P48
445,2459114.8574942,r,10.072157562003017,4.562482912202017,20.504571861882333,99.0,P48
446,2459115.8407446,r,6.536660661336071,4.135230159699951,20.611325772572837,99.0,P48
447,2459115.8407446,r,6.536660661336071,4.135230159699951,20.611325772572837,99.0,P48
448,2459115.8407446,r,6.536660661336071,4.135230159699951,20.611325772572837,99.0,P48
449,2459116.8524479,r,5.855324217549202,4.26963482262029,20.5765981595031,99.0,P48
450,2459116.8524479,r,5.855324217549202,4.26963482262029,20.5765981595031,99.0,P48
451,2459117.8620891003,r,5.010908747325287,4.130621731361585,20.612536425286763,99.0,P48
452,2459117.8620891003,r,5.010908747325287,4.130621731361585,20.612536425286763,99.0,P48
453,2459118.8172685,r,2.3523896301625236,3.9909196846544552,20.649892519400694,99.0,P48
454,2459118.8172685,r,2.3523896301625236,3.9909196846544552,20.649892519400694,99.0,P48
455,2459118.8172685,r,2.3523896301625236,3.9909196846544552,20.649892519400694,99.0,P48
456,2459119.8910417003,r,10.300609212822174,8.6326329274012,19.81221680304487,99.0,P48
457,2459120.9947222,r,2.134230169727275,8.405243932921186,19.841199184553368,99.0,P48
458,2459121.9462963,r,8.579981681812958,12.373246818951385,19.42136579858923,99.0,P48
459,2459123.8383507,r,1.0647404797885216,15.602736647060157,19.16957304351716,99.0,P48
460,2459123.8383507,r,1.0647404797885216,15.602736647060157,19.16957304351716,99.0,P48
461,2459124.8002141,r,-10.582288409888932,12.425411423711555,19.416798044723095,99.0,P48
462,2459124.8002141,r,-10.582288409888932,12.425411423711555,19.416798044723095,99.0,P48
463,2459125.82291085,r,-1.575385687597788,10.599091318633654,19.589403404351607,99.0,P48
464,2459125.82291085,r,-1.575385687597788,10.599091318633654,19.589403404351607,99.0,P48
465,2459126.83706015,r,7.093976448963013,11.094203896670486,19.539834630736223,99.0,P48
466,2459126.83706015,r,7.093976448963013,11.094203896670486,19.539834630736223,99.0,P48
467,2459127.8138773,r,-14.201619828051184,30.443417951149797,18.44384146401937,99.0,P48
468,2459127.8138773,r,-14.201619828051184,30.443417951149797,18.44384146401937,99.0,P48
469,2459127.8138773,r,-14.201619828051184,30.443417951149797,18.44384146401937,99.0,P48
470,2459128.7597338,r,0.7335973995202195,13.809850330348869,19.302102559740135,99.0,P48
471,2459129.7613020497,r,-0.23882509909613042,7.149958272292211,20.01681622107897,99.0,P48
472,2459129.7613020497,r,-0.23882509909613042,7.149958272292211,20.01681622107897,99.0,P48
473,2459130.7622801,r,-0.43070970387666674,8.5388408301295,19.824077693950077,99.0,P48
474,2459131.94292825,r,6.389978202098229,122.91336696400734,16.9285772005151,99.0,P48
475,2459131.94292825,r,6.389978202098229,122.91336696400734,16.9285772005151,99.0,P48
476,2459134.80704285,r,-1.949269007803434,7.141841188416776,20.018049517531594,99.0,P48
477,2459134.80704285,r,-1.949269007803434,7.141841188416776,20.018049517531594,99.0,P48
478,2459135.8847917,r,1.520700837991376,6.136233074224507,20.182820371208244,99.0,P48
479,2459136.8060474503,r,2.2338617035645605,4.672385898604262,20.478728227789652,99.0,P48
480,2459136.8060474503,r,2.2338617035645605,4.672385898604262,20.478728227789652,99.0,P48
481,2459137.8386921003,r,3.245822928254546,7.366035324182778,19.984490496149142,99.0,P48
482,2459139.7935532,r,8.604256040247265,6.4001089277991134,20.13710657516137,99.0,P48
483,2459140.7416145494,r,1.7458250655918655,4.650808072216438,20.483753945206573,99.0,P48
484,2459140.7416145494,r,1.7458250655918655,4.650808072216438,20.483753945206573,99.0,P48
485,2459141.8395832996,r,2.5624938596559907,8.401917844213257,19.84162891266873,99.0,P48
486,2459143.7171528,r,0.7705382358709905,5.769019171674402,20.249820033626897,99.0,P48
487,2459144.7435127497,r,-0.14606829523049222,4.562378095279333,20.504596805501258,99.0,P48
488,2459144.7435127497,r,-0.14606829523049222,4.562378095279333,20.504596805501258,99.0,P48
489,2459145.8470255,r,1.8322204894357816,5.504209997574063,20.30083750210519,99.0,P48
490,2459146.8078067,r,17.349631617570182,288.57578215854625,16.00192528553919,99.0,P48
491,2459146.8078067,r,17.349631617570182,288.57578215854625,16.00192528553919,99.0,P48
492,2459149.7048843,r,3.3791844630336483,20.1736823329919,18.890612044453984,99.0,P48
493,2459150.7521991003,r,12.027913169037285,10.546413490379859,19.59481300267126,99.0,P48
494,2459150.7521991003,r,12.027913169037285,10.546413490379859,19.59481300267126,99.0,P48
495,2459151.7362731,r,16.349719371764984,13.688256824629955,19.311704626612915,99.0,P48
496,2459152.7167361,r,14.650927253857443,14.896583830499534,19.219858276798195,99.0,P48
497,2458269.9832407003,g,13.253328012164012,32.720514734690546,18.365524671536633,99.0,P48
498,2458274.9506829,g,13.444111879487219,13.382473299000544,19.33623402530342,99.0,P48
499,2458277.9642707994,g,3.3497093167948706,9.12857307187658,19.751567748347792,99.0,P48
500,2458280.9510995,g,3.213183175263953,5.151153182729772,20.372813826832278,99.0,P48
501,2458283.9493519,g,10.35532618060552,6.310385779500883,20.15243521355869,99.0,P48
502,2458286.9517824,g,0.8760021915097953,5.959518193507,20.21454711428899,99.0,P48
503,2458289.9285185,g,-1.2250703208810747,4.797106572379285,20.45012657204351,99.0,P48
504,2458292.9521991,g,0.007863141809435585,3.61645951159025,20.756865970970015,99.0,P48
505,2458297.9652778,g,9.878808269451087,15.18763493147673,19.19884961575699,99.0,P48
506,2458300.9656366003,g,-5.363756919967098,8.632453084818474,19.812239422289636,99.0,P48
507,2458303.9534259,g,-3.387300444073428,7.600449711612023,19.950476764545684,99.0,P48
508,2458312.9743056,g,5.078167692708805,3.7191245774146893,20.72647317436119,99.0,P48
509,2458315.9561227,g,-1.3752704957345832,4.061894371718147,20.630753425348402,99.0,P48
510,2458318.9495832995,g,1.7405491197843812,3.1171004109188254,20.918198008166613,99.0,P48
511,2458321.9540046,g,-6.433641754988954,2.8383092622954216,21.01992570304867,99.0,P48
512,2458324.9430903,g,-1.35013922353877,6.782754622462226,20.074059724117262,99.0,P48
513,2458327.9959028,g,-11.993565323044256,13.131309519056748,19.35680489355893,99.0,P48
514,2458330.9971991,g,6.038588616570998,10.455791414035403,19.604182712215394,99.0,P48
515,2458332.9743113,g,-2.6924896116449584,12.465340563860112,19.413314618405295,99.0,P48
516,2458332.9743113,g,-2.6924896116449584,12.465340563860112,19.413314618405295,99.0,P48
517,2458333.9765278,g,-6.285850824034997,6.576834794792857,20.10753265705665,99.0,P48
518,2458334.9994559996,g,1.8285403933909508,10.905734655013687,19.558437672265907,99.0,P48
519,2458334.9994559996,g,1.8285403933909508,10.905734655013687,19.558437672265907,99.0,P48
520,2458336.82875,g,2.909960122746228,3.5323275403949905,20.782422570702174,99.0,P48
521,2458338.9225810003,g,16.901505848670055,7.554097577673207,19.95711851318558,99.0,P48
522,2458340.9669097,g,-5.187481960092899,3.5690962871285166,20.771179327869486,99.0,P48
523,2458343.9226273,g,-5.6301226487747975,2.9770924086075286,20.968094200892594,99.0,P48
524,2458344.8955556,g,2.20683723362937,5.216417592258993,20.35914411193503,99.0,P48
525,2458346.8617824,g,-8.63809188422985,3.214908715069511,20.884653374239853,99.0,P48
526,2458349.0073611,g,6.0513468033348445,9.900051179554115,19.66348138980232,99.0,P48
527,2458349.9071412003,g,-1.4317285173310081,2.965863768536083,20.972196992567135,99.0,P48
528,2458352.9277083,g,-3.902190102422844,2.903093346788471,20.995422487986417,99.0,P48
529,2458361.9231134,g,-7.727147266711592,6.132926343860488,20.183405617000588,99.0,P48
530,2458363.8538194,g,4.669869838157101,11.290383279011742,19.520803275814668,99.0,P48
531,2458364.92940395,g,-1.1909352165337146,4.178544022145572,20.600012534303076,99.0,P48
532,2458364.92940395,g,-1.1909352165337146,4.178544022145572,20.600012534303076,99.0,P48
533,2458365.9296528,g,1.5349865598506294,6.547450641124211,20.11239440636072,99.0,P48
534,2458366.9587037005,g,-2.5880860620335477,7.1409783186046,20.01818070297376,99.0,P48
535,2458367.9128241,g,-1.991951863914912,2.708241105905649,21.070856675257907,99.0,P48
536,2458370.8826736,g,-6.939377758078615,2.9267999577665655,20.986592388923633,99.0,P48
537,2458373.8985417006,g,5.475229318062214,3.6561666660944248,20.745010027170586,99.0,P48
538,2458376.9486574,g,1.7091545467155733,3.441063723155652,20.810843201273265,99.0,P48
539,2458379.869375,g,3.087089797861286,3.132266135699506,20.91292835126083,99.0,P48
540,2458382.9252431,g,-3.3834979180789175,3.7473539954474306,20.718263187031454,99.0,P48
541,2458383.7902720002,g,-8.638003004085352,6.957243433766253,20.046481990219704,99.0,P48
542,2458383.7902720002,g,-8.638003004085352,6.957243433766253,20.046481990219704,99.0,P48
543,2458384.80447915,g,-6.250043086835278,7.7060316100393225,19.93549802378287,99.0,P48
544,2458384.80447915,g,-6.250043086835278,7.7060316100393225,19.93549802378287,99.0,P48
545,2458385.89193865,g,-14.633656507599659,9.539916269903694,19.70371358166554,99.0,P48
546,2458385.89193865,g,-14.633656507599659,9.539916269903694,19.70371358166554,99.0,P48
547,2458388.8570640334,g,-7.6681533512162705,5.82351766138092,20.239611496850245,99.0,P48
548,2458388.8570640334,g,-7.6681533512162705,5.82351766138092,20.239611496850245,99.0,P48
549,2458388.8570640334,g,-7.6681533512162705,5.82351766138092,20.239611496850245,99.0,P48
550,2458389.8657986,g,-0.6004828116737481,13.185440035777786,19.352338419114815,99.0,P48
551,2458390.8226968,g,9.33917705759557,9.970742911451348,19.65575619309905,99.0,P48
552,2458397.8624883997,g,-3.0473728834741576,3.2946687179497385,20.858045608147073,99.0,P48
553,2458426.8240741002,g,-7.924290125580271,5.463570997059473,20.308883511801085,99.0,P48
554,2458427.7074073995,g,14.977821244464709,50.315694005621374,17.898316320905522,99.0,P48
555,2458430.7685764,g,4.131851806349785,4.712973549782177,20.46933748312808,99.0,P48
556,2458432.734919,g,-3.240353452144049,4.294037164314307,20.57041049196784,99.0,P48
557,2458435.71568285,g,0.6069083505233485,5.216573419147822,20.359111678878257,99.0,P48
558,2458435.71568285,g,0.6069083505233485,5.216573419147822,20.359111678878257,99.0,P48
559,2458436.6821412,g,0.389160543222373,12.05388620636478,19.449757271077427,99.0,P48
560,2458438.859294,g,35.49024345050529,93.39843206142729,17.22672602537235,99.0,P48
561,2458443.7708102,g,-0.7525920678527896,17.44785520913244,19.048219867667967,99.0,P48
562,2458450.7574653,g,-25.681017968592503,14.408081193189897,19.25605962121528,99.0,P48
563,2458471.5991088,g,-16.61303587546567,14.586401229205066,19.242704600256577,99.0,P48
564,2458472.7153125,g,-1.3017486237981533,10.206920589653578,19.63033814928106,99.0,P48
565,2458472.7153125,g,-1.3017486237981533,10.206920589653578,19.63033814928106,99.0,P48
566,2458490.6140625,g,-2.540002315335112,4.676728396710219,20.477719617219098,99.0,P48
567,2458493.6804398,g,-1.2701150071077916,4.640612721451544,20.48613667356086,99.0,P48
568,2458503.6783217997,g,-3.400714786740443,14.927051569410928,19.217639906148356,99.0,P48
569,2458507.6612037,g,-0.9494612455597482,4.910747557506897,20.424705965885334,99.0,P48
570,2458510.6543403,g,3.244146541961215,8.200153106177297,19.868020086082616,99.0,P48
571,2458514.6739931,g,-0.6159705170010509,4.362108128098086,20.553333922450364,99.0,P48
572,2458523.6234259,g,-7.183297968923153,4.641380525706416,20.48595704988362,99.0,P48
573,2458534.6356597,g,16.669461697130306,19.38254192319952,18.934048159175525,99.0,P48
574,2458539.6390856,g,5.829200778250799,7.368105940061687,19.984185335149213,99.0,P48
575,2458643.9559838,g,-0.6493185416411758,6.641355726643372,20.096933132418897,99.0,P48
576,2458646.9514005003,g,1.5976887559784707,5.176250589302707,20.367536756775607,99.0,P48
577,2458649.9749421002,g,-6.566852210410053,10.06062522431804,19.646012561457137,99.0,P48
578,2458655.972963,g,3.0763982482402015,15.400132142905873,19.18376387072324,99.0,P48
579,2458658.9709258997,g,3.6205066768358294,7.984734317668821,19.89692381392548,99.0,P48
580,2458661.9699768997,g,-0.9254377368452084,5.8107317872461675,20.241997915004276,99.0,P48
581,2458669.9671643996,g,-8.849566365865716,3.930502456322576,20.66645480911198,99.0,P48
582,2458672.9342477,g,3.22607190062164,4.177381380604656,20.600314672477232,99.0,P48
583,2458675.9567939998,g,-9.348686600280178,3.9425772151915512,20.663124469856257,99.0,P48
584,2458678.9461921,g,-1.9045612180153955,5.2395879379778165,20.354332154954058,99.0,P48
585,2458681.9876042004,g,8.033914865933072,12.517367601283683,19.408792472972202,99.0,P48
586,2458684.9252546,g,-2.3046648372476746,9.067485470056216,19.758857818335628,99.0,P48
587,2458688.987039925,g,-2.997012578900736,3.980704372791174,20.652675174459187,99.0,P48
588,2458688.987039925,g,-2.997012578900736,3.980704372791174,20.652675174459187,99.0,P48
589,2458688.987039925,g,-2.997012578900736,3.980704372791174,20.652675174459187,99.0,P48
590,2458688.987039925,g,-2.997012578900736,3.980704372791174,20.652675174459187,99.0,P48
591,2458691.9668981005,g,-8.633230839676523,3.7473150176196683,20.718274480295698,99.0,P48
592,2458694.9488542005,g,-4.634785535963383,2.9747383575004287,20.968953055503402,99.0,P48
593,2458697.989314225,g,-2.820545924138898,2.384274072530884,21.209184548835943,99.0,P48
594,2458697.989314225,g,-2.820545924138898,2.384274072530884,21.209184548835943,99.0,P48
595,2458697.989314225,g,-2.820545924138898,2.384274072530884,21.209184548835943,99.0,P48
596,2458697.989314225,g,-2.820545924138898,2.384274072530884,21.209184548835943,99.0,P48
597,2458700.9681713,g,-1.6570530514513693,3.13224777359345,20.912934716129243,99.0,P48
598,2458703.9754745,g,-4.465296976821889,3.313078503455825,20.851995672610993,99.0,P48
599,2458706.9522685003,g,-0.7639373146784331,3.0412679100055007,20.944938290401005,99.0,P48
600,2458708.9328973666,g,-1.8495565072988398,6.107772513329782,20.187867856167813,99.0,P48
601,2458708.9328973666,g,-1.8495565072988398,6.107772513329782,20.187867856167813,99.0,P48
602,2458708.9328973666,g,-1.8495565072988398,6.107772513329782,20.187867856167813,99.0,P48
603,2458709.9856481003,g,4.542018811001972,7.09499060628122,20.02519542718254,99.0,P48
604,2458716.0102662,g,-13.853950712294985,10.299400465669828,19.620545126918728,99.0,P48
605,2458718.9077083,g,6.500617895055851,5.72439632077922,20.258250754371645,99.0,P48
606,2458722.95560185,g,-12.244493671053895,4.373043268621464,20.550615553040792,99.0,P48
607,2458722.95560185,g,-12.244493671053895,4.373043268621464,20.550615553040792,99.0,P48
608,2458723.9378241003,g,-10.473266001196855,5.492842213894242,20.303082179763877,99.0,P48
609,2458724.9471875,g,3.0860953272489144,3.8512589605221734,20.688568184719053,99.0,P48
610,2458725.92421295,g,-9.011961269275861,3.879036081456478,20.680765440968933,99.0,P48
611,2458725.92421295,g,-9.011961269275861,3.879036081456478,20.680765440968933,99.0,P48
612,2458726.935816,g,-10.260548811538722,4.541908049607322,20.509479144829555,99.0,P48
613,2458726.935816,g,-10.260548811538722,4.541908049607322,20.509479144829555,99.0,P48
614,2458727.950316333,g,-6.172135799444965,2.533131632764204,21.143430593544842,99.0,P48
615,2458727.950316333,g,-6.172135799444965,2.533131632764204,21.143430593544842,99.0,P48
616,2458727.950316333,g,-6.172135799444965,2.533131632764204,21.143430593544842,99.0,P48
617,2458732.9110416328,g,-8.98120535613792,2.556272040521258,21.133557314377505,99.0,P48
618,2458732.9110416328,g,-8.98120535613792,2.556272040521258,21.133557314377505,99.0,P48
619,2458732.9110416328,g,-8.98120535613792,2.556272040521258,21.133557314377505,99.0,P48
620,2458733.9706829,g,-10.485047555681415,4.596028980908543,20.496618092835078,99.0,P48
621,2458733.9706829,g,-10.485047555681415,4.596028980908543,20.496618092835078,99.0,P48
622,2458734.9231192,g,-13.19720907090168,6.126279794040311,20.18458292006612,99.0,P48
623,2458734.9231192,g,-13.19720907090168,6.126279794040311,20.18458292006612,99.0,P48
624,2458735.9328356003,g,-3.315851328702416,3.249742388761979,20.872952651000027,99.0,P48
625,2458737.8931307998,g,-10.025780372788576,9.856758427503804,19.668239707007768,99.0,P48
626,2458737.8931307998,g,-10.025780372788576,9.856758427503804,19.668239707007768,99.0,P48
627,2458738.9660416506,g,-2.816199225590521,5.065340800889103,20.39105331310953,99.0,P48
628,2458738.9660416506,g,-2.816199225590521,5.065340800889103,20.39105331310953,99.0,P48
629,2458740.0139931,g,7.238537344462378,9.524905837840404,19.705423261705103,99.0,P48
630,2458741.99548035,g,8.016861808513925,8.98960998272398,19.768222863838318,99.0,P48
631,2458741.99548035,g,8.016861808513925,8.98960998272398,19.768222863838318,99.0,P48
632,2458746.91823495,g,-10.297994915368301,9.199211521123221,19.743198476964558,99.0,P48
633,2458746.91823495,g,-10.297994915368301,9.199211521123221,19.743198476964558,99.0,P48
634,2458747.8211573996,g,7.427891984892055,5.756819621788385,20.25211843432063,99.0,P48
635,2458749.8496933,g,-7.006413817205073,5.324720020356483,20.336833046587678,99.0,P48
636,2458749.8496933,g,-7.006413817205073,5.324720020356483,20.336833046587678,99.0,P48
637,2458750.8795370664,g,-3.209967762293995,3.5692626393223628,20.771128723913733,99.0,P48
638,2458750.8795370664,g,-3.209967762293995,3.5692626393223628,20.771128723913733,99.0,P48
639,2458750.8795370664,g,-3.209967762293995,3.5692626393223628,20.771128723913733,99.0,P48
640,2458751.9209549,g,-9.648017214001015,6.171777519268647,20.176549333682605,99.0,P48
641,2458751.9209549,g,-9.648017214001015,6.171777519268647,20.176549333682605,99.0,P48
642,2458757.9279456,g,-7.578424188611128,5.655686416554425,20.27136168491392,99.0,P48
643,2458757.9279456,g,-7.578424188611128,5.655686416554425,20.27136168491392,99.0,P48
644,2458758.8740008003,g,-4.292076408810242,2.9916927928910195,20.96278250114058,99.0,P48
645,2458758.8740008003,g,-4.292076408810242,2.9916927928910195,20.96278250114058,99.0,P48
646,2458758.8740008003,g,-4.292076408810242,2.9916927928910195,20.96278250114058,99.0,P48
647,2458759.9080439997,g,-5.062328222390723,3.1178717834427503,20.917929359949824,99.0,P48
648,2458760.87760125,g,0.39287782649296293,2.512407750055406,21.152349678140737,99.0,P48
649,2458760.87760125,g,0.39287782649296293,2.512407750055406,21.152349678140737,99.0,P48
650,2458760.87760125,g,0.39287782649296293,2.512407750055406,21.152349678140737,99.0,P48
651,2458760.87760125,g,0.39287782649296293,2.512407750055406,21.152349678140737,99.0,P48
652,2458762.7900058003,g,-4.717108536200263,6.0441832971354845,20.19923092323561,99.0,P48
653,2458762.7900058003,g,-4.717108536200263,6.0441832971354845,20.19923092323561,99.0,P48
654,2458763.88804975,g,-4.847744554082181,2.5808941361287294,21.123149511932443,99.0,P48
655,2458763.88804975,g,-4.847744554082181,2.5808941361287294,21.123149511932443,99.0,P48
656,2458764.7578780665,g,-6.924318354271417,5.094550502580215,20.38481030969774,99.0,P48
657,2458764.7578780665,g,-6.924318354271417,5.094550502580215,20.38481030969774,99.0,P48
658,2458764.7578780665,g,-6.924318354271417,5.094550502580215,20.38481030969774,99.0,P48
659,2458765.6673148,g,-1.6129599032813566,9.264346212394598,19.735538048038816,99.0,P48
660,2458766.7483565,g,-4.520477323977996,8.47559557644385,19.832149425076842,99.0,P48
661,2458766.7483565,g,-4.520477323977996,8.47559557644385,19.832149425076842,99.0,P48
662,2458766.7483565,g,-4.520477323977996,8.47559557644385,19.832149425076842,99.0,P48
663,2458767.7265219996,g,-2.9662396780934306,21.03332685951773,18.845305062025815,99.0,P48
664,2458767.7265219996,g,-2.9662396780934306,21.03332685951773,18.845305062025815,99.0,P48
665,2458768.7424421,g,0.7443347211806343,10.728859859590338,19.576191057730018,99.0,P48
666,2458768.7424421,g,0.7443347211806343,10.728859859590338,19.576191057730018,99.0,P48
667,2458768.7424421,g,0.7443347211806343,10.728859859590338,19.576191057730018,99.0,P48
668,2458769.6638889,g,-16.424133213246098,15.612144549981306,19.168918579958117,99.0,P48
669,2458770.6639468,g,-1.6966818726059152,22.92667629908227,18.75172224108273,99.0,P48
670,2458771.6641782,g,7.023817315476612,18.930298763196525,18.959681318726986,99.0,P48
671,2458772.7094444335,g,-4.582744664833993,10.082979520866886,19.643602776379886,99.0,P48
672,2458772.7094444335,g,-4.582744664833993,10.082979520866886,19.643602776379886,99.0,P48
673,2458772.7094444335,g,-4.582744664833993,10.082979520866886,19.643602776379886,99.0,P48
674,2458773.6631481005,g,-2.5425196471103924,24.377595347337692,18.685097829769433,99.0,P48
675,2458774.6630787,g,-16.624272143462484,6.522738991513388,20.116499987899488,99.0,P48
676,2458775.6631829,g,-6.0436326214131455,4.800137646775638,20.449440761149113,99.0,P48
677,2458776.6624073996,g,0.5578765632397417,4.71435591527704,20.469019071793824,99.0,P48
678,2458777.6628587996,g,-2.7339723474036037,5.46554891445952,20.308490525618833,99.0,P48
679,2458778.663044,g,-2.3939807041658168,5.69356446449567,20.264114383546673,99.0,P48
680,2458779.6628703997,g,-2.027670034705421,4.19174484005481,20.596587893157373,99.0,P48
681,2458781.6628125,g,-0.7026624781155723,6.726363949254577,20.083124083246005,99.0,P48
682,2458782.6616319,g,0.2635674793552397,6.5403759380100395,20.113568208903214,99.0,P48
683,2458783.7062153,g,-0.5472808385912871,3.7699839235250896,20.711726243578646,99.0,P48
684,2458783.7062153,g,-0.5472808385912871,3.7699839235250896,20.711726243578646,99.0,P48
685,2458783.7062153,g,-0.5472808385912871,3.7699839235250896,20.711726243578646,99.0,P48
686,2458785.6628703997,g,-1.2871796598752125,4.794054711796528,20.450817523960637,99.0,P48
687,2458786.7031906,g,4.571348644091141,4.312504281219181,20.56575114109637,99.0,P48
688,2458786.7031906,g,4.571348644091141,4.312504281219181,20.56575114109637,99.0,P48
689,2458786.7031906,g,4.571348644091141,4.312504281219181,20.56575114109637,99.0,P48
690,2458787.6621644,g,-2.1558100654817802,5.901716534824736,20.225129123961835,99.0,P48
691,2458788.6630903,g,-3.7514329663972092,6.088491375109328,20.19130075126855,99.0,P48
692,2458789.820474525,g,-7.271706509225805,3.5172334038619812,20.787072016444142,99.0,P48
693,2458789.820474525,g,-7.271706509225805,3.5172334038619812,20.787072016444142,99.0,P48
694,2458789.820474525,g,-7.271706509225805,3.5172334038619812,20.787072016444142,99.0,P48
695,2458789.820474525,g,-7.271706509225805,3.5172334038619812,20.787072016444142,99.0,P48
696,2458791.7624653,g,-3.483868789427421,3.7718333708219225,20.7111937427633,99.0,P48
697,2458791.7624653,g,-3.483868789427421,3.7718333708219225,20.7111937427633,99.0,P48
698,2458791.7624653,g,-3.483868789427421,3.7718333708219225,20.7111937427633,99.0,P48
699,2458793.6907697003,g,0.2832189343393495,3.9966669316519843,20.648330096225962,99.0,P48
700,2458793.6907697003,g,0.2832189343393495,3.9966669316519843,20.648330096225962,99.0,P48
701,2458793.6907697003,g,0.2832189343393495,3.9966669316519843,20.648330096225962,99.0,P48
702,2458793.6907697003,g,0.2832189343393495,3.9966669316519843,20.648330096225962,99.0,P48
703,2458795.6963695665,g,-7.641478397204969,6.232805519816353,20.165866049271642,99.0,P48
704,2458795.6963695665,g,-7.641478397204969,6.232805519816353,20.165866049271642,99.0,P48
705,2458795.6963695665,g,-7.641478397204969,6.232805519816353,20.165866049271642,99.0,P48
706,2458797.7258796003,g,3.3520535002433354,11.691267066955644,19.4829210358133,99.0,P48
707,2458798.6867014,g,-23.93111142824657,13.530539030605338,19.32428724316582,99.0,P48
708,2458800.6934259,g,-4.259738813646077,12.552383790456197,19.40575946570646,99.0,P48
709,2458801.7116261497,g,0.5594499174152282,9.382268028629465,19.721805400340465,99.0,P48
710,2458801.7116261497,g,0.5594499174152282,9.382268028629465,19.721805400340465,99.0,P48
711,2458802.6966146,g,-5.1932955824246285,5.596393988710529,20.28280428559164,99.0,P48
712,2458802.6966146,g,-5.1932955824246285,5.596393988710529,20.28280428559164,99.0,P48
713,2458803.6922106002,g,-1.6067769293161285,7.4504186064956,19.972123302798014,99.0,P48
714,2458806.7010648,g,4.97893592744734,4.380781856991153,20.54869591959259,99.0,P48
715,2458811.7267477,g,4.592840878282116,5.361102454544422,20.32943972169447,99.0,P48
716,2458812.6546296002,g,3.1059144352941455,3.859300203369663,20.686303583288627,99.0,P48
717,2458813.6767072,g,-1.6873455878907901,4.190411963074967,20.596933186818582,99.0,P48
718,2458813.6767072,g,-1.6873455878907901,4.190411963074967,20.596933186818582,99.0,P48
719,2458814.7379861,g,-5.170547900270982,8.298385883070555,19.85509092395683,99.0,P48
720,2458819.7143403,g,-17.037135782802647,4.325068472500002,20.562592520644273,99.0,P48
721,2458820.6706250003,g,-12.11543592066111,8.557738796706975,19.821677422631026,99.0,P48
722,2458820.6706250003,g,-12.11543592066111,8.557738796706975,19.821677422631026,99.0,P48
723,2458828.6201852,g,-6.988606151210845,21.45966400259459,18.823517694498154,99.0,P48
724,2458829.6075462997,g,-4.068376362867306,13.628928576975825,19.31642070015961,99.0,P48
725,2458830.6773611,g,-15.935263407010055,9.671308663663762,19.688861878680072,99.0,P48
726,2458831.66007525,g,-5.045746918356262,5.409466912862006,20.319688817248284,99.0,P48
727,2458831.66007525,g,-5.045746918356262,5.409466912862006,20.319688817248284,99.0,P48
728,2458833.6409028,g,-0.5060170325806876,4.416691032853382,20.539832440425393,99.0,P48
729,2458836.6410995,g,-0.9181791433638661,4.095994234663637,20.621676647472654,99.0,P48
730,2458837.6427778,g,-6.8259752029645755,3.8722594158330987,20.682663877970075,99.0,P48
731,2458839.6415451504,g,-4.351645924968854,67.15299799793331,17.584911473643835,99.0,P48
732,2458839.6415451504,g,-4.351645924968854,67.15299799793331,17.584911473643835,99.0,P48
733,2458849.5987905003,g,-1.867389610930242,2.748540559770954,21.054819613752823,99.0,P48
734,2458849.5987905003,g,-1.867389610930242,2.748540559770954,21.054819613752823,99.0,P48
735,2458850.6614930998,g,-4.964680801059358,5.757844443282194,20.251925170184414,99.0,P48
736,2458851.6326736,g,0.14980922579187772,14.136748369440232,19.276701169822594,99.0,P48
737,2458852.6013426003,g,-0.2255499962402424,6.826942539854165,20.06700937027936,99.0,P48
738,2458855.655706,g,-18.2265788132122,9.786172281204937,19.676042846529533,99.0,P48
739,2458859.5990856,g,5.297753807586156,9.476911377268538,19.710907940743226,99.0,P48
740,2458862.6133449,g,-3.7135321837898707,3.591793191411001,20.764296681988235,99.0,P48
741,2458864.6094213,g,-2.088704695734503,3.521175179970841,20.785855909300352,99.0,P48
742,2458867.6401736,g,59.36978720992714,172.6460145702052,16.55968359572669,99.0,P48
743,2458871.6579167005,g,5.080138768196677,6.029241406011043,20.201918306615667,99.0,P48
744,2458874.6598264,g,-3.2023024008762317,5.259079168401281,20.350300717697223,99.0,P48
745,2458877.6816088,g,-2.9379046929722747,6.5005649521247415,20.12019723411885,99.0,P48
746,2458880.6132292002,g,-2.043716713633848,5.151943416492331,20.37264727779536,99.0,P48
747,2458882.6005093,g,3.162448105171316,9.43808796653842,19.71536493712467,99.0,P48
748,2458884.6024189997,g,13.830133390814433,14.249917591542351,19.26804410718318,99.0,P48
749,2458887.693912,g,1.9859108665077974,15.572202247118856,19.17169990023503,99.0,P48
750,2458891.6548957997,g,-7.3790576808666115,7.057221558887317,20.030990608748866,99.0,P48
751,2458892.7042361,g,-4.9731160279431785,4.92135088033046,20.422364163468245,99.0,P48
752,2458894.6624884,g,-6.804284070385752,5.086568892067004,20.386512661854887,99.0,P48
753,2458905.6340625,g,9.035665748193473,11.36107876487956,19.514026062264925,99.0,P48
754,2458913.6353819002,g,-15.435447256074397,24.476521492415394,18.680700745099443,99.0,P48
755,2459030.8803009,g,-16.75820683964515,8.256787449853551,19.8605472268478,99.0,P48
756,2459036.9718866,g,-10.19010128757637,11.097396931293549,19.539522188804334,99.0,P48
757,2459039.8631713,g,-1.6635679891883206,12.127255719890105,19.44316865075025,99.0,P48
758,2459042.8671181,g,-1.496353444809522,10.404828240733188,19.609487700596574,99.0,P48
759,2459045.9582407,g,1.6895144192043423,4.334968305037186,20.560110172921064,99.0,P48
760,2459048.97506365,g,-0.08494061198709013,2.8101895947611526,21.030735935677598,99.0,P48
761,2459048.97506365,g,-0.08494061198709013,2.8101895947611526,21.030735935677598,99.0,P48
762,2459049.9614236,g,-2.71835351770751,3.4420219656761812,20.810540895403122,99.0,P48
763,2459050.9324884,g,-0.6883078045179835,3.7233928936718335,20.72522782531906,99.0,P48
764,2459051.9650462996,g,0.23827694424263068,3.523288428812981,20.7852044953748,99.0,P48
765,2459052.9789236,g,-4.008847316477514,3.192247329742624,20.892333658261155,99.0,P48
766,2459053.9245486,g,-2.609214279192863,3.335335928416548,20.84472603482508,99.0,P48
767,2459054.979022,g,-6.567794691586899,2.6129200425896957,21.109759688715904,99.0,P48
768,2459054.979022,g,-6.567794691586899,2.6129200425896957,21.109759688715904,99.0,P48
769,2459055.9324884,g,1.6129687561666308,3.5380989239797627,20.780650060505558,99.0,P48
770,2459056.953287,g,0.3147364119318627,3.387113241453337,20.82800069749215,99.0,P48
771,2459057.9304167004,g,-0.8765189198900651,3.423505184611699,20.81639751439387,99.0,P48
772,2459059.9312847,g,0.944985095715756,3.623953744334652,20.75461837475261,99.0,P48
773,2459060.9772106498,g,-2.708492268120629,2.3127531682492437,21.242251777734396,99.0,P48
774,2459060.9772106498,g,-2.708492268120629,2.3127531682492437,21.242251777734396,99.0,P48
775,2459061.9714931,g,-0.45056768690255233,4.3286153328400845,20.56170250548155,99.0,P48
776,2459062.9499537004,g,-3.3132273523126115,5.312572912677514,20.339312730169937,99.0,P48
777,2459063.9709258997,g,-2.2617575244578187,6.224024591251411,20.16739673943093,99.0,P48
778,2459064.9871991,g,0.006472324702180818,9.386663931419191,19.721296816164354,99.0,P48
779,2459065.971412,g,-5.435481076081731,11.07451823174641,19.541762883038444,99.0,P48
780,2459066.925,g,-9.561480177320666,6.756277629373575,20.078306270857304,99.0,P48
781,2459066.925,g,-9.561480177320666,6.756277629373575,20.078306270857304,99.0,P48
782,2459067.9506134,g,-4.764401029089405,5.092883563479566,20.38516562117993,99.0,P48
783,2459067.9506134,g,-4.764401029089405,5.092883563479566,20.38516562117993,99.0,P48
784,2459067.9506134,g,-4.764401029089405,5.092883563479566,20.38516562117993,99.0,P48
785,2459068.9817477,g,-7.204618923339465,5.224165440949534,20.357532684421887,99.0,P48
786,2459068.9817477,g,-7.204618923339465,5.224165440949534,20.357532684421887,99.0,P48
787,2459069.8865856,g,-0.023545644771724827,7.389604477137068,19.981022004808132,99.0,P48
788,2459071.94306135,g,-2.2831159181200764,3.555760105456535,20.775243856720813,99.0,P48
789,2459071.94306135,g,-2.2831159181200764,3.555760105456535,20.775243856720813,99.0,P48
790,2459072.9100116,g,0.046814076492180244,4.0491878815964935,20.634155168103604,99.0,P48
791,2459072.9100116,g,0.046814076492180244,4.0491878815964935,20.634155168103604,99.0,P48
792,2459073.9053240665,g,0.16607519271268095,2.8896389610434583,21.00046602848095,99.0,P48
793,2459073.9053240665,g,0.16607519271268095,2.8896389610434583,21.00046602848095,99.0,P48
794,2459073.9053240665,g,0.16607519271268095,2.8896389610434583,21.00046602848095,99.0,P48
795,2459074.9518981003,g,3.5549676997875754,76.0858960358369,17.44931459038371,99.0,P48
796,2459075.88233795,g,-0.7378981782013009,2.8204680532543884,21.02677202680283,99.0,P48
797,2459075.88233795,g,-0.7378981782013009,2.8204680532543884,21.02677202680283,99.0,P48
798,2459076.9664506335,g,-3.6303666913645904,2.5803950768512047,21.123359477584536,99.0,P48
799,2459076.9664506335,g,-3.6303666913645904,2.5803950768512047,21.123359477584536,99.0,P48
800,2459076.9664506335,g,-3.6303666913645904,2.5803950768512047,21.123359477584536,99.0,P48
801,2459077.90729745,g,-3.2560426156803834,2.231955591582206,21.280861115784028,99.0,P48
802,2459077.90729745,g,-3.2560426156803834,2.231955591582206,21.280861115784028,99.0,P48
803,2459078.9010301004,g,-3.038689836101825,3.5091443430961387,20.789571907663287,99.0,P48
804,2459079.9704919,g,16.932987241206447,2.5112118308059013,20.828231669430195,0.16098284393118034,P48
805,2459079.9704919,g,16.932987241206447,2.5112118308059013,20.828231669430195,0.16098284393118034,P48
806,2459080.9111806,g,65.1266046930402,4.732425670136283,19.365669529085384,0.07887787316942546,P48
807,2459081.9695948996,g,65.6914313455215,4.372791933753489,19.356293810332833,0.07225699831570219,P48
808,2459082.8979205326,g,42.244965416271526,2.782190908145178,19.83562822499786,0.07148942367528482,P48
809,2459082.8979205326,g,42.244965416271526,2.782190908145178,19.83562822499786,0.07148942367528482,P48
810,2459082.8979205326,g,42.244965416271526,2.782190908145178,19.83562822499786,0.07148942367528482,P48
811,2459084.9738310003,g,19.967788914228215,3.8087901295485995,20.64924067987437,0.20705555849896698,P48
812,2459085.8654977,g,15.463592220989247,1.593359855579779,20.92678965050395,0.11184931020647434,P48
813,2459085.8654977,g,15.463592220989247,1.593359855579779,20.92678965050395,0.11184931020647434,P48
814,2459085.8654977,g,15.463592220989247,1.593359855579779,20.92678965050395,0.11184931020647434,P48
815,2459085.8654977,g,15.463592220989247,1.593359855579779,20.92678965050395,0.11184931020647434,P48
816,2459086.986385033,g,8.042079828216231,2.1255998047192284,21.636644672952126,0.2869081925706898,P48
817,2459086.986385033,g,8.042079828216231,2.1255998047192284,21.636644672952126,0.2869081925706898,P48
818,2459086.986385033,g,8.042079828216231,2.1255998047192284,21.636644672952126,0.2869081925706898,P48
819,2459087.96657985,g,8.28347110888753,2.8825650991102902,21.003127178978474,99.0,P48
820,2459087.96657985,g,8.28347110888753,2.8825650991102902,21.003127178978474,99.0,P48
821,2459088.9065046003,g,5.507003255697061,3.3455712888668416,20.841399268042473,99.0,P48
822,2459088.9065046003,g,5.507003255697061,3.3455712888668416,20.841399268042473,99.0,P48
823,2459089.8807263,g,0.7046450625986286,2.2561506477487314,21.269154751655584,99.0,P48
824,2459089.8807263,g,0.7046450625986286,2.2561506477487314,21.269154751655584,99.0,P48
825,2459089.8807263,g,0.7046450625986286,2.2561506477487314,21.269154751655584,99.0,P48
826,2459089.8807263,g,0.7046450625986286,2.2561506477487314,21.269154751655584,99.0,P48
827,2459090.9112644503,g,0.45226728850961456,1.7012996676852563,21.575622946222555,99.0,P48
828,2459090.9112644503,g,0.45226728850961456,1.7012996676852563,21.575622946222555,99.0,P48
829,2459090.9112644503,g,0.45226728850961456,1.7012996676852563,21.575622946222555,99.0,P48
830,2459090.9112644503,g,0.45226728850961456,1.7012996676852563,21.575622946222555,99.0,P48
831,2459091.8880758253,g,5.061733084803831,1.8183207597230884,21.503398746441647,99.0,P48
832,2459091.8880758253,g,5.061733084803831,1.8183207597230884,21.503398746441647,99.0,P48
833,2459091.8880758253,g,5.061733084803831,1.8183207597230884,21.503398746441647,99.0,P48
834,2459091.8880758253,g,5.061733084803831,1.8183207597230884,21.503398746441647,99.0,P48
835,2459092.844919,g,5.612763864023045,8.03267988476211,19.890423839226706,99.0,P48
836,2459093.952978367,g,4.879737891043339,5.670597251590217,20.268502981517727,99.0,P48
837,2459093.952978367,g,4.879737891043339,5.670597251590217,20.268502981517727,99.0,P48
838,2459093.952978367,g,4.879737891043339,5.670597251590217,20.268502981517727,99.0,P48
839,2459094.9863656997,g,-3.544339963759595,7.2426035618287745,20.002838204441385,99.0,P48
840,2459094.9863656997,g,-3.544339963759595,7.2426035618287745,20.002838204441385,99.0,P48
841,2459094.9863656997,g,-3.544339963759595,7.2426035618287745,20.002838204441385,99.0,P48
842,2459095.8506019,g,3.5146139943569703,7.851251036375237,19.915227829811045,99.0,P48
843,2459095.8506019,g,3.5146139943569703,7.851251036375237,19.915227829811045,99.0,P48
844,2459095.8506019,g,3.5146139943569703,7.851251036375237,19.915227829811045,99.0,P48
845,2459096.9799884,g,3.864477310910759,9.441741372234643,19.714944738953022,99.0,P48
846,2459097.9013387333,g,6.0356689963211565,6.2504173233051725,20.162802451736574,99.0,P48
847,2459097.9013387333,g,6.0356689963211565,6.2504173233051725,20.162802451736574,99.0,P48
848,2459097.9013387333,g,6.0356689963211565,6.2504173233051725,20.162802451736574,99.0,P48
849,2459099.8898264,g,-0.4328752189894675,9.878157450031932,19.665885128680184,99.0,P48
850,2459102.97232065,g,-9.143458724225809,19.469262855285457,18.929201217697106,99.0,P48
851,2459102.97232065,g,-9.143458724225809,19.469262855285457,18.929201217697106,99.0,P48
852,2459106.9404860665,g,0.3671288520360702,3.147368573148001,20.907705979103216,99.0,P48
853,2459106.9404860665,g,0.3671288520360702,3.147368573148001,20.907705979103216,99.0,P48
854,2459106.9404860665,g,0.3671288520360702,3.147368573148001,20.907705979103216,99.0,P48
855,2459107.8728125,g,-1.096008202258826,2.9669353949799198,20.97180476501699,99.0,P48
856,2459107.8728125,g,-1.096008202258826,2.9669353949799198,20.97180476501699,99.0,P48
857,2459108.8675463,g,5.926948589941872,4.466683743219889,20.527611979167247,99.0,P48
858,2459109.8346412336,g,4.154426376931533,3.3441181993265463,20.841870940741256,99.0,P48
859,2459109.8346412336,g,4.154426376931533,3.3441181993265463,20.841870940741256,99.0,P48
860,2459109.8346412336,g,4.154426376931533,3.3441181993265463,20.841870940741256,99.0,P48
861,2459110.8405323997,g,-4.506248271682477,4.746857802052206,20.461559433936646,99.0,P48
862,2459111.8435532497,g,2.974474114228128,2.7040450049653852,21.07254020030782,99.0,P48
863,2459111.8435532497,g,2.974474114228128,2.7040450049653852,21.07254020030782,99.0,P48
864,2459112.8210474495,g,-0.4036103690757043,2.380574674616473,21.210870466384083,99.0,P48
865,2459112.8210474495,g,-0.4036103690757043,2.380574674616473,21.210870466384083,99.0,P48
866,2459113.8873263495,g,3.74719863477489,2.484238969783557,21.164591563673056,99.0,P48
867,2459113.8873263495,g,3.74719863477489,2.484238969783557,21.164591563673056,99.0,P48
868,2459114.8358912,g,-0.0069212341131649445,2.5183395941322027,21.14978925503885,99.0,P48
869,2459114.8358912,g,-0.0069212341131649445,2.5183395941322027,21.14978925503885,99.0,P48
870,2459115.93059605,g,-6.522524994488092,2.6176130277802256,21.10781138049245,99.0,P48
871,2459115.93059605,g,-6.522524994488092,2.6176130277802256,21.10781138049245,99.0,P48
872,2459116.7862847,g,2.697628239071829,2.613961548776388,21.10932700204812,99.0,P48
873,2459116.7862847,g,2.697628239071829,2.613961548776388,21.10932700204812,99.0,P48
874,2459117.8087037,g,2.4076596999630433,2.6183009163586224,21.107526094849227,99.0,P48
875,2459117.8087037,g,2.4076596999630433,2.6183009163586224,21.107526094849227,99.0,P48
876,2459118.94764465,g,0.9182864666915258,2.2347577317601717,21.279498867875603,99.0,P48
877,2459118.94764465,g,0.9182864666915258,2.2347577317601717,21.279498867875603,99.0,P48
878,2459119.80725115,g,0.00709604592964946,3.934837225888506,20.665258060611933,99.0,P48
879,2459119.80725115,g,0.00709604592964946,3.934837225888506,20.665258060611933,99.0,P48
880,2459120.8595717503,g,0.3164361690968197,3.5620956943366537,20.773311033062754,99.0,P48
881,2459120.8595717503,g,0.3164361690968197,3.5620956943366537,20.773311033062754,99.0,P48
882,2459121.8971701,g,-1.8669563807550507,3.800140383986431,20.70307588783865,99.0,P48
883,2459121.8971701,g,-1.8669563807550507,3.800140383986431,20.70307588783865,99.0,P48
884,2459122.777419,g,-9.785831213544288,12.748044695235452,19.388966045507594,99.0,P48
885,2459123.88824655,g,4.139557974564258,10.05384784987016,19.646744217818465,99.0,P48
886,2459123.88824655,g,4.139557974564258,10.05384784987016,19.646744217818465,99.0,P48
887,2459124.6519212998,g,11.907866707894746,22.193453826398734,18.787012754194585,99.0,P48
888,2459125.8848668505,g,-5.174627347988068,8.199386340950943,19.86812161390541,99.0,P48
889,2459125.8848668505,g,-5.174627347988068,8.199386340950943,19.86812161390541,99.0,P48
890,2459126.7759144,g,-4.762803519815344,11.921143647850645,19.461780186193522,99.0,P48
891,2459127.9065798502,g,-35.926597679019004,27.51326198140056,18.55371978031232,99.0,P48
892,2459127.9065798502,g,-35.926597679019004,27.51326198140056,18.55371978031232,99.0,P48
893,2459128.7954398,g,7.1385218348790325,10.57915548594318,19.591447488729045,99.0,P48
894,2459129.8146354505,g,1.927715392997793,4.86524067638742,20.434814166527957,99.0,P48
895,2459129.8146354505,g,1.927715392997793,4.86524067638742,20.434814166527957,99.0,P48
896,2459130.745162,g,-0.2706398957930622,5.097239402597674,20.384237410100155,99.0,P48
897,2459131.83078125,g,-4.311542839771012,4.517150095214076,20.515413685470527,99.0,P48
898,2459131.83078125,g,-4.311542839771012,4.517150095214076,20.515413685470527,99.0,P48
899,2459134.7616956495,g,-2.3986408794033953,3.0553940724120956,20.939906909802822,99.0,P48
900,2459134.7616956495,g,-2.3986408794033953,3.0553940724120956,20.939906909802822,99.0,P48
901,2459135.7485648,g,2.4022128296549585,3.6328775867753684,20.751948078788644,99.0,P48
902,2459136.8869386497,g,1.1488955979672646,2.270582713356623,21.26223167137627,99.0,P48
903,2459136.8869386497,g,1.1488955979672646,2.270582713356623,21.26223167137627,99.0,P48
904,2459137.7387384,g,0.4509516777457155,4.865468310593522,20.434763368441324,99.0,P48
905,2459138.7370196497,g,-1.8379702571153957,3.2807206747678035,20.862651850387063,99.0,P48
906,2459138.7370196497,g,-1.8379702571153957,3.2807206747678035,20.862651850387063,99.0,P48
907,2459139.8912153,g,-6.132393797041829,5.124590932826145,20.378426979575483,99.0,P48
908,2459140.7849768503,g,-2.7034641907225727,2.3742540462506585,21.21375702213556,99.0,P48
909,2459140.7849768503,g,-2.7034641907225727,2.3742540462506585,21.21375702213556,99.0,P48
910,2459141.8020023,g,-1.1857994043547158,2.890209708343706,21.000251600372152,99.0,P48
911,2459142.8916088,g,-0.25380255281525105,2.3482546590836697,21.225712007467948,99.0,P48
912,2459142.8916088,g,-0.25380255281525105,2.3482546590836697,21.225712007467948,99.0,P48
913,2459143.859456,g,-3.2011202422518896,2.9991698643282922,20.96007233005347,99.0,P48
914,2459144.8566666497,g,-3.6627074080131483,1.8630913365305029,21.476989623284272,99.0,P48
915,2459144.8566666497,g,-3.6627074080131483,1.8630913365305029,21.476989623284272,99.0,P48
916,2459145.7835069,g,-1.2934152355977895,2.969378755455863,20.97091099659012,99.0,P48
917,2459146.86267935,g,26.911802641837852,67.27099411951218,17.583005375006152,99.0,P48
918,2459146.86267935,g,26.911802641837852,67.27099411951218,17.583005375006152,99.0,P48
919,2459149.9047222002,g,-2.2398669303525223,8.409596336503466,19.840637114123098,99.0,P48
920,2459150.9140162,g,0.6046994464732558,7.2522210416038835,20.001397407769687,99.0,P48
921,2459150.9140162,g,0.6046994464732558,7.2522210416038835,20.001397407769687,99.0,P48
922,2459151.699294,g,-4.432074305146536,10.925447243589225,19.55647692849838,99.0,P48
923,2459152.7602431,g,-10.229130058257377,11.590997835710612,19.492272927316257,99.0,P48
924,2458302.9651042004,i,12.217303299823122,8.914864112892259,19.77728816986857,99.0,P48
925,2458312.8936111,i,6.49015812743826,10.084229482195031,19.6434681887659,99.0,P48
926,2458319.9878125,i,9.405588741957118,6.700480428951787,20.087310131601008,99.0,P48
927,2458325.8864814998,i,-10.078687954430357,12.054418593812233,19.449709318114202,99.0,P48
928,2458329.888669,i,4.455524922208289,13.717394761724025,19.30939589660108,99.0,P48
929,2458333.9213889,i,11.177577026355191,10.912546889925329,19.557759682085607,99.0,P48
930,2458337.9710764,i,-3.4154101058574162,6.939581301089316,20.049241818826843,99.0,P48
931,2458342.8890278,i,1.7072114379936663,7.686923801331374,19.938193549081205,99.0,P48
932,2458347.8901042,i,-0.45695939461455803,7.39804321721772,19.979782829137726,99.0,P48
933,2458351.8424537,i,3.3486942115487657,8.141614883163342,19.875798600620136,99.0,P48
934,2458362.8017593,i,7.704397168144692,9.243627708965395,19.737968874748802,99.0,P48
935,2458366.7971528,i,8.446071799941846,9.613899447667787,19.695326050396968,99.0,P48
936,2458370.8237269,i,3.192804303305251,8.11356560892872,19.879545608264237,99.0,P48
937,2458374.803287,i,-9.893515526142858,10.542310282483399,19.595235503480037,99.0,P48
938,2458378.8687962997,i,-0.9613594244112342,6.399898954022756,20.13714219640991,99.0,P48
939,2458382.7896181,i,-11.703024428869075,7.599141356281486,19.950663681252617,99.0,P48
940,2458387.8901331,i,-21.620623049414803,9.532913580003964,19.704510849229532,99.0,P48
941,2458387.8901331,i,-21.620623049414803,9.532913580003964,19.704510849229532,99.0,P48
942,2458397.7979282,i,-11.654347828762194,7.491971840993539,19.96608464819617,99.0,P48
943,2458422.7793056,i,7.831546659480514,12.964662341201267,19.37067196353935,99.0,P48
944,2458426.8029167005,i,-12.852806100427774,9.336870852910248,19.72707160988308,99.0,P48
945,2458427.7881019,i,-0.24335386658189712,13.19234336556317,19.351770123050017,99.0,P48
946,2458430.7438310003,i,-5.4130488675427575,7.3009385501066975,19.994128256347906,99.0,P48
947,2458668.9667361,i,-14.176141183565049,8.476776974670027,19.831998096780513,99.0,P48
948,2458672.9461111,i,-0.873499144677471,8.706379913436201,19.802980953658015,99.0,P48
949,2458682.9422801,i,3.9045514692763645,12.011855606034253,19.453549731849307,99.0,P48
950,2458686.9490393996,i,-12.654790283234236,9.304361739430751,19.730858522266352,99.0,P48
951,2458691.8435417004,i,-12.641244560271888,6.674117618677692,20.091590349150934,99.0,P48
952,2458697.9478704,i,1.7936253007261143,5.8520708378072115,20.23430105289067,99.0,P48
953,2458701.9224306,i,-5.572144786241554,7.0918748165742755,20.02567233672454,99.0,P48
954,2458705.9302199,i,-2.0214003539021874,8.225648898434097,19.864649568534034,99.0,P48
955,2458709.9309375,i,-6.006126577912695,8.371563363870077,19.84555856732461,99.0,P48
956,2458713.9256134,i,7.0407387398068915,12.34310684601491,19.42401376814749,99.0,P48
957,2458717.8685764,i,-5.036951095015603,10.940277819824876,19.55500411239199,99.0,P48
958,2458722.8878819,i,-2.885353606680832,5.426216697140646,20.316332155619396,99.0,P48
959,2458733.9286806,i,-1.3808728506593078,7.14520126272707,20.017538823396105,99.0,P48
960,2458738.9117361,i,-20.91219712039311,11.168677351475786,19.532570626864874,99.0,P48
961,2458743.967419,i,7.090022763741986,19.528583623378157,18.925898124777696,99.0,P48
962,2458747.8696875,i,-5.857800148095557,6.765989672641904,20.07674666275664,99.0,P48
963,2458747.8696875,i,-5.857800148095557,6.765989672641904,20.07674666275664,99.0,P48
964,2458751.8593287,i,1.6858813079959032,10.881367572814337,19.560866286599513,99.0,P48
965,2458757.8487153,i,1.2669202280727752,8.791001074710659,19.792479156291318,99.0,P48
966,2458761.8215162004,i,-5.678381300351055,8.452220978290255,19.835147881910892,99.0,P48
967,2458765.8225578996,i,-2.6123267403115844,8.776397238334612,19.794284308910026,99.0,P48
968,2458769.8079861,i,-5.485989202853711,18.27210267952311,18.99810367146697,99.0,P48
969,2459085.7306944,i,36.06712262983845,5.493156200036302,20.007286881112655,0.16532566560234402,P48
970,2459091.8456713,i,25.09830514414813,4.467773174908956,20.400954634455765,0.19323088764399826,P48
971,2459082.6099,g,47.34941674753758,2.61671272437345,19.711713415721785,0.06,LT+IOO
972,2459082.611,r,51.25366509730016,2.83247665638575,19.62568768301612,0.06,LT+IOO
973,2459082.612,i,45.502464925861425,2.095535826004487,19.754912691065783,0.05,LT+IOO
974,2459082.613,u,50.727030715763725,3.7378303926140712,19.63690139543356,0.08,LT+IOO
983,2459089.0741,gp,7.379042301291015,0.6796575758764866,21.73,0.1,LCO2m+Spectral camera
984,2459089.0778,r,6.452454143857888,0.41601896478774264,21.87568768301612,0.07,LCO2m+Spectral camera
985,2459089.0815,i,181.14857564844445,3.336991353936528,18.254912691065783,0.02,LCO2m+Spectral camera
986,2459089.089,Y,38.018939632056124,8.054118186766978,19.95,0.23,LCO2m+Spectral camera
987,2459090.9641,gp,10.964781961431852,1.1109201581997823,21.3,0.11,LCO2m+Spectral camera
988,2459090.9678,r,19.486099992558763,0.71791839338892,20.675687683016122,0.04,LCO2m+Spectral camera
989,2459090.9716,i,13.741524723538749,0.7594100427487565,21.054912691065784,0.06,LCO2m+Spectral camera
990,2459091.0185,Y,44.05548635065534,7.709811556253583,19.79,0.19,LCO2m+Spectral camera
991,2459091.6342,r,14.91849203623646,2.3359525155753875,20.96568768301612,0.17,LT+IOO
992,2459091.6368,i,20.991086756117156,4.640196022352507,20.594912691065783,0.24,LT+IOO
993,2459093.4635,z,75.40248923544708,15.279126491478635,19.20653579171236,0.22,LT+IOO
994,2459093.4662,r,30.60024662983852,7.3280502199115904,20.185687683016123,0.26,LT+IOO
995,2459095.881,r,19.848373639181712,2.376612851702701,20.655687683016122,0.13,LCO2m+Spectral camera
996,2459101.454,z,38.49334776528751,4.6091325499561355,19.93653579171236,0.13,LT+IOO
997,2459101.4567,r,14.37887561322771,1.9865813226343891,21.005687683016124,0.15,LT+IOO
998,2459101.4594,i,19.144098651439087,3.8792499800281837,20.694912691065785,0.22,LT+IOO
999,2459103.4331,z,47.13957723731405,5.210232355602547,19.71653579171236,0.12,LT+IOO
1000,2459103.4357,r,13.85877764310781,1.9147247365443227,21.045687683016123,0.15,LT+IOO
1001,2459103.4384,i,23.229235855857823,4.0651697638509585,20.484912691065784,0.19,LT+IOO
