,JD,Filter,Flux,eFlux,Mag,eMag,Telescope
0,2458214.7062442,r,-7.539449237917107,7.091599326185131,20.02571451396357,99.0,P48
1,2458214.7062442,r,-7.539449237917107,7.091599326185131,20.02571451396357,99.0,P48
2,2458215.7330556,r,3.595254490067914,9.688620522516024,19.686920123960135,99.0,P48
3,2458216.7323148,r,1.0120192822682865,3.669120775313709,20.74116997033903,99.0,P48
4,2458217.7506712666,r,-3.2208031931596666,2.432551953107015,21.18741967800451,99.0,P48
5,2458217.7506712666,r,-3.2208031931596666,2.432551953107015,21.18741967800451,99.0,P48
6,2458217.7506712666,r,-3.2208031931596666,2.432551953107015,21.18741967800451,99.0,P48
7,2458218.736732267,r,1.350692584472532,1.9891352483447176,21.40591420579222,99.0,P48
8,2458218.736732267,r,1.350692584472532,1.9891352483447176,21.40591420579222,99.0,P48
9,2458218.736732267,r,1.350692584472532,1.9891352483447176,21.40591420579222,99.0,P48
10,2458219.7441319334,r,-1.3386286092008828,2.427846789474672,21.189521796933974,99.0,P48
11,2458219.7441319334,r,-1.3386286092008828,2.427846789474672,21.189521796933974,99.0,P48
12,2458219.7441319334,r,-1.3386286092008828,2.427846789474672,21.189521796933974,99.0,P48
13,2458221.73212732,r,0.540862854822225,3.033477847943249,20.94772291954981,99.0,P48
14,2458221.73212732,r,0.540862854822225,3.033477847943249,20.94772291954981,99.0,P48
15,2458221.73212732,r,0.540862854822225,3.033477847943249,20.94772291954981,99.0,P48
16,2458221.73212732,r,0.540862854822225,3.033477847943249,20.94772291954981,99.0,P48
17,2458221.73212732,r,0.540862854822225,3.033477847943249,20.94772291954981,99.0,P48
18,2458224.7159513803,r,-7.047932061990329,3.2432172791834204,20.875134876196768,99.0,P48
19,2458224.7159513803,r,-7.047932061990329,3.2432172791834204,20.875134876196768,99.0,P48
20,2458224.7159513803,r,-7.047932061990329,3.2432172791834204,20.875134876196768,99.0,P48
21,2458224.7159513803,r,-7.047932061990329,3.2432172791834204,20.875134876196768,99.0,P48
22,2458224.7159513803,r,-7.047932061990329,3.2432172791834204,20.875134876196768,99.0,P48
23,2458226.7621643995,r,-8.534327539301502,3.5472460369581498,20.777846708713433,99.0,P48
24,2458229.6948727,r,2.2463919844632754,3.937598179922795,20.664496500123196,99.0,P48
25,2458231.72368055,r,0.7955743539378592,2.8699118632548473,21.007903590434577,99.0,P48
26,2458231.72368055,r,0.7955743539378592,2.8699118632548473,21.007903590434577,99.0,P48
27,2458242.78804975,r,-2.212748022143588,3.1277751703268146,20.914486169906933,99.0,P48
28,2458242.78804975,r,-2.212748022143588,3.1277751703268146,20.914486169906933,99.0,P48
29,2458243.6849884,r,-2.912794480807502,3.474761980801243,20.800262336603566,99.0,P48
30,2458244.6840972,r,-12.27102935519669,3.5301457302351165,20.783093403784882,99.0,P48
31,2458245.6656771,r,-2.3811259989006515,3.8681640646321793,20.68381277415028,99.0,P48
32,2458245.6656771,r,-2.3811259989006515,3.8681640646321793,20.68381277415028,99.0,P48
33,2458246.7208217997,r,1.6514318903926941,4.313686226162528,20.565453609892078,99.0,P48
34,2458247.7270949,r,-2.089800168313104,3.1750731734514797,20.89819064268051,99.0,P48
35,2458249.7386227003,r,4.963326406576214,7.575525054506625,19.954043141975745,99.0,P48
36,2458250.7224306,r,-5.059253620136418,4.476051350151135,20.52533733866609,99.0,P48
37,2458254.6807928504,r,-0.05128046023319036,2.2399340651287782,21.276986902668504,99.0,P48
38,2458254.6807928504,r,-0.05128046023319036,2.2399340651287782,21.276986902668504,99.0,P48
39,2458256.7817593,r,4.3217841162298445,3.498565863456478,20.79284985344633,99.0,P48
40,2458257.7396122497,r,-2.5707916942813105,2.9293606202913516,20.98564289167148,99.0,P48
41,2458257.7396122497,r,-2.5707916942813105,2.9293606202913516,20.98564289167148,99.0,P48
42,2458258.7025231,r,-1.5636876741655847,3.876366478431457,20.6815129159707,99.0,P48
43,2458260.6762905,r,-2.688161737158614,2.7411349981669506,21.057748927568376,99.0,P48
44,2458260.6762905,r,-2.688161737158614,2.7411349981669506,21.057748927568376,99.0,P48
45,2458262.72097225,r,-2.0363778229282445,2.785292875973561,21.040397818274577,99.0,P48
46,2458262.72097225,r,-2.0363778229282445,2.785292875973561,21.040397818274577,99.0,P48
47,2458263.723125,r,-1.5788268420305014,2.975324854728905,20.96873901365064,99.0,P48
48,2458266.7435243,r,0.5494176009148257,4.677803421151597,20.477470071226875,99.0,P48
49,2458266.7435243,r,0.5494176009148257,4.677803421151597,20.477470071226875,99.0,P48
50,2458267.783125,r,20.116128204752155,17.595463410047103,19.039073215924162,99.0,P48
51,2458271.677581,r,-4.767220763741461,4.0669255357189185,20.629409437495937,99.0,P48
52,2458274.7052199,r,-5.193017984941639,3.235261175391493,20.877801624057078,99.0,P48
53,2458277.7615278,r,-2.0588619166490085,4.44851883840272,20.532036404058946,99.0,P48
54,2458278.7465509,r,2.3677106258328906,4.16777434555142,20.602814496501573,99.0,P48
55,2458279.6816493,r,-2.911208086146111,2.7609737324369683,21.049919302072794,99.0,P48
56,2458279.6816493,r,-2.911208086146111,2.7609737324369683,21.049919302072794,99.0,P48
57,2458280.6975231003,r,-9.083065059007115,3.971060741770285,20.655308663835996,99.0,P48
58,2458281.7014931,r,2.6872582084753875,3.712252693322887,20.72848116163143,99.0,P48
59,2458282.70314815,r,-5.591895427734863,2.365092505221006,21.217954659539487,99.0,P48
60,2458282.70314815,r,-5.591895427734863,2.365092505221006,21.217954659539487,99.0,P48
61,2458283.7202894,r,3.9497431161966414,4.198699056849516,20.59478812027969,99.0,P48
62,2458284.6973957997,r,2.3162691077880497,4.357514020005961,20.55447800641662,99.0,P48
63,2458288.7447685003,r,-0.30636529804622836,4.720914016341192,20.467509762795128,99.0,P48
64,2458291.749919,r,-4.76723918282659,6.038403207603487,20.20026971620397,99.0,P48
65,2458294.7344444,r,-5.229892156673546,5.801400893775974,20.243742795350045,99.0,P48
66,2458297.7554861,r,-3.6005701088375806,9.619464057510717,19.694697798501373,99.0,P48
67,2458301.6784258997,r,3.975523446486491,5.966841497359111,20.21321373556554,99.0,P48
68,2458305.6827662,r,-0.03492771994340989,5.861545711304596,20.232544598700443,99.0,P48
69,2458312.6995023,r,1.1289618021023957,4.88697263121292,20.429975222081897,99.0,P48
70,2458424.03306135,r,-2.2875269315740216,3.574194930498078,20.769629402919506,99.0,P48
71,2458424.03306135,r,-2.2875269315740216,3.574194930498078,20.769629402919506,99.0,P48
72,2458425.9760417,r,2.8954410649064215,4.31943232692125,20.564008303537754,99.0,P48
73,2458427.02909145,r,0.8241748731720082,2.4112932913010603,21.196949894523996,99.0,P48
74,2458427.02909145,r,0.8241748731720082,2.4112932913010603,21.196949894523996,99.0,P48
75,2458427.9892245,r,-2.2130476295361077,4.799101779375928,20.44967508778555,99.0,P48
76,2458430.01010995,r,-3.417512253502318,2.0150651443619023,21.391852261999915,99.0,P48
77,2458430.01010995,r,-3.417512253502318,2.0150651443619023,21.391852261999915,99.0,P48
78,2458430.9762037,r,-0.5239804973680449,3.138179274192576,20.91088061460766,99.0,P48
79,2458432.0483218,r,1.5945853925330578,6.3485924502897335,20.145881368383556,99.0,P48
80,2458433.0464699,r,-1.9374517029697582,2.8619752765618314,21.010910294792687,99.0,P48
81,2458433.0464699,r,-1.9374517029697582,2.8619752765618314,21.010910294792687,99.0,P48
82,2458434.990162,r,-1.8026655670685132,7.481272655348547,19.9676362818713,99.0,P48
83,2458438.0319907,r,0.3297733965741563,3.6534180837534227,20.745826553854975,99.0,P48
84,2458439.0262037003,r,1.1597861683152415,2.9743509080458193,20.96909447812532,99.0,P48
85,2458439.889294,r,3.233618025015304,3.3658025443230986,20.834853403187473,99.0,P48
86,2458441.0287963,r,-1.6780748933411995,2.116717784529583,21.33841759233028,99.0,P48
87,2458441.0287963,r,-1.6780748933411995,2.116717784529583,21.33841759233028,99.0,P48
88,2458442.035463,r,-15.452139026522365,6.599047228884414,20.10387189769453,99.0,P48
89,2458442.9619618,r,-4.082367712529901,3.3619137413813114,20.836108573422962,99.0,P48
90,2458442.9619618,r,-4.082367712529901,3.3619137413813114,20.836108573422962,99.0,P48
91,2458443.9308044,r,-5.908285452264145,3.9808752085113293,20.652628580055506,99.0,P48
92,2458443.9308044,r,-5.908285452264145,3.9808752085113293,20.652628580055506,99.0,P48
93,2458447.9704051004,r,-2.233278480182774,6.690128354087026,20.088988864046456,99.0,P48
94,2458449.0005825334,r,-6.367017698925028,3.2034992639421755,20.88851341780638,99.0,P48
95,2458449.0005825334,r,-6.367017698925028,3.2034992639421755,20.88851341780638,99.0,P48
96,2458449.0005825334,r,-6.367017698925028,3.2034992639421755,20.88851341780638,99.0,P48
97,2458449.98074075,r,8.595571870214945,2.6143055656703917,21.564378682430565,0.3301500742921769,P48
98,2458449.98074075,r,8.595571870214945,2.6143055656703917,21.564378682430565,0.3301500742921769,P48
99,2458455.9969502,r,2.1716535073088417,3.6610174983537225,20.743570477513146,99.0,P48
100,2458455.9969502,r,2.1716535073088417,3.6610174983537225,20.743570477513146,99.0,P48
101,2458466.0102315,r,-0.9732996154673418,3.358248853956184,20.83729280112634,99.0,P48
102,2458469.0166782,r,-0.15016678264578057,1.5918652753592866,21.64780921608912,99.0,P48
103,2458469.0166782,r,-0.15016678264578057,1.5918652753592866,21.64780921608912,99.0,P48
104,2458472.0532639,r,-4.643403024427654,3.094075395215118,20.926247758635434,99.0,P48
105,2458473.05042245,r,-4.383449410718064,2.4781925701400396,21.167237362692045,99.0,P48
106,2458473.05042245,r,-4.383449410718064,2.4781925701400396,21.167237362692045,99.0,P48
107,2458474.9914468,r,6.939576358638062,6.647791949730539,20.09588144104723,99.0,P48
108,2458476.95502315,r,-3.559984090059065,3.1325942156351467,20.912814634994376,99.0,P48
109,2458476.95502315,r,-3.559984090059065,3.1325942156351467,20.912814634994376,99.0,P48
110,2458481.9645602,r,-0.27719774133952035,3.748825540758431,20.71783691387887,99.0,P48
111,2458486.9929456003,r,-2.595620770432169,2.2291180239423833,21.282242330532327,99.0,P48
112,2458486.9929456003,r,-2.595620770432169,2.2291180239423833,21.282242330532327,99.0,P48
113,2458488.0398727003,r,-2.572119541179765,3.297333260443694,20.857167880736846,99.0,P48
114,2458492.05720485,r,-1.1122328226450726,2.868993334823853,21.008251140898203,99.0,P48
115,2458492.05720485,r,-1.1122328226450726,2.868993334823853,21.008251140898203,99.0,P48
116,2458492.97181715,r,-6.742820099223987,5.084898833152026,20.386869197114763,99.0,P48
117,2458492.97181715,r,-6.742820099223987,5.084898833152026,20.386869197114763,99.0,P48
118,2458493.98164355,r,0.902207438569194,1.60076962011161,21.64175290532302,99.0,P48
119,2458493.98164355,r,0.902207438569194,1.60076962011161,21.64175290532302,99.0,P48
120,2458503.0339988503,r,-1.9440065636707116,5.721471869901136,20.258805571570925,99.0,P48
121,2458503.0339988503,r,-1.9440065636707116,5.721471869901136,20.258805571570925,99.0,P48
122,2458503.9897569,r,6.589185193036084,12.64529372780994,19.397752684934083,99.0,P48
123,2458506.0097626997,r,6.563890925378247,8.036750090455472,19.889873829701365,99.0,P48
124,2458506.0097626997,r,6.563890925378247,8.036750090455472,19.889873829701365,99.0,P48
125,2458508.9831018504,r,-0.7156835029880587,4.423421508953832,20.538179175728835,99.0,P48
126,2458508.9831018504,r,-0.7156835029880587,4.423421508953832,20.538179175728835,99.0,P48
127,2458509.9741609,r,0.45368346606555776,3.681185160966001,20.73760583241956,99.0,P48
128,2458509.9741609,r,0.45368346606555776,3.681185160966001,20.73760583241956,99.0,P48
129,2458511.8858217997,r,-3.1083734451782066,4.489092094663083,20.522178701322048,99.0,P48
130,2458512.99076965,r,-0.9258403952450723,2.9793693431843105,20.967264127426397,99.0,P48
131,2458512.99076965,r,-0.9258403952450723,2.9793693431843105,20.967264127426397,99.0,P48
132,2458513.9473264,r,-2.342547612040256,14.349412593546438,19.260489681189256,99.0,P48
133,2458514.90715855,r,-3.7858728969294315,4.0200307213078705,20.64200155915804,99.0,P48
134,2458514.90715855,r,-3.7858728969294315,4.0200307213078705,20.64200155915804,99.0,P48
135,2458524.9705787003,r,-2.6341392708625055,3.044473145771971,20.94379462003898,99.0,P48
136,2458534.8527778,r,-6.737560055324688,6.639200377936977,20.097285548406077,99.0,P48
137,2458534.8527778,r,-6.737560055324688,6.639200377936977,20.097285548406077,99.0,P48
138,2458534.8527778,r,-6.737560055324688,6.639200377936977,20.097285548406077,99.0,P48
139,2458538.7855439996,r,14.124696132058292,22.341104488113054,18.779813389812176,99.0,P48
140,2458538.7855439996,r,14.124696132058292,22.341104488113054,18.779813389812176,99.0,P48
141,2458540.7819039505,r,2.822342761934276,1.9052843438886027,21.452675492193062,99.0,P48
142,2458540.7819039505,r,2.822342761934276,1.9052843438886027,21.452675492193062,99.0,P48
143,2458543.8485648,r,-1.2841502446467623,3.835545663102887,20.69300709542469,99.0,P48
144,2458556.7214698996,r,0.5616436312527292,2.8485625496873315,21.01601058845844,99.0,P48
145,2458556.7214698996,r,0.5616436312527292,2.8485625496873315,21.01601058845844,99.0,P48
146,2458557.7604630003,r,2.7353576469031,7.178783519485914,20.012447846358704,99.0,P48
147,2458558.74322915,r,5.228240228708553,3.7323666400771645,20.72261424154526,99.0,P48
148,2458558.74322915,r,5.228240228708553,3.7323666400771645,20.72261424154526,99.0,P48
149,2458559.7596875,r,2.4323620896833162,3.6707392308831643,20.74069115580182,99.0,P48
150,2458559.7596875,r,2.4323620896833162,3.6707392308831643,20.74069115580182,99.0,P48
151,2458560.8452199,r,3.0648775579763736,5.235626194343501,20.35515340951716,99.0,P48
152,2458561.6857523,r,-3.3955743576489565,13.510481298813238,19.32589793753465,99.0,P48
153,2458562.8485011496,r,3.9356576761062123,7.986595787181075,19.896670727320995,99.0,P48
154,2458562.8485011496,r,3.9356576761062123,7.986595787181075,19.896670727320995,99.0,P48
155,2458567.7404051004,r,-0.13638637110236942,2.720771221243293,21.065844926082093,99.0,P48
156,2458572.7801852,r,-4.5294339094317175,3.4379797813748283,20.811816693435922,99.0,P48
157,2458572.7801852,r,-4.5294339094317175,3.4379797813748283,20.811816693435922,99.0,P48
158,2458573.7618519,r,-6.742987139583466,3.746524122809831,20.71850365605362,99.0,P48
159,2458574.7103125,r,1.6286409207159676,5.297254008828896,20.342447993394558,99.0,P48
160,2458575.7431713,r,1.7421389947744856,12.30879171237067,19.427036432462288,99.0,P48
161,2458575.7431713,r,1.7421389947744856,12.30879171237067,19.427036432462288,99.0,P48
162,2458580.72038195,r,-2.3670888331253823,2.2911427973286895,21.252444594690125,99.0,P48
163,2458580.72038195,r,-2.3670888331253823,2.2911427973286895,21.252444594690125,99.0,P48
164,2458581.745463,r,4.66138473874374,3.219434249562133,20.883126089330812,99.0,P48
165,2458582.7241666997,r,0.07413875231489828,1.660645782230376,21.60188247219184,99.0,P48
166,2458582.7241666997,r,0.07413875231489828,1.660645782230376,21.60188247219184,99.0,P48
167,2458583.7645485997,r,-3.3324684271776674,2.5239354410566657,21.14737938407621,99.0,P48
168,2458583.7645485997,r,-3.3324684271776674,2.5239354410566657,21.14737938407621,99.0,P48
169,2458584.802662,r,-7.107295233475003,4.185116533744435,20.598306100805367,99.0,P48
170,2458585.8073264,r,-4.222193616593826,3.798347598855104,20.703588224441653,99.0,P48
171,2458586.7237384003,r,-1.9464904177515234,3.104102771102579,20.922734760381527,99.0,P48
172,2458586.7237384003,r,-1.9464904177515234,3.104102771102579,20.922734760381527,99.0,P48
173,2458587.7798842997,r,0.14179935933815807,6.650535764289916,20.095433405938966,99.0,P48
174,2458588.6630787,r,-4.7241508289022915,13.219736506864384,19.349517991746424,99.0,P48
175,2458589.7002893337,r,-10.260920995900436,8.188827892182958,19.869520630481162,99.0,P48
176,2458589.7002893337,r,-10.260920995900436,8.188827892182958,19.869520630481162,99.0,P48
177,2458589.7002893337,r,-10.260920995900436,8.188827892182958,19.869520630481162,99.0,P48
178,2458591.8439236,r,-12.839927898584676,10.847673102787818,19.56423351627858,99.0,P48
179,2458592.7547762333,r,6.722364388368739,3.3439400267657855,20.841928789639518,99.0,P48
180,2458592.7547762333,r,6.722364388368739,3.3439400267657855,20.841928789639518,99.0,P48
181,2458592.7547762333,r,6.722364388368739,3.3439400267657855,20.841928789639518,99.0,P48
182,2458593.7858448997,r,5.831540424243451,5.025415533513474,20.399645044599886,99.0,P48
183,2458594.6601273,r,-0.43918006244397406,3.524407284960198,20.78485976351165,99.0,P48
184,2458597.823912,r,-6.418161780063442,3.8438392207449885,20.69066195465227,99.0,P48
185,2458599.6641319497,r,-2.486635648152368,2.3523792620735913,21.223806633843523,99.0,P48
186,2458599.6641319497,r,-2.486635648152368,2.3523792620735913,21.223806633843523,99.0,P48
187,2458601.7640856,r,-0.6998520382668174,2.6895442119373785,21.078378269648553,99.0,P48
188,2458606.7218248663,r,2.0257350345678398,1.6201083773439626,21.628714819920486,99.0,P48
189,2458606.7218248663,r,2.0257350345678398,1.6201083773439626,21.628714819920486,99.0,P48
190,2458606.7218248663,r,2.0257350345678398,1.6201083773439626,21.628714819920486,99.0,P48
191,2458607.7343981,r,-2.344421833023794,4.276877078036297,20.574758068274587,99.0,P48
192,2458608.7433102,r,-2.486696565131839,3.5984474127699912,20.762287088289163,99.0,P48
193,2458612.70507525,r,-2.4218483333686356,2.2142411355972196,21.289512702368768,99.0,P48
194,2458612.70507525,r,-2.4218483333686356,2.2142411355972196,21.289512702368768,99.0,P48
195,2458616.6714409497,r,-2.980369500367497,3.7245580250929136,20.72488812775894,99.0,P48
196,2458616.6714409497,r,-2.980369500367497,3.7245580250929136,20.72488812775894,99.0,P48
197,2458617.7570832996,r,0.4781469151290702,4.747679993384422,20.46137139257685,99.0,P48
198,2458618.75122685,r,6.623337537378239,3.536306354680413,20.78120028553589,99.0,P48
199,2458618.75122685,r,6.623337537378239,3.536306354680413,20.78120028553589,99.0,P48
200,2458632.6834143996,r,3.3034281476842735,4.042211211561335,20.636027483394386,99.0,P48
201,2458633.6759491,r,-2.7223013499911426,2.25202175957549,21.271143533016847,99.0,P48
202,2458633.6759491,r,-2.7223013499911426,2.25202175957549,21.271143533016847,99.0,P48
203,2458634.7591782003,r,-1.8638129108454191,3.752835982997781,20.716676028990264,99.0,P48
204,2458635.7426389,r,-3.128663848215383,2.6240926024743207,21.105127096819736,99.0,P48
205,2458639.6841897997,r,-2.468360898772403,3.2983032542608224,20.85684853099376,99.0,P48
206,2458642.718588,r,-5.514481029514391,3.637697578724692,20.750508511653017,99.0,P48
207,2458648.7040509,r,0.14730554412379468,7.444440202892629,19.972994874616187,99.0,P48
208,2458651.7392593,r,13.515849692452392,8.507471750736752,19.82807369994736,99.0,P48
209,2458654.68,r,0.13294767416092573,4.757866725115349,20.459044307557967,99.0,P48
210,2458658.6873032004,r,-9.245371640227253,3.606295436978903,20.759921733253663,99.0,P48
211,2458661.702581,r,-3.4233532877632764,3.6062199409356066,20.759944462851653,99.0,P48
212,2458667.7218056,r,0.4704619718135073,4.3453516930017715,20.55751265909188,99.0,P48
213,2458670.6847106004,r,26.611607732665707,5.768062992213984,20.33738783948014,0.23528200328770915,P48
214,2458673.6998842997,r,126.75822220757675,4.976135723013505,18.64262527340164,0.042613372397142135,P48
215,2458676.7015046002,r,147.72811758547275,6.815631793370847,18.476407712539398,0.05008097600257781,P48
216,2458677.7008217997,r,139.81237793761275,6.508310353460425,18.536201566575762,0.05053036786080372,P48
217,2458679.6988079,r,127.24685126928085,7.269013060517328,18.638448011033233,0.06200950041972817,P48
218,2458758.0033102003,r,1.8733620567032252,3.1468341356300575,20.907890357710215,99.0,P48
219,2458772.0039757,r,-1.823263000650045,6.1719790228099765,20.17651388585285,99.0,P48
220,2458772.0039757,r,-1.823263000650045,6.1719790228099765,20.17651388585285,99.0,P48
221,2458777.0084259,r,-8.368806625425677,6.367033377173281,20.14273217285429,99.0,P48
222,2458786.0079861,r,0.5004377510682491,4.475175439429496,20.525549825291222,99.0,P48
223,2458802.0314698997,r,119.30428559169738,161.49939625629906,16.63214773136286,99.0,P48
224,2458805.0519328997,r,-3.397617826665782,6.704381873870905,20.08667813105919,99.0,P48
225,2458807.054533167,r,2.878625473772525,2.0266515331848067,21.38562728519364,99.0,P48
226,2458807.054533167,r,2.878625473772525,2.0266515331848067,21.38562728519364,99.0,P48
227,2458807.054533167,r,2.878625473772525,2.0266515331848067,21.38562728519364,99.0,P48
228,2458813.0624421,r,-11.704129740298312,5.554140499950961,20.291032835022257,99.0,P48
229,2458820.0156829,r,-28.46271719751866,65.11942731148572,17.618298557850643,99.0,P48
230,2458828.9272801,r,-17.539917622760395,6.347565962844273,20.146056932447806,99.0,P48
231,2458831.9399228333,r,-0.8856684660419241,3.8252855451778056,20.695915340719232,99.0,P48
232,2458831.9399228333,r,-0.8856684660419241,3.8252855451778056,20.695915340719232,99.0,P48
233,2458831.9399228333,r,-0.8856684660419241,3.8252855451778056,20.695915340719232,99.0,P48
234,2458833.9296450666,r,-0.486691344238229,3.428770138113593,20.814729060781296,99.0,P48
235,2458833.9296450666,r,-0.486691344238229,3.428770138113593,20.814729060781296,99.0,P48
236,2458833.9296450666,r,-0.486691344238229,3.428770138113593,20.814729060781296,99.0,P48
237,2458835.0093287,r,12.785305304358811,11.0037607322778,19.548722143049496,99.0,P48
238,2458837.9458218,r,-7.892621783364358,6.617565514192338,20.100829365336658,99.0,P48
239,2458846.9689814504,r,-2.976973831427523,2.20136565808537,21.295844521464687,99.0,P48
240,2458846.9689814504,r,-2.976973831427523,2.20136565808537,21.295844521464687,99.0,P48
241,2458850.0495832996,r,-13.483282397139744,188.73377996506474,16.462950894027514,99.0,P48
242,2458850.9958102,r,-1.2949291683799282,3.9572580763495853,20.65908905386656,99.0,P48
243,2458851.9917707997,r,7.3748509389226635,4.426715945518594,20.537370851736977,99.0,P48
244,2458852.94909145,r,-3.405998782456185,1.9914619337697474,21.40464496563797,99.0,P48
245,2458852.94909145,r,-3.405998782456185,1.9914619337697474,21.40464496563797,99.0,P48
246,2458854.0488194,r,-6.006517817511949,3.026546071423649,20.950206765855746,99.0,P48
247,2458854.9721875,r,-1.961355727420971,5.454204318509844,20.310746481906413,99.0,P48
248,2458856.03127315,r,-2.6463883230085177,2.6791686961648082,21.08257483867164,99.0,P48
249,2458856.03127315,r,-2.6463883230085177,2.6791686961648082,21.08257483867164,99.0,P48
250,2458859.825946175,r,3.4001192789102435,3.6250929394457954,20.754277125636527,99.0,P48
251,2458859.825946175,r,3.4001192789102435,3.6250929394457954,20.754277125636527,99.0,P48
252,2458859.825946175,r,3.4001192789102435,3.6250929394457954,20.754277125636527,99.0,P48
253,2458859.825946175,r,3.4001192789102435,3.6250929394457954,20.754277125636527,99.0,P48
254,2458860.82652084,r,0.9305538736621475,4.070764246884781,20.628385110417153,99.0,P48
255,2458860.82652084,r,0.9305538736621475,4.070764246884781,20.628385110417153,99.0,P48
256,2458860.82652084,r,0.9305538736621475,4.070764246884781,20.628385110417153,99.0,P48
257,2458860.82652084,r,0.9305538736621475,4.070764246884781,20.628385110417153,99.0,P48
258,2458860.82652084,r,0.9305538736621475,4.070764246884781,20.628385110417153,99.0,P48
259,2458862.0260764,r,4.336521221013305,8.915235014381473,19.77724299892786,99.0,P48
260,2458862.8605671003,r,-2.838810674931094,6.112838089434886,20.186967757168006,99.0,P48
261,2458863.8601967497,r,3.2575707605598803,3.772096639214399,20.711117962626155,99.0,P48
262,2458863.8601967497,r,3.2575707605598803,3.772096639214399,20.711117962626155,99.0,P48
263,2458864.8290393995,r,-1.9018997391164625,3.819206557500548,20.697642120814514,99.0,P48
264,2458866.8639236,r,-3.393745194526415,2.663266807773402,21.08903829786602,99.0,P48
265,2458866.8639236,r,-3.393745194526415,2.663266807773402,21.08903829786602,99.0,P48
266,2458867.996875,r,1.5852833716631356,3.6952474316855684,20.733466179614346,99.0,P48
267,2458871.995655867,r,-3.609866554205848,2.4107938697842886,21.197174792998876,99.0,P48
268,2458871.995655867,r,-3.609866554205848,2.4107938697842886,21.197174792998876,99.0,P48
269,2458871.995655867,r,-3.609866554205848,2.4107938697842886,21.197174792998876,99.0,P48
270,2458873.7992072,r,-3.8035151482011953,2.184991280599859,21.303950718611155,99.0,P48
271,2458873.7992072,r,-3.8035151482011953,2.184991280599859,21.303950718611155,99.0,P48
272,2458874.823098,r,-2.6962499314593873,1.4802679281834896,21.726724164860975,99.0,P48
273,2458874.823098,r,-2.6962499314593873,1.4802679281834896,21.726724164860975,99.0,P48
274,2458874.823098,r,-2.6962499314593873,1.4802679281834896,21.726724164860975,99.0,P48
275,2458875.8067882,r,-4.234264142982497,2.7442480885345035,21.05651656321745,99.0,P48
276,2458875.8067882,r,-4.234264142982497,2.7442480885345035,21.05651656321745,99.0,P48
277,2458876.8290509,r,-4.204346518063556,3.091981036173939,20.926982935091992,99.0,P48
278,2458877.8221798,r,0.22303892398743494,2.317205633931771,21.240163549787354,99.0,P48
279,2458877.8221798,r,0.22303892398743494,2.317205633931771,21.240163549787354,99.0,P48
280,2458877.8221798,r,0.22303892398743494,2.317205633931771,21.240163549787354,99.0,P48
281,2458878.8268692,r,1.8584719440273496,3.22375953732964,20.881668389194537,99.0,P48
282,2458878.8268692,r,1.8584719440273496,3.22375953732964,20.881668389194537,99.0,P48
283,2458879.84118635,r,4.841990398580128,4.036609715706707,20.63753308622418,99.0,P48
284,2458879.84118635,r,4.841990398580128,4.036609715706707,20.63753308622418,99.0,P48
285,2458880.8475115667,r,-3.2884957286294183,1.944582233816408,21.430509205129148,99.0,P48
286,2458880.8475115667,r,-3.2884957286294183,1.944582233816408,21.430509205129148,99.0,P48
287,2458880.8475115667,r,-3.2884957286294183,1.944582233816408,21.430509205129148,99.0,P48
288,2458881.8634837996,r,0.4138523924897555,2.359268857293619,21.220631401691897,99.0,P48
289,2458881.8634837996,r,0.4138523924897555,2.359268857293619,21.220631401691897,99.0,P48
290,2458884.0114236,r,-1.4814489156710526,3.703896369332251,20.730927921333354,99.0,P48
291,2458884.0114236,r,-1.4814489156710526,3.703896369332251,20.730927921333354,99.0,P48
292,2458884.0114236,r,-1.4814489156710526,3.703896369332251,20.730927921333354,99.0,P48
293,2458884.9870370002,r,0.7267350975784285,3.7581287236276273,20.715145860416765,99.0,P48
294,2458884.9870370002,r,0.7267350975784285,3.7581287236276273,20.715145860416765,99.0,P48
295,2458885.7396065,r,1.6660139852530456,6.708655398435637,20.085986278736016,99.0,P48
296,2458885.7396065,r,1.6660139852530456,6.708655398435637,20.085986278736016,99.0,P48
297,2458886.803167433,r,-4.005214034528768,3.868096422032054,20.68383176058955,99.0,P48
298,2458886.803167433,r,-4.005214034528768,3.868096422032054,20.68383176058955,99.0,P48
299,2458886.803167433,r,-4.005214034528768,3.868096422032054,20.68383176058955,99.0,P48
300,2458888.92542825,r,-9.394429028609668,8.434010254755819,19.837489677335633,99.0,P48
301,2458888.92542825,r,-9.394429028609668,8.434010254755819,19.837489677335633,99.0,P48
302,2458890.926168967,r,-1.487281721050656,5.228621601187695,20.35660695719175,99.0,P48
303,2458890.926168967,r,-1.487281721050656,5.228621601187695,20.35660695719175,99.0,P48
304,2458890.926168967,r,-1.487281721050656,5.228621601187695,20.35660695719175,99.0,P48
305,2458891.82627315,r,-4.619965099082868,3.618204771361118,20.756342134152554,99.0,P48
306,2458891.82627315,r,-4.619965099082868,3.618204771361118,20.756342134152554,99.0,P48
307,2458892.79967595,r,-6.834891159989613,3.7363631767679966,20.72145228091756,99.0,P48
308,2458892.79967595,r,-6.834891159989613,3.7363631767679966,20.72145228091756,99.0,P48
309,2458893.81504166,r,-0.7971819826431089,1.3352747187001652,21.838648423145454,99.0,P48
310,2458893.81504166,r,-0.7971819826431089,1.3352747187001652,21.838648423145454,99.0,P48
311,2458893.81504166,r,-0.7971819826431089,1.3352747187001652,21.838648423145454,99.0,P48
312,2458893.81504166,r,-0.7971819826431089,1.3352747187001652,21.838648423145454,99.0,P48
313,2458893.81504166,r,-0.7971819826431089,1.3352747187001652,21.838648423145454,99.0,P48
314,2458894.7827314995,r,-3.6135496379535597,2.1652975636022207,21.313781021096545,99.0,P48
315,2458894.7827314995,r,-3.6135496379535597,2.1652975636022207,21.313781021096545,99.0,P48
316,2458895.9505324,r,-1.3802880814810614,2.588810538277388,21.11982431961149,99.0,P48
317,2458895.9505324,r,-1.3802880814810614,2.588810538277388,21.11982431961149,99.0,P48
318,2458896.7998727,r,-3.7062045739609437,1.7775589785171493,21.52801494087399,99.0,P48
319,2458896.7998727,r,-3.7062045739609437,1.7775589785171493,21.52801494087399,99.0,P48
320,2458896.7998727,r,-3.7062045739609437,1.7775589785171493,21.52801494087399,99.0,P48
321,2458898.8678588,r,0.20566283985470635,1.9022800941175437,21.45438883071934,99.0,P48
322,2458898.8678588,r,0.20566283985470635,1.9022800941175437,21.45438883071934,99.0,P48
323,2458899.81653935,r,-2.14762954095813,1.1677990104916511,21.984154731845656,99.0,P48
324,2458899.81653935,r,-2.14762954095813,1.1677990104916511,21.984154731845656,99.0,P48
325,2458899.81653935,r,-2.14762954095813,1.1677990104916511,21.984154731845656,99.0,P48
326,2458899.81653935,r,-2.14762954095813,1.1677990104916511,21.984154731845656,99.0,P48
327,2458900.7651736,r,0.7021853733831622,2.5065364985759424,21.15488990687831,99.0,P48
328,2458900.7651736,r,0.7021853733831622,2.5065364985759424,21.15488990687831,99.0,P48
329,2458903.8886805503,r,-2.7009528971745445,2.0103779720291404,21.39438069668518,99.0,P48
330,2458903.8886805503,r,-2.7009528971745445,2.0103779720291404,21.39438069668518,99.0,P48
331,2458904.7200116003,r,1.357929404702238,2.598581708815278,21.115734046249585,99.0,P48
332,2458904.7200116003,r,1.357929404702238,2.598581708815278,21.115734046249585,99.0,P48
333,2458905.7392129498,r,-0.619067991125131,3.1637347949008996,20.902074811844933,99.0,P48
334,2458905.7392129498,r,-0.619067991125131,3.1637347949008996,20.902074811844933,99.0,P48
335,2458906.74306135,r,1.460080978259173,3.1028875133912073,20.923159909850668,99.0,P48
336,2458906.74306135,r,1.460080978259173,3.1028875133912073,20.923159909850668,99.0,P48
337,2458909.82230905,r,-4.417659939185197,2.084879635933815,21.354872520692055,99.0,P48
338,2458909.82230905,r,-4.417659939185197,2.084879635933815,21.354872520692055,99.0,P48
339,2458911.7392361,r,-2.842326175772169,4.138202551471937,20.610545628801056,99.0,P48
340,2458911.7392361,r,-2.842326175772169,4.138202551471937,20.610545628801056,99.0,P48
341,2458912.91015625,r,-1.491882870638992,3.028522005699696,20.949498155009245,99.0,P48
342,2458912.91015625,r,-1.491882870638992,3.028522005699696,20.949498155009245,99.0,P48
343,2458913.7414814997,r,8.995953627969387,3.6981671723361154,20.732608641259638,99.0,P48
344,2458913.7414814997,r,8.995953627969387,3.6981671723361154,20.732608641259638,99.0,P48
345,2458914.86034145,r,0.5321019528627933,3.6394658336971917,20.74998087241452,99.0,P48
346,2458914.86034145,r,0.5321019528627933,3.6394658336971917,20.74998087241452,99.0,P48
347,2458915.8884779997,r,-2.97856378026863,4.315928545893965,20.5648893743302,99.0,P48
348,2458915.8884779997,r,-2.97856378026863,4.315928545893965,20.5648893743302,99.0,P48
349,2458917.9281366,r,93.33664832649666,27.18733182597362,18.974935118466774,0.31618714863062486,P48
350,2458939.71507525,r,-4.706632041411683,3.0201115662279077,20.952517522742085,99.0,P48
351,2458939.71507525,r,-4.706632041411683,3.0201115662279077,20.952517522742085,99.0,P48
352,2458940.7402894,r,13.597805167732819,13.113344811141019,19.35829128668059,99.0,P48
353,2458941.7226389,r,-6.915021534051407,4.3694490170881455,20.551508298292617,99.0,P48
354,2458944.8572396003,r,1.2493960413479053,5.3920848336013325,20.323183198333673,99.0,P48
355,2458944.8572396003,r,1.2493960413479053,5.3920848336013325,20.323183198333673,99.0,P48
356,2458954.71283565,r,0.22476622117559245,2.2941969144110566,21.25099826085721,99.0,P48
357,2458954.71283565,r,0.22476622117559245,2.2941969144110566,21.25099826085721,99.0,P48
358,2458955.7259722,r,-6.880417450885742,2.993302197261907,20.962198577966518,99.0,P48
359,2458956.7750405,r,-4.517204249977689,2.6502515604861347,21.094357241916246,99.0,P48
360,2458956.7750405,r,-4.517204249977689,2.6502515604861347,21.094357241916246,99.0,P48
361,2458962.7591667003,r,-2.5376238648458465,2.461353844599369,21.174639858082124,99.0,P48
362,2458962.7591667003,r,-2.5376238648458465,2.461353844599369,21.174639858082124,99.0,P48
363,2458964.7574537,r,0.2286519085221964,3.042260187658265,20.944584103894414,99.0,P48
364,2458965.6879514,r,0.13737558971463507,3.061015441604984,20.937911188045643,99.0,P48
365,2458966.7051389,r,5.953226225022542,7.491384930450033,19.96616970657609,99.0,P48
366,2458967.6718171,r,-0.7291272325826069,3.920096990575186,20.66933295811997,99.0,P48
367,2458968.69560765,r,-4.10554812136706,2.1316126967639204,21.33080424312611,99.0,P48
368,2458968.69560765,r,-4.10554812136706,2.1316126967639204,21.33080424312611,99.0,P48
369,2458969.6871065,r,-8.027190969404456,3.925391681575797,20.667867494635072,99.0,P48
370,2458971.67758334,r,5.107043716637935,1.58638046319204,22.129641683628613,0.33718450209950335,P48
371,2458971.67758334,r,5.107043716637935,1.58638046319204,22.129641683628613,0.33718450209950335,P48
372,2458971.67758334,r,5.107043716637935,1.58638046319204,22.129641683628613,0.33718450209950335,P48
373,2458971.67758334,r,5.107043716637935,1.58638046319204,22.129641683628613,0.33718450209950335,P48
374,2458971.67758334,r,5.107043716637935,1.58638046319204,22.129641683628613,0.33718450209950335,P48
375,2458972.7035821998,r,-0.6246573348979284,1.9512913836957542,21.42676967205216,99.0,P48
376,2458972.7035821998,r,-0.6246573348979284,1.9512913836957542,21.42676967205216,99.0,P48
377,2458972.7035821998,r,-0.6246573348979284,1.9512913836957542,21.42676967205216,99.0,P48
378,2458972.7035821998,r,-0.6246573348979284,1.9512913836957542,21.42676967205216,99.0,P48
379,2458973.6823032,r,-6.056786188420638,6.316463412782989,20.151390026924602,99.0,P48
380,2458974.7382754497,r,-0.6640245781810308,4.006038465095762,20.645787201716985,99.0,P48
381,2458974.7382754497,r,-0.6640245781810308,4.006038465095762,20.645787201716985,99.0,P48
382,2458975.6769676004,r,6.032169766583969,5.041855257671597,20.396099054837457,99.0,P48
383,2458976.7867592997,r,-14.379292728592588,8.196250855132837,19.86853688419628,99.0,P48
384,2458977.72076965,r,-7.767703775748593,17.587540221526073,19.039562230044154,99.0,P48
385,2458977.72076965,r,-7.767703775748593,17.587540221526073,19.039562230044154,99.0,P48
386,2458978.725544,r,0.48835400534687584,4.386785476148093,20.547208996835252,99.0,P48
387,2458980.7845833004,r,1.8000985087726202,2.355201764340948,21.222504694163803,99.0,P48
388,2458980.7845833004,r,1.8000985087726202,2.355201764340948,21.222504694163803,99.0,P48
389,2458981.7266551005,r,-3.3734698514583847,3.7752380119564433,20.710214146253016,99.0,P48
390,2458986.7704861,r,-3.2762336308775786,3.461053126024075,20.804554325104043,99.0,P48
391,2458987.6775926,r,-4.465999302707625,3.029211642788698,20.949250945738466,99.0,P48
392,2458991.7201099503,r,-0.3355586264632042,2.0319108641321053,21.382813358162537,99.0,P48
393,2458991.7201099503,r,-0.3355586264632042,2.0319108641321053,21.382813358162537,99.0,P48
394,2458992.7486457997,r,-1.101295597181045,3.152395557591111,20.905973222112372,99.0,P48
395,2458995.74292245,r,-0.48826527214439497,2.2409354812746547,21.276501606780084,99.0,P48
396,2458995.74292245,r,-0.48826527214439497,2.2409354812746547,21.276501606780084,99.0,P48
397,2458996.745162,r,-2.3746054028045585,3.5024591934526286,20.791642278916804,99.0,P48
398,2458998.7295139,r,-23.852929379515174,11.048302277268943,19.54433611950532,99.0,P48
399,2458999.778125,r,6.055453597893553,4.783250833435618,20.4532670995346,99.0,P48
400,2459004.745787,r,-12.137264864539127,5.715525115426228,20.259934645439596,99.0,P48
401,2459009.6837847,r,-1.6194726630449965,4.715562585396719,20.468741206095793,99.0,P48
402,2459017.7418171,r,-3.5032824927486863,3.5085812274347434,20.789746150744243,99.0,P48
403,2459020.7434838,r,0.6075608354352352,3.8338346792153,20.693491535392567,99.0,P48
404,2459026.6991435,r,-5.760823889842367,3.949651689005208,20.66117799453234,99.0,P48
405,2459029.7277778,r,0.8233141183302246,10.842234160790156,19.564778032794436,99.0,P48
406,2459032.7200347,r,-5.078312569496845,6.146424316827463,20.1810186432511,99.0,P48
407,2459040.707037,r,-6.228923988072948,4.39106014494072,20.546151524822477,99.0,P48
408,2459046.6787558002,r,-3.236035489520108,2.7277282496209203,21.063072235460545,99.0,P48
409,2459046.6787558002,r,-3.236035489520108,2.7277282496209203,21.063072235460545,99.0,P48
410,2459046.6787558002,r,-3.236035489520108,2.7277282496209203,21.063072235460545,99.0,P48
411,2459046.6787558002,r,-3.236035489520108,2.7277282496209203,21.063072235460545,99.0,P48
412,2459048.6775405,r,-1.940240481862355,2.267501187026233,21.263706181451663,99.0,P48
413,2459048.6775405,r,-1.940240481862355,2.267501187026233,21.263706181451663,99.0,P48
414,2459048.6775405,r,-1.940240481862355,2.267501187026233,21.263706181451663,99.0,P48
415,2459048.6775405,r,-1.940240481862355,2.267501187026233,21.263706181451663,99.0,P48
416,2459050.67649015,r,0.6455410180023587,3.1433713078543684,20.909085777446663,99.0,P48
417,2459050.67649015,r,0.6455410180023587,3.1433713078543684,20.909085777446663,99.0,P48
418,2459050.67649015,r,0.6455410180023587,3.1433713078543684,20.909085777446663,99.0,P48
419,2459050.67649015,r,0.6455410180023587,3.1433713078543684,20.909085777446663,99.0,P48
420,2459052.680675166,r,0.6561204646910215,2.6605063957441075,21.090164220941354,99.0,P48
421,2459052.680675166,r,0.6561204646910215,2.6605063957441075,21.090164220941354,99.0,P48
422,2459052.680675166,r,0.6561204646910215,2.6605063957441075,21.090164220941354,99.0,P48
423,2459053.67315395,r,-5.192128790195798,3.1203630785672085,20.91706216289265,99.0,P48
424,2459053.67315395,r,-5.192128790195798,3.1203630785672085,20.91706216289265,99.0,P48
425,2459054.68052085,r,1.409505486020544,3.694784503772563,20.733602205439507,99.0,P48
426,2459054.68052085,r,1.409505486020544,3.694784503772563,20.733602205439507,99.0,P48
427,2459056.6793865752,r,-0.6632005463255528,2.7474642823445032,21.05524485114499,99.0,P48
428,2459056.6793865752,r,-0.6632005463255528,2.7474642823445032,21.05524485114499,99.0,P48
429,2459056.6793865752,r,-0.6632005463255528,2.7474642823445032,21.05524485114499,99.0,P48
430,2459056.6793865752,r,-0.6632005463255528,2.7474642823445032,21.05524485114499,99.0,P48
431,2459060.67136802,r,0.19933482856161855,2.8901094998202232,21.000289245359586,99.0,P48
432,2459060.67136802,r,0.19933482856161855,2.8901094998202232,21.000289245359586,99.0,P48
433,2459060.67136802,r,0.19933482856161855,2.8901094998202232,21.000289245359586,99.0,P48
434,2459060.67136802,r,0.19933482856161855,2.8901094998202232,21.000289245359586,99.0,P48
435,2459060.67136802,r,0.19933482856161855,2.8901094998202232,21.000289245359586,99.0,P48
436,2459062.6695601502,r,2.6911668805600155,4.2585201452583075,20.57942822403502,99.0,P48
437,2459062.6695601502,r,2.6911668805600155,4.2585201452583075,20.57942822403502,99.0,P48
438,2459062.6695601502,r,2.6911668805600155,4.2585201452583075,20.57942822403502,99.0,P48
439,2459062.6695601502,r,2.6911668805600155,4.2585201452583075,20.57942822403502,99.0,P48
440,2459132.01135995,r,6.8582401498338434,13.0315334003208,19.365086185466396,99.0,P48
441,2459132.01135995,r,6.8582401498338434,13.0315334003208,19.365086185466396,99.0,P48
442,2459141.0316319,r,-5.968276849279384,5.794426227075146,20.245048894343675,99.0,P48
443,2459143.0341782,r,-0.19411292813880737,3.1203962901163997,20.91705060693311,99.0,P48
444,2459145.03375,r,-9.481626480554922,3.1767375485286715,20.897621648294486,99.0,P48
445,2459151.0332639,r,-3.5023425916534587,3.962800017772733,20.65756959848926,99.0,P48
446,2459152.972662,r,-10.091165969644967,6.749769450828587,20.079352641505693,99.0,P48
447,2458202.7801389,g,2.761129138634757,4.205144419045462,20.593122700289157,99.0,P48
448,2458205.7963165496,g,-2.527100111443595,3.154285188735524,20.905322597452255,99.0,P48
449,2458205.7963165496,g,-2.527100111443595,3.154285188735524,20.905322597452255,99.0,P48
450,2458205.7963165496,g,-2.527100111443595,3.154285188735524,20.905322597452255,99.0,P48
451,2458205.7963165496,g,-2.527100111443595,3.154285188735524,20.905322597452255,99.0,P48
452,2458206.77315975,g,-2.5806583682872533,4.397027777487011,20.54467696613228,99.0,P48
453,2458206.77315975,g,-2.5806583682872533,4.397027777487011,20.54467696613228,99.0,P48
454,2458208.7927314998,g,-0.6321375928908639,14.596257338731236,19.24197121023095,99.0,P48
455,2458215.7531712996,g,18.229237025590976,10.921284693732778,19.556890668288013,99.0,P48
456,2458216.7570718,g,-4.310446405545484,2.6071246814066846,21.11217048646725,99.0,P48
457,2458229.7643633997,g,4.701407216282735,3.0583961865586518,20.93884063041029,99.0,P48
458,2458230.8293403,g,-9.772708107735767,7.2534163487900125,20.001218472055832,99.0,P48
459,2458232.6625637,g,-2.6228192657202776,4.510329435807644,20.517054329072447,99.0,P48
460,2458232.6625637,g,-2.6228192657202776,4.510329435807644,20.517054329072447,99.0,P48
461,2458233.7173148,g,-6.394541780895213,4.4544245549486545,20.530595970052765,99.0,P48
462,2458234.7106250003,g,-3.0047570899339533,6.2902439185398356,20.155906272835345,99.0,P48
463,2458234.7106250003,g,-3.0047570899339533,6.2902439185398356,20.155906272835345,99.0,P48
464,2458235.699716425,g,0.2960190474940146,2.6163669813601316,21.10832833995133,99.0,P48
465,2458235.699716425,g,0.2960190474940146,2.6163669813601316,21.10832833995133,99.0,P48
466,2458235.699716425,g,0.2960190474940146,2.6163669813601316,21.10832833995133,99.0,P48
467,2458235.699716425,g,0.2960190474940146,2.6163669813601316,21.10832833995133,99.0,P48
468,2458236.6953993,g,-1.3535498755771416,5.0212676680796235,20.40054155697905,99.0,P48
469,2458236.6953993,g,-1.3535498755771416,5.0212676680796235,20.40054155697905,99.0,P48
470,2458237.7184144,g,1.467624353231413,7.689873289730734,19.93777702978125,99.0,P48
471,2458238.6564178,g,-1.1497116355868195,5.949736155441235,20.216330721383372,99.0,P48
472,2458238.6564178,g,-1.1497116355868195,5.949736155441235,20.216330721383372,99.0,P48
473,2458242.7080324,g,-2.198498188997192,2.770872219298168,21.046033743031025,99.0,P48
474,2458243.6992824,g,3.326294687397937,3.1838814630087153,20.89518276307213,99.0,P48
475,2458244.6986806,g,-4.552885678996488,2.420031294094942,21.193022534162516,99.0,P48
476,2458247.6978704,g,1.6334400982738473,1.9808244111636237,21.41046004039752,99.0,P48
477,2458248.69989585,g,-0.19362873049673765,1.3669876632667946,21.813163501202965,99.0,P48
478,2458248.69989585,g,-0.19362873049673765,1.3669876632667946,21.813163501202965,99.0,P48
479,2458249.7019792004,g,-0.3496504354628837,2.5863481758622076,21.120857515450624,99.0,P48
480,2458250.699375,g,-4.5511555620223065,2.744222542654791,21.056526670253945,99.0,P48
481,2458255.6772569,g,-5.394612579356733,2.267335628778357,21.263785457770126,99.0,P48
482,2458258.6757292002,g,1.4500726907478017,2.515904677421312,21.150839532813283,99.0,P48
483,2458259.6803356004,g,-7.836404057139384,44.897858217686526,18.022010928768896,99.0,P48
484,2458267.6715394,g,9.487102429744812,8.308157605381592,19.85381317293925,99.0,P48
485,2458268.6779051004,g,13.280079872344832,8.877103670422562,19.781896759716748,99.0,P48
486,2458269.7186110998,g,-0.2561495301059042,5.196118893268385,20.36337728996095,99.0,P48
487,2458269.7186110998,g,-0.2561495301059042,5.196118893268385,20.36337728996095,99.0,P48
488,2458272.7034317,g,1.1763306354221377,1.680041849342553,21.589274739142656,99.0,P48
489,2458272.7034317,g,1.1763306354221377,1.680041849342553,21.589274739142656,99.0,P48
490,2458274.7384722,g,-1.8802240904397876,2.0686251082167466,21.36337050994006,99.0,P48
491,2458276.741765,g,-0.8942329381807533,1.892215952084444,21.460148240593504,99.0,P48
492,2458276.741765,g,-0.8942329381807533,1.892215952084444,21.460148240593504,99.0,P48
493,2458277.6984258997,g,-3.4707050744256427,2.7412803007467663,21.057691376192572,99.0,P48
494,2458278.7010417003,g,-2.491180523160941,2.8667161376114336,21.0091132611296,99.0,P48
495,2458279.7000868,g,-0.7503915041275507,1.697910228362072,21.57778817774352,99.0,P48
496,2458279.7000868,g,-0.7503915041275507,1.697910228362072,21.57778817774352,99.0,P48
497,2458280.7237616,g,0.09268817444702418,2.510342650086758,21.153242477404138,99.0,P48
498,2458282.7489120504,g,0.10239845964882757,2.257631223389331,21.268442482130638,99.0,P48
499,2458282.7489120504,g,0.10239845964882757,2.257631223389331,21.268442482130638,99.0,P48
500,2458283.7562731,g,0.975742045514165,3.0033135801034363,20.95857328953278,99.0,P48
501,2458284.7208449,g,-2.2083071372306695,2.9399537265288123,20.98172375196574,99.0,P48
502,2458288.700787,g,2.6527714605566586,3.8277694760007495,20.69521055192265,99.0,P48
503,2458294.6825,g,0.6389972978390052,5.5233175498468094,20.297074957516784,99.0,P48
504,2458305.6975926002,g,-11.597382891296078,4.393357015310283,20.54558374773967,99.0,P48
505,2458308.690706,g,-7.258351094321885,3.618724443514397,20.756186204239285,99.0,P48
506,2458320.6710069,g,-14.487959513073255,8.565296849651647,19.820718941620775,99.0,P48
507,2458423.96612845,g,-3.568445496302454,3.462247676975564,20.804179657798308,99.0,P48
508,2458423.96612845,g,-3.568445496302454,3.462247676975564,20.804179657798308,99.0,P48
509,2458426.0317824,g,-4.067017362803825,2.78026009964103,21.042361421527666,99.0,P48
510,2458426.98711225,g,-0.5861618386306459,1.6619274671337618,21.60104482518316,99.0,P48
511,2458426.98711225,g,-0.5861618386306459,1.6619274671337618,21.60104482518316,99.0,P48
512,2458428.0308912,g,-0.8403897731754271,2.7165240172363725,21.067541116520513,99.0,P48
513,2458429.9684317,g,-1.5223208739739131,1.3989908970422111,21.7880377675787,99.0,P48
514,2458429.9684317,g,-1.5223208739739131,1.3989908970422111,21.7880377675787,99.0,P48
515,2458431.0171875,g,0.6192660202357256,1.8011432051267002,21.51370437906585,99.0,P48
516,2458431.9711806,g,1.639993436804924,4.241658611755254,20.583735710248654,99.0,P48
517,2458432.955978,g,0.10344069477683428,2.0059363915158177,21.396782095728703,99.0,P48
518,2458432.955978,g,0.10344069477683428,2.0059363915158177,21.396782095728703,99.0,P48
519,2458435.0320948996,g,-6.840219821456897,3.7326150684342374,20.722541976756894,99.0,P48
520,2458437.9921759,g,-1.960087552827046,3.1806298941702678,20.896292147946845,99.0,P48
521,2458438.9906944,g,-1.0432010107335201,2.127547053855902,21.33287705433773,99.0,P48
522,2458440.967963,g,-0.407351427308542,2.8027909395968154,21.03359822689049,99.0,P48
523,2458440.967963,g,-0.407351427308542,2.8027909395968154,21.03359822689049,99.0,P48
524,2458442.0107639,g,-5.504264908979257,3.5455855430870344,20.778355069394564,99.0,P48
525,2458443.0144097,g,0.0039055038908482336,5.127838058065238,20.377739235909182,99.0,P48
526,2458450.9931944497,g,1.0824890588957843,2.9561241054189358,20.975768331998438,99.0,P48
527,2458450.9931944497,g,1.0824890588957843,2.9561241054189358,20.975768331998438,99.0,P48
528,2458461.96894095,g,4.361203996400134,2.794933811942833,21.036646170096112,99.0,P48
529,2458461.96894095,g,4.361203996400134,2.794933811942833,21.036646170096112,99.0,P48
530,2458463.0073727,g,-1.6381815094022163,13.687453014159717,19.311768385772744,99.0,P48
531,2458465.009375,g,-0.9734220950306319,1.233844917747592,21.92442354777546,99.0,P48
532,2458465.009375,g,-0.9734220950306319,1.233844917747592,21.92442354777546,99.0,P48
533,2458467.0118981004,g,16.114035942582632,28.299817389630032,18.52311590626194,99.0,P48
534,2458467.9676099503,g,-7.212835363004287,10.806439546606825,19.56836841846841,99.0,P48
535,2458467.9676099503,g,-7.212835363004287,10.806439546606825,19.56836841846841,99.0,P48
536,2458468.9472454,g,-0.9616439103060083,2.1150433752563154,21.339276793403215,99.0,P48
537,2458470.0094444,g,-4.36901303420099,2.556529252765529,21.133448073032056,99.0,P48
538,2458473.0133044003,g,0.43814832313448576,2.215611827573169,21.288840801985735,99.0,P48
539,2458473.0133044003,g,0.43814832313448576,2.215611827573169,21.288840801985735,99.0,P48
540,2458477.0511227003,g,-13.568412291118905,6.411478017785687,20.135179595169546,99.0,P48
541,2458480.9942824,g,-0.041399077538843296,4.723983619047554,20.466804031713963,99.0,P48
542,2458487.0320197,g,-1.8865630565743239,2.0649008284026924,21.365326992897685,99.0,P48
543,2458487.0320197,g,-1.8865630565743239,2.0649008284026924,21.365326992897685,99.0,P48
544,2458487.9911343,g,1.8917832914125239,2.619187979031623,21.107158317050207,99.0,P48
545,2458491.96703125,g,-2.580567687563835,2.626692926538949,21.1040517277359,99.0,P48
546,2458491.96703125,g,-2.580567687563835,2.626692926538949,21.1040517277359,99.0,P48
547,2458493.0183912003,g,-0.45875582540969695,4.009780964742788,20.644773364593064,99.0,P48
548,2458494.0292014,g,-0.4644701509331965,1.5216422324989378,21.69679360563613,99.0,P48
549,2458494.98840855,g,-1.7092962876773352,1.2714327742442444,21.89184148359554,99.0,P48
550,2458494.98840855,g,-1.7092962876773352,1.2714327742442444,21.89184148359554,99.0,P48
551,2458504.0281829,g,-12.317466170728796,8.354658185458915,19.847753273456483,99.0,P48
552,2458505.97698495,g,2.498099862714715,7.110658680924978,20.022800407785155,99.0,P48
553,2458505.97698495,g,2.498099862714715,7.110658680924978,20.022800407785155,99.0,P48
554,2458506.9742823998,g,-14.495140563248107,13.263946952712722,19.345893048384774,99.0,P48
555,2458507.9780093,g,-12.975196321983555,7.954298849865192,19.90107022972351,99.0,P48
556,2458509.0354803503,g,-2.7504873651530284,4.911144583071117,20.424618189513254,99.0,P48
557,2458509.0354803503,g,-2.7504873651530284,4.911144583071117,20.424618189513254,99.0,P48
558,2458510.0105323996,g,-8.152508118597249,6.89190408463671,20.05672692742125,99.0,P48
559,2458511.929537,g,-0.8608651744534825,2.2658595227769656,21.264492535992368,99.0,P48
560,2458511.929537,g,-0.8608651744534825,2.2658595227769656,21.264492535992368,99.0,P48
561,2458513.8891204,g,-4.231617286252005,3.841474713012093,20.69133004232056,99.0,P48
562,2458514.9695197,g,-3.748305652914267,8.238154846942772,19.863000112078865,99.0,P48
563,2458514.9695197,g,-3.748305652914267,8.238154846942772,19.863000112078865,99.0,P48
564,2458522.92394095,g,0.566446578620512,1.9402007945501087,21.43295829390589,99.0,P48
565,2458522.92394095,g,0.566446578620512,1.9402007945501087,21.43295829390589,99.0,P48
566,2458526.94451385,g,-1.1386145451634884,2.5014673792246347,21.15708787973132,99.0,P48
567,2458526.94451385,g,-1.1386145451634884,2.5014673792246347,21.15708787973132,99.0,P48
568,2458534.7668981496,g,5.343412334083816,10.920034314413837,19.557014981485143,99.0,P48
569,2458534.7668981496,g,5.343412334083816,10.920034314413837,19.557014981485143,99.0,P48
570,2458538.80827545,g,-3.429105313579738,3.7059948203033315,20.730312969184716,99.0,P48
571,2458538.80827545,g,-3.429105313579738,3.7059948203033315,20.730312969184716,99.0,P48
572,2458539.7639582995,g,-5.430930112595828,6.707730624771098,20.08613595544458,99.0,P48
573,2458540.8636457995,g,-1.2101827949942867,1.9983689856269775,21.40088578690954,99.0,P48
574,2458541.7641724497,g,4.506533538461565,4.816157020545677,20.445823394841142,99.0,P48
575,2458541.7641724497,g,4.506533538461565,4.816157020545677,20.445823394841142,99.0,P48
576,2458543.8044676003,g,-3.3436033604787614,2.863655855687768,21.010272927273807,99.0,P48
577,2458547.8207523,g,-0.44455030496647563,2.525044666552933,21.1469023268194,99.0,P48
578,2458556.85774305,g,0.7950742270316175,3.0247379144471074,20.950855613788292,99.0,P48
579,2458556.85774305,g,0.7950742270316175,3.0247379144471074,20.950855613788292,99.0,P48
580,2458558.8812268996,g,3.215432453524746,5.0339888952633185,20.397794356208145,99.0,P48
581,2458559.8305960502,g,-1.6805932056534916,3.572190744684074,20.77023838688855,99.0,P48
582,2458559.8305960502,g,-1.6805932056534916,3.572190744684074,20.77023838688855,99.0,P48
583,2458560.768912,g,9.01088637657036,6.141179651855061,20.181945483504528,99.0,P48
584,2458562.7597569497,g,8.441069718037923,9.368499110906315,19.723399939384983,99.0,P48
585,2458562.7597569497,g,8.441069718037923,9.368499110906315,19.723399939384983,99.0,P48
586,2458567.7692013998,g,0.4272987401692406,2.6185341595617286,21.1074293797201,99.0,P48
587,2458567.7692013998,g,0.4272987401692406,2.6185341595617286,21.1074293797201,99.0,P48
588,2458568.7248727,g,1.5733815585044644,2.3491147125018923,21.22531442700503,99.0,P48
589,2458572.7711111,g,-0.16409360168071663,3.204667219211843,20.888117644276086,99.0,P48
590,2458573.8042361,g,1.8459133165841677,2.886056233506944,21.00181301697881,99.0,P48
591,2458574.8401505,g,4.6588808341005885,5.812745843229553,20.241621653511636,99.0,P48
592,2458575.7790508997,g,-0.05636656103440279,1.3982561855171105,21.788608116137592,99.0,P48
593,2458575.7790508997,g,-0.05636656103440279,1.3982561855171105,21.788608116137592,99.0,P48
594,2458580.7362442,g,3.4543645590604113,1.6023457553142164,21.640684403573566,99.0,P48
595,2458580.7362442,g,3.4543645590604113,1.6023457553142164,21.640684403573566,99.0,P48
596,2458581.7225,g,3.316633220506511,2.3748367688734193,21.213490578272236,99.0,P48
597,2458582.8278472,g,1.3951058496919353,1.994524356215499,21.402976628952423,99.0,P48
598,2458584.7417014,g,2.6417167774392425,3.2004293307911453,20.889554384386276,99.0,P48
599,2458585.7145602,g,3.3682660632863377,3.279742478590063,20.862975627226767,99.0,P48
600,2458586.68172455,g,5.631322730002705,3.122447029910189,20.91633729012966,99.0,P48
601,2458586.68172455,g,5.631322730002705,3.122447029910189,20.91633729012966,99.0,P48
602,2458587.7469097,g,0.5031439035503782,5.8427533478800315,20.23603110682415,99.0,P48
603,2458588.7756133997,g,17.9734236411864,42.81873821772222,18.07349032575938,99.0,P48
604,2458589.6364640994,g,-0.11531206356045788,15.993939975510706,19.14268633466508,99.0,P48
605,2458589.6364640994,g,-0.11531206356045788,15.993939975510706,19.14268633466508,99.0,P48
606,2458591.6779514,g,5.445240918333645,7.4325931022506895,19.974724094218445,99.0,P48
607,2458592.66012155,g,-1.760882243760799,5.069656831628414,20.39012858252987,99.0,P48
608,2458592.66012155,g,-1.760882243760799,5.069656831628414,20.39012858252987,99.0,P48
609,2458594.6829977003,g,0.343731633830181,3.79495871740138,20.704557349452283,99.0,P48
610,2458596.7042535,g,-0.720399956739007,1.7726955555319113,21.53098959954508,99.0,P48
611,2458596.7042535,g,-0.720399956739007,1.7726955555319113,21.53098959954508,99.0,P48
612,2458597.7649073997,g,5.416102893083512,3.087648137404433,20.928505481414565,99.0,P48
613,2458598.738206,g,2.040276148646633,2.074641309057502,21.360217436494707,99.0,P48
614,2458600.6998032,g,-0.8019592577733073,2.3259583362408396,21.236070161268685,99.0,P48
615,2458602.7181307497,g,-7.859438983989717,4.571650090358866,20.502392532862423,99.0,P48
616,2458602.7181307497,g,-7.859438983989717,4.571650090358866,20.502392532862423,99.0,P48
617,2458606.6584375,g,-0.7428758342825357,1.5719329740431744,21.661489928832424,99.0,P48
618,2458606.6584375,g,-0.7428758342825357,1.5719329740431744,21.661489928832424,99.0,P48
619,2458608.7806944,g,1.3071837355455709,3.8099145720571745,20.70028689465602,99.0,P48
620,2458609.7042998,g,0.20052552321593914,1.5298944166778592,21.690921339953263,99.0,P48
621,2458609.7042998,g,0.20052552321593914,1.5298944166778592,21.690921339953263,99.0,P48
622,2458612.6838773005,g,-2.6948069020201064,1.5050888584278117,21.708669637033513,99.0,P48
623,2458612.6838773005,g,-2.6948069020201064,1.5050888584278117,21.708669637033513,99.0,P48
624,2458617.6756134,g,-6.607069043928715,5.12506774686668,20.37832596269613,99.0,P48
625,2458619.73059025,g,-9.626536655091714,6.080281285988485,20.192765811485152,99.0,P48
626,2458619.73059025,g,-9.626536655091714,6.080281285988485,20.192765811485152,99.0,P48
627,2458622.66336805,g,-5.2144770239057285,7.780903397840475,19.924999930516087,99.0,P48
628,2458622.66336805,g,-5.2144770239057285,7.780903397840475,19.924999930516087,99.0,P48
629,2458633.7146991002,g,-2.5642648673297126,1.582023409066583,21.654542725590154,99.0,P48
630,2458633.7146991002,g,-2.5642648673297126,1.582023409066583,21.654542725590154,99.0,P48
631,2458634.7288889,g,-4.412587138584571,2.666902630108856,21.087557089959994,99.0,P48
632,2458635.7007522997,g,1.6123944094542628,2.257973430999981,21.26827792069465,99.0,P48
633,2458636.7634491003,g,3.392782877774144,2.095720325644467,21.349241675457876,99.0,P48
634,2458639.721169,g,0.3716081920935827,2.4029513357568826,21.200712550109273,99.0,P48
635,2458642.7046412,g,-2.4381084535200928,2.9357467373720914,20.983278521903074,99.0,P48
636,2458645.7073843,g,6.745601001732939,4.9445841981276875,20.417250547633945,99.0,P48
637,2458648.6774883997,g,1.1903765031311115,7.566574126176702,19.955326761633764,99.0,P48
638,2458651.6770832995,g,-5.519287630462714,8.99436473225587,19.767648752284735,99.0,P48
639,2458654.7864005,g,-2.116129630219714,10.648723107384377,19.584331152977434,99.0,P48
640,2458658.6978472,g,-0.1020886830825678,2.8049497765107794,21.03276226544644,99.0,P48
641,2458661.7226157,g,-2.7111615611939857,3.1924298643977322,20.892271576975695,99.0,P48
642,2458667.7037616,g,-0.12464250825765988,3.245111489979633,20.874500933814225,99.0,P48
643,2458670.6999073997,g,31.02541163129155,4.329836315734952,20.17077174169717,0.1514899262767536,P48
644,2458673.6841088,g,164.769596539359,4.606113206834303,18.357872926593767,0.030345015045444304,P48
645,2458676.6785995,g,177.29532107154606,6.3086621542215475,18.27832243612288,0.038625118401427044,P48
646,2458677.6778587997,g,171.8590121068667,6.498745195849886,18.31213484473514,0.04104752973738984,P48
647,2458679.6831019,g,141.89175913917668,7.9994711955819175,18.520172689739848,0.0611975356108377,P48
648,2458686.6755556,g,70.079961992721,5.275419655575341,19.286080978221925,0.08171334391879129,P48
649,2458766.0073495,g,0.9688730706528513,3.162355471638959,20.902548273703424,99.0,P48
650,2458777.0339005003,g,-13.141422575490648,6.833643444351665,20.065944201448463,99.0,P48
651,2458780.0106481,g,-3.246367304636852,4.050213643342612,20.633880158482768,99.0,P48
652,2458790.0100347,g,0.003965087912080824,2.742362657347068,21.05726277288209,99.0,P48
653,2458793.0327894,g,-0.7670612917664144,2.6396007801922474,21.098729369021406,99.0,P48
654,2458799.0542477,g,0.5555091927212825,6.868399618479881,20.060436100598004,99.0,P48
655,2458804.9852778,g,-9.630115285764328,7.49920831359621,19.965036445075576,99.0,P48
656,2458824.0166667,g,-16.320481317961097,44.419409602507,18.033643034520153,99.0,P48
657,2458829.0619676,g,-6.766581857361484,5.153050955137684,20.37241389682169,99.0,P48
658,2458834.0625926005,g,1.223151052818856,11.235134517395004,19.526129297758814,99.0,P48
659,2458837.0745832995,g,9.113156562467267,4.745744809869287,20.46181403553824,99.0,P48
660,2458837.9995486,g,0.12264925393476034,4.555096100807571,20.50633112940543,99.0,P48
661,2458847.0148727,g,-0.9144908891686341,1.4865223881030472,21.72214635321137,99.0,P48
662,2458847.0148727,g,-0.9144908891686341,1.4865223881030472,21.72214635321137,99.0,P48
663,2458850.01265625,g,-0.5944837913613943,1.4999439257258314,21.712387430192496,99.0,P48
664,2458850.01265625,g,-0.5944837913613943,1.4999439257258314,21.712387430192496,99.0,P48
665,2458851.0314582996,g,-2.0172327517608823,2.517475294322648,21.150161946102763,99.0,P48
666,2458852.0237037,g,-3.364859115721525,2.2564965535688066,21.2689883028036,99.0,P48
667,2458852.0237037,g,-3.364859115721525,2.2564965535688066,21.2689883028036,99.0,P48
668,2458853.00824075,g,0.26587878665889464,1.4112500477390202,21.77856506509968,99.0,P48
669,2458853.00824075,g,0.26587878665889464,1.4112500477390202,21.77856506509968,99.0,P48
670,2458853.9830671,g,-1.8601473665452013,1.9382876478630153,21.434029418815765,99.0,P48
671,2458855.0182349505,g,-8.679265898761253,3.2326456919059203,20.878679721199255,99.0,P48
672,2458855.0182349505,g,-8.679265898761253,3.2326456919059203,20.878679721199255,99.0,P48
673,2458855.9968924,g,0.0007464444289125258,1.7340747371996288,21.554905460960676,99.0,P48
674,2458855.9968924,g,0.0007464444289125258,1.7340747371996288,21.554905460960676,99.0,P48
675,2458857.0537847,g,-2.416941976257588,2.552893280067199,21.134993338799017,99.0,P48
676,2458860.0203356002,g,4.377874637341646,7.597808851923766,19.950854081064165,99.0,P48
677,2458861.9534491003,g,5.46183582658811,9.763266974818828,19.67858707621089,99.0,P48
678,2458862.9506134,g,1.1647497821924406,6.297794639139011,20.154603751926757,99.0,P48
679,2458863.93436925,g,-3.292024593847911,3.0074208301952376,20.957089480561585,99.0,P48
680,2458863.93436925,g,-3.292024593847911,3.0074208301952376,20.957089480561585,99.0,P48
681,2458864.9214467998,g,-2.1644982824803156,3.603634698360047,20.760723089252068,99.0,P48
682,2458866.9119792,g,1.4580710306253353,1.6240688479491807,21.626063899109745,99.0,P48
683,2458866.9119792,g,1.4580710306253353,1.6240688479491807,21.626063899109745,99.0,P48
684,2458867.9040046004,g,1.0877379010089214,2.8548464435953034,21.0136181056849,99.0,P48
685,2458871.9284722,g,-0.9735830312695792,1.3088807614841689,21.860324778413627,99.0,P48
686,2458871.9284722,g,-0.9735830312695792,1.3088807614841689,21.860324778413627,99.0,P48
687,2458871.9284722,g,-0.9735830312695792,1.3088807614841689,21.860324778413627,99.0,P48
688,2458872.92720485,g,-1.0910047951236153,1.5937631066714495,21.64651556588087,99.0,P48
689,2458872.92720485,g,-1.0910047951236153,1.5937631066714495,21.64651556588087,99.0,P48
690,2458873.8900868,g,0.6038151439267704,1.4865591829027205,21.72211947911108,99.0,P48
691,2458873.8900868,g,0.6038151439267704,1.4865591829027205,21.72211947911108,99.0,P48
692,2458874.8858641996,g,1.2037162063841806,2.0246037914789268,21.38672487461679,99.0,P48
693,2458874.8858641996,g,1.2037162063841806,2.0246037914789268,21.38672487461679,99.0,P48
694,2458874.8858641996,g,1.2037162063841806,2.0246037914789268,21.38672487461679,99.0,P48
695,2458875.9302083002,g,-1.2352523861285511,1.6505013949655583,21.60853524985464,99.0,P48
696,2458875.9302083002,g,-1.2352523861285511,1.6505013949655583,21.60853524985464,99.0,P48
697,2458876.8873495,g,3.8602546208845263,2.111380593311806,21.34115867557712,99.0,P48
698,2458877.8883680664,g,0.01848410179375685,1.6036608106411014,21.639793698435966,99.0,P48
699,2458877.8883680664,g,0.01848410179375685,1.6036608106411014,21.639793698435966,99.0,P48
700,2458877.8883680664,g,0.01848410179375685,1.6036608106411014,21.639793698435966,99.0,P48
701,2458878.8924711,g,-1.6334661155324879,2.304061160876565,21.246339981233128,99.0,P48
702,2458878.8924711,g,-1.6334661155324879,2.304061160876565,21.246339981233128,99.0,P48
703,2458879.9724942,g,-2.7565848897547243,2.865365135679453,21.009625058386995,99.0,P48
704,2458879.9724942,g,-2.7565848897547243,2.865365135679453,21.009625058386995,99.0,P48
705,2458880.9300578665,g,-1.4380447321783594,1.3512255698800466,21.82575535165885,99.0,P48
706,2458880.9300578665,g,-1.4380447321783594,1.3512255698800466,21.82575535165885,99.0,P48
707,2458880.9300578665,g,-1.4380447321783594,1.3512255698800466,21.82575535165885,99.0,P48
708,2458881.9554861,g,-1.9702133140364655,1.3966887199868965,21.789825924940146,99.0,P48
709,2458881.9554861,g,-1.9702133140364655,1.3966887199868965,21.789825924940146,99.0,P48
710,2458883.9504591,g,-0.27300377002784015,1.9031967896422946,21.45386574803109,99.0,P48
711,2458883.9504591,g,-0.27300377002784015,1.9031967896422946,21.45386574803109,99.0,P48
712,2458883.9504591,g,-0.27300377002784015,1.9031967896422946,21.45386574803109,99.0,P48
713,2458884.9324479,g,1.5579855400861422,3.460348699413551,20.804775327004116,99.0,P48
714,2458884.9324479,g,1.5579855400861422,3.460348699413551,20.804775327004116,99.0,P48
715,2458885.80359375,g,1.8663343413867286,4.9622866951692375,20.413370359304793,99.0,P48
716,2458885.80359375,g,1.8663343413867286,4.9622866951692375,20.413370359304793,99.0,P48
717,2458886.9315162003,g,-0.9140225495000939,3.6493618939855423,20.74703265688715,99.0,P48
718,2458886.9315162003,g,-0.9140225495000939,3.6493618939855423,20.74703265688715,99.0,P48
719,2458886.9315162003,g,-0.9140225495000939,3.6493618939855423,20.74703265688715,99.0,P48
720,2458887.7422454,g,2.6695620078963502,6.913952523772159,20.05325900657303,99.0,P48
721,2458887.7422454,g,2.6695620078963502,6.913952523772159,20.05325900657303,99.0,P48
722,2458888.8064236,g,7.547107843748728,6.791400630932248,20.072676612532522,99.0,P48
723,2458888.8064236,g,7.547107843748728,6.791400630932248,20.072676612532522,99.0,P48
724,2458891.0172762335,g,6.2602935282097265,6.6772735545934365,20.091077067216045,99.0,P48
725,2458891.0172762335,g,6.2602935282097265,6.6772735545934365,20.091077067216045,99.0,P48
726,2458891.0172762335,g,6.2602935282097265,6.6772735545934365,20.091077067216045,99.0,P48
727,2458891.8230324006,g,8.483391666545478,3.8937380942880018,20.676658148954687,99.0,P48
728,2458891.8230324006,g,8.483391666545478,3.8937380942880018,20.676658148954687,99.0,P48
729,2458892.6720486,g,-3.426375259860785,2.4739775037078964,21.169085623663598,99.0,P48
730,2458892.6720486,g,-3.426375259860785,2.4739775037078964,21.169085623663598,99.0,P48
731,2458893.743726867,g,-0.6237938016605326,1.3133973176372438,21.856584676687238,99.0,P48
732,2458893.743726867,g,-0.6237938016605326,1.3133973176372438,21.856584676687238,99.0,P48
733,2458893.743726867,g,-0.6237938016605326,1.3133973176372438,21.856584676687238,99.0,P48
734,2458894.84703705,g,-2.830611796424288,1.8472854196752932,21.48623998308043,99.0,P48
735,2458894.84703705,g,-2.830611796424288,1.8472854196752932,21.48623998308043,99.0,P48
736,2458895.7423321996,g,0.5697316396052432,1.7056324316777407,21.57286137591106,99.0,P48
737,2458895.7423321996,g,0.5697316396052432,1.7056324316777407,21.57286137591106,99.0,P48
738,2458898.9141204,g,-2.551828776819476,1.2287205451579024,21.928942188974453,99.0,P48
739,2458898.9141204,g,-2.551828776819476,1.2287205451579024,21.928942188974453,99.0,P48
740,2458899.8661805503,g,-2.0798943052652983,1.4013356263249175,21.786219580987762,99.0,P48
741,2458899.8661805503,g,-2.0798943052652983,1.4013356263249175,21.786219580987762,99.0,P48
742,2458900.8441377496,g,-3.906258917368696,1.6869151629985077,21.584841884299564,99.0,P48
743,2458900.8441377496,g,-3.906258917368696,1.6869151629985077,21.584841884299564,99.0,P48
744,2458903.8395061665,g,-0.8254492758758548,1.2322287292815002,21.925846663897474,99.0,P48
745,2458903.8395061665,g,-0.8254492758758548,1.2322287292815002,21.925846663897474,99.0,P48
746,2458903.8395061665,g,-0.8254492758758548,1.2322287292815002,21.925846663897474,99.0,P48
747,2458904.80337385,g,-2.096259330546378,1.623823639815683,21.626227840095936,99.0,P48
748,2458904.80337385,g,-2.096259330546378,1.623823639815683,21.626227840095936,99.0,P48
749,2458905.80140625,g,-2.804568244549417,2.6203807304948823,21.10666399641387,99.0,P48
750,2458905.80140625,g,-2.804568244549417,2.6203807304948823,21.10666399641387,99.0,P48
751,2458906.8236574,g,-2.9807580899813373,1.9168553458855542,21.4461016381777,99.0,P48
752,2458906.8236574,g,-2.9807580899813373,1.9168553458855542,21.4461016381777,99.0,P48
753,2458908.8261169,g,-0.3154461999020255,1.6995058021530833,21.576768360126795,99.0,P48
754,2458908.8261169,g,-0.3154461999020255,1.6995058021530833,21.576768360126795,99.0,P48
755,2458909.76909725,g,-5.839440299857276,3.612239759807945,20.75813356770728,99.0,P48
756,2458909.76909725,g,-5.839440299857276,3.612239759807945,20.75813356770728,99.0,P48
757,2458911.8893403,g,-0.31830542108111903,2.2606551361408567,21.2669892001634,99.0,P48
758,2458911.8893403,g,-0.31830542108111903,2.2606551361408567,21.2669892001634,99.0,P48
759,2458912.78171875,g,-4.256195499290421,2.707429470296489,21.07118210944381,99.0,P48
760,2458912.78171875,g,-4.256195499290421,2.707429470296489,21.07118210944381,99.0,P48
761,2458913.8043287,g,2.773858862519113,2.992908245749033,20.962341482204565,99.0,P48
762,2458913.8043287,g,2.773858862519113,2.992908245749033,20.962341482204565,99.0,P48
763,2458914.7266551005,g,23.878448217136103,18.027244826487113,19.012751596936013,99.0,P48
764,2458914.7266551005,g,23.878448217136103,18.027244826487113,19.012751596936013,99.0,P48
765,2458915.72129055,g,-0.9022283598605382,5.047292781905762,20.394928744425968,99.0,P48
766,2458915.72129055,g,-0.9022283598605382,5.047292781905762,20.394928744425968,99.0,P48
767,2458936.7646180494,g,-1.8640535980409623,1.6268417556837684,21.624211712189158,99.0,P48
768,2458936.7646180494,g,-1.8640535980409623,1.6268417556837684,21.624211712189158,99.0,P48
769,2458939.8268518504,g,-0.42641696140708374,3.20214616371163,20.888972110048215,99.0,P48
770,2458939.8268518504,g,-0.42641696140708374,3.20214616371163,20.888972110048215,99.0,P48
771,2458941.7602778,g,-6.685605831487374,4.392228821620133,20.545862595562646,99.0,P48
772,2458954.7882233504,g,-1.97591633970305,1.677419551948365,21.590970737076304,99.0,P48
773,2458954.7882233504,g,-1.97591633970305,1.677419551948365,21.590970737076304,99.0,P48
774,2458956.7379630003,g,-3.330107344947091,2.1327333074442625,21.33023361043641,99.0,P48
775,2458962.7416666998,g,0.9919456665892818,1.5955058389402694,21.645328994450203,99.0,P48
776,2458962.7416666998,g,0.9919456665892818,1.5955058389402694,21.645328994450203,99.0,P48
777,2458963.72970485,g,-0.30534447295967726,1.3492405136255174,21.827351555992152,99.0,P48
778,2458963.72970485,g,-0.30534447295967726,1.3492405136255174,21.827351555992152,99.0,P48
779,2458964.6937616,g,-0.9329341576069229,2.2766675982475464,21.259325922486955,99.0,P48
780,2458965.7216550997,g,-0.036525397580565694,1.5142068325422804,21.702111985370326,99.0,P48
781,2458965.7216550997,g,-0.036525397580565694,1.5142068325422804,21.702111985370326,99.0,P48
782,2458966.760081,g,9.16422531519871,4.5810469783604795,20.500163125503356,99.0,P48
783,2458967.7544444,g,-1.9266479298199972,2.7784837316140423,21.043055343465454,99.0,P48
784,2458968.74153355,g,-0.9657610682627394,1.7012462129893418,21.575657060500927,99.0,P48
785,2458968.74153355,g,-0.9657610682627394,1.7012462129893418,21.575657060500927,99.0,P48
786,2458969.7355556,g,5.186913883985502,3.2265517737639673,20.880728393516144,99.0,P48
787,2458970.7318287003,g,-1.8815338002026223,3.50231801162061,20.791686045112932,99.0,P48
788,2458971.7446991,g,0.5951651735373189,3.3522091843230135,20.839247210115644,99.0,P48
789,2458971.7446991,g,0.5951651735373189,3.3522091843230135,20.839247210115644,99.0,P48
790,2458972.7408506502,g,0.8416514747959604,3.172972620379546,20.8989091776998,99.0,P48
791,2458972.7408506502,g,0.8416514747959604,3.172972620379546,20.8989091776998,99.0,P48
792,2458973.7274537003,g,-3.20101965187058,5.04290614210392,20.39587277615141,99.0,P48
793,2458974.6717071496,g,-4.643928174643533,3.947206581180954,20.66185034854538,99.0,P48
794,2458974.6717071496,g,-4.643928174643533,3.947206581180954,20.66185034854538,99.0,P48
795,2458975.7459491002,g,-0.9098039689023097,5.739543186170148,20.25538166914952,99.0,P48
796,2458977.6850926,g,-2.973145970088283,22.045902871980278,18.794255264902382,99.0,P48
797,2458977.6850926,g,-2.973145970088283,22.045902871980278,18.794255264902382,99.0,P48
798,2458978.6728009,g,-1.8140387034219305,1.9810566955788365,21.41033272733946,99.0,P48
799,2458979.7209375,g,-0.1831368105744612,2.5369708333932723,21.14178630333776,99.0,P48
800,2458980.6778530497,g,-2.6596514208261164,1.3439065532299177,21.831652309976157,99.0,P48
801,2458980.6778530497,g,-2.6596514208261164,1.3439065532299177,21.831652309976157,99.0,P48
802,2458981.6805671,g,-2.1131876860689576,1.939449583749932,21.433378752810086,99.0,P48
803,2458985.68734375,g,-1.1216600708698674,1.3861139505837567,21.798077652872536,99.0,P48
804,2458985.68734375,g,-1.1216600708698674,1.3861139505837567,21.798077652872536,99.0,P48
805,2458986.7005323996,g,-2.074537953902403,2.1594715581596455,21.316706268057217,99.0,P48
806,2458987.7178819,g,1.5846101379225945,2.184301368991431,21.304293594256094,99.0,P48
807,2458991.68144095,g,-3.358890015695067,1.465308812052093,21.737752085733526,99.0,P48
808,2458991.68144095,g,-3.358890015695067,1.465308812052093,21.737752085733526,99.0,P48
809,2458992.6819907003,g,0.25174004832657,1.9995083473999729,21.400266935325213,99.0,P48
810,2458993.7427199,g,-0.6291446741693358,2.6219993417400076,21.10599354335175,99.0,P48
811,2458994.7411574,g,-2.747241269875618,2.421935784768941,21.19216842898198,99.0,P48
812,2458995.6832581,g,-1.9579174219876427,1.6248353779371454,21.625551572911405,99.0,P48
813,2458995.6832581,g,-1.9579174219876427,1.6248353779371454,21.625551572911405,99.0,P48
814,2458996.6853704,g,-0.6034210197911104,2.296470845947339,21.249922648276694,99.0,P48
815,2458997.6759028,g,-6.043640008651636,2.757166123485128,21.051417654654138,99.0,P48
816,2458999.7250579,g,1.514827674219065,4.105099936612267,20.619265653492715,99.0,P48
817,2459001.6807407504,g,-5.112762176437307,3.420132482532992,20.81746766603815,99.0,P48
818,2459001.6807407504,g,-5.112762176437307,3.420132482532992,20.81746766603815,99.0,P48
819,2459004.7081134,g,0.5587366456847539,6.38964338628282,20.138883438322384,99.0,P48
820,2459009.7380323997,g,10.028575887453318,4.184992356585677,20.598338316309096,99.0,P48
821,2459013.7267477,g,-1.6503468940495347,2.966453933976446,20.971980967728395,99.0,P48
822,2459017.7211574,g,-3.349189932626063,2.5951149637311115,21.117183484461655,99.0,P48
823,2459020.7043634,g,3.176301885922078,2.372975979041827,21.214341634158522,99.0,P48
824,2459023.7233912004,g,0.8195212491021442,2.7628542712150748,21.04918004331478,99.0,P48
825,2459026.7209953996,g,-5.419670089833239,5.032430555431652,20.39813051267299,99.0,P48
826,2459029.7439119997,g,-0.40197961673224664,10.508263529248007,19.598747600129364,99.0,P48
827,2459032.7022569,g,4.909439235589747,7.998271210575796,19.89508467319348,99.0,P48
828,2459037.7153935,g,0.20877125452505493,11.503334098651093,19.500515655496272,99.0,P48
829,2459040.7167824,g,2.9811128154143494,3.294083392910852,20.85823851526431,99.0,P48
830,2459053.67802085,g,0.047283730421830934,2.5790629973560613,21.12392011280894,99.0,P48
831,2459053.67802085,g,0.047283730421830934,2.5790629973560613,21.12392011280894,99.0,P48
832,2459054.6868692,g,3.591355217735887,3.4437904149066725,20.809983206842382,99.0,P48
833,2459054.6868692,g,3.591355217735887,3.4437904149066725,20.809983206842382,99.0,P48
834,2459141.0098727,g,-1.0393638536847198,3.4813656334936063,20.79820089455903,99.0,P48
835,2459142.9953356003,g,-2.926762922344395,2.2314670419546094,21.28109879707221,99.0,P48
836,2459145.0104282,g,-1.9967365421743686,1.9029484091171782,21.454007453465316,99.0,P48
837,2459146.9905323996,g,26.292159556802545,183.7731345577595,16.491869931628614,99.0,P48
838,2459151.0141435,g,-1.6980903638660336,2.5475711772969936,21.137259172355364,99.0,P48
839,2458214.8581944,i,-3.544180727505933,25.938367837050283,18.617718377220783,99.0,P48
840,2458223.7335417005,i,-4.229199130627237,3.3252459766672895,20.848015547499678,99.0,P48
841,2458232.802662,i,1.1674981820305286,5.079259420085333,20.38807400235605,99.0,P48
842,2458243.8485995,i,-4.9259372739900735,6.211494639021321,20.169584702334944,99.0,P48
843,2458247.6669792,i,0.3192456114031953,3.707228455130913,20.72995161435744,99.0,P48
844,2458257.6764583495,i,-2.2883665438711462,3.4768182698924153,20.799620011406034,99.0,P48
845,2458257.6764583495,i,-2.2883665438711462,3.4768182698924153,20.799620011406034,99.0,P48
846,2458261.6910301,i,6.712957621501286,4.366037725995264,20.552356279073017,99.0,P48
847,2458261.6910301,i,6.712957621501286,4.366037725995264,20.552356279073017,99.0,P48
848,2458263.827662,i,4.963922306372932,5.852286485827744,20.23426104439521,99.0,P48
849,2458267.7382986,i,1.0262343183506488,6.309527000830534,20.15258298115613,99.0,P48
850,2458278.6756944,i,-0.9296689597919058,4.436774498116052,20.53490659919897,99.0,P48
851,2458283.6770486,i,7.647178133182327,4.948697524329765,20.416347715275137,99.0,P48
852,2458292.6827893998,i,0.5118165666437378,4.732480574909509,20.464852889108627,99.0,P48
853,2458538.8848032,i,-37.66274799841234,24.00177371361696,18.70196664680044,99.0,P48
854,2458543.823125,i,5.232281415431411,5.437356489418976,20.314105470196175,99.0,P48
855,2458547.9299421003,i,-1.4454935296202354,3.198537117085257,20.890196502142082,99.0,P48
856,2458557.846713,i,0.24919275150053294,5.264637370579035,20.34915383353771,99.0,P48
857,2458558.8124537,i,7.533303378334361,5.8250803343591295,20.239320191297516,99.0,P48
858,2458561.9478356005,i,-5.534592587211704,10.320421953146738,19.618331354416213,99.0,P48
859,2458567.848588,i,8.556725198245308,4.802287688597839,20.448954555173934,99.0,P48
860,2458572.7476042,i,4.526289333260412,6.476763351182323,20.124179916570476,99.0,P48
861,2458581.7862731004,i,-1.0679954086727896,3.2711832867761905,20.865812792554756,99.0,P48
862,2458585.7419444,i,-0.5853488753261525,3.6326885520155963,20.752004575936635,99.0,P48
863,2458591.7807639,i,-14.473135792722786,25.580811186430807,18.63278920875989,99.0,P48
864,2458596.8423842997,i,2.698900035124029,4.443482026728131,20.533266419543533,99.0,P48
865,2458607.7643171,i,1.780265462973681,3.7542322773014187,20.71627214101619,99.0,P48
866,2458616.701875,i,-11.506879300436923,4.649000025181646,20.484176117821264,99.0,P48
867,2458628.6798032,i,-7.800308119025698,3.950348202967981,20.66098654378834,99.0,P48
868,2458637.7762847,i,-7.452158973129821,3.635038315420619,20.751302506820146,99.0,P48
869,2458641.7579630003,i,16.599320716611224,7.020307111097642,20.036684711065625,99.0,P48
870,2458645.7648957996,i,3.5006905870532097,5.113673228156631,20.380742557985897,99.0,P48
871,2458652.7470139,i,-9.020086067786668,5.913253518226317,20.223008742023033,99.0,P48
872,2458876.9160532,i,-0.19069512326039745,3.324965189408761,20.848107232074796,99.0,P48
873,2458887.7894329,i,-0.7224045464790214,6.232855883069591,20.165857276177995,99.0,P48
874,2458892.9168866,i,-3.7226839529224893,4.038856799971772,20.636928850964225,99.0,P48
875,2458905.8308564997,i,-5.475649165061142,4.9969386729517575,20.405814940629575,99.0,P48
876,2458912.8054282,i,-3.3677418153440057,3.736830856914507,20.721316387947116,99.0,P48
877,2458915.7584953997,i,-3.7755231662701907,5.31046011581459,20.339744610607752,99.0,P48
878,2458955.8412384,i,5.4272457262134575,4.360121159757259,20.553828594954712,99.0,P48
879,2459053.68288195,i,-1.8810525202523012,2.949297227549044,20.978278632738323,99.0,P48
880,2459053.68288195,i,-1.8810525202523012,2.949297227549044,20.978278632738323,99.0,P48
881,2459054.67422455,i,-7.212703548735848,3.8810643336920645,20.6801978846702,99.0,P48
882,2459054.67422455,i,-7.212703548735848,3.8810643336920645,20.6801978846702,99.0,P48
