,JD,Filter,Flux,eFlux,Mag,eMag,Telescope
0,2458214.7433912004,r,-55.41284064369917,1103.8724189283203,14.545277783388062,99.0,P48
1,2458217.7704919,r,-20.087833968194737,361.6115522983944,15.756969248400912,99.0,P48
2,2458217.7704919,r,-20.087833968194737,361.6115522983944,15.756969248400912,99.0,P48
3,2458218.7583218,r,25.273136386376937,658.2293797116095,15.106631831935472,99.0,P48
4,2458219.7157755,r,-28.060400847241166,628.3056032717708,15.157147657158186,99.0,P48
5,2458222.7594907,r,-5.438506330100136,654.1370325642671,15.11340314796492,99.0,P48
6,2458224.7586960006,r,-15.692739048292982,333.2707473730197,15.845582000628312,99.0,P48
7,2458224.7586960006,r,-15.692739048292982,333.2707473730197,15.845582000628312,99.0,P48
8,2458224.7586960006,r,-15.692739048292982,333.2707473730197,15.845582000628312,99.0,P48
9,2458230.7324421,r,-24.93530959851677,982.9289402746247,14.671269683801675,99.0,P48
10,2458231.7752893995,r,2.591584876103212,787.4054604953872,14.912078933640402,99.0,P48
11,2458233.6919329,r,-69.88521532023266,694.0295453132302,15.049130091504884,99.0,P48
12,2458245.6709837997,r,-18.88348699048955,530.6230916148193,15.34060962503155,99.0,P48
13,2458248.7330207997,r,-102.11557063183987,1090.6622671624111,14.55834926808561,99.0,P48
14,2458254.6899653,r,-108.18309727233313,1033.9477098522257,14.616328550139585,99.0,P48
15,2458257.7310417006,r,63.10298793424781,758.1764543421673,14.953149256647087,99.0,P48
16,2458260.6897569,r,-9.42418775204677,645.7188578831007,15.127466314321676,99.0,P48
17,2458267.79582755,r,-40.60573052049011,599.2641629408733,15.208529221926874,99.0,P48
18,2458267.79582755,r,-40.60573052049011,599.2641629408733,15.208529221926874,99.0,P48
19,2458270.6704166997,r,-6.719120600389919,350.1565301963164,15.79191941397227,99.0,P48
20,2458270.6704166997,r,-6.719120600389919,350.1565301963164,15.79191941397227,99.0,P48
21,2458272.6868056,r,-60.72017490494289,529.6537686833796,15.342594822168975,99.0,P48
22,2458274.69751735,r,-73.82917258969296,396.2549481935787,15.657638242989762,99.0,P48
23,2458274.69751735,r,-73.82917258969296,396.2549481935787,15.657638242989762,99.0,P48
24,2458276.6971759,r,-39.76344170309647,490.1480560597049,15.426756777775308,99.0,P48
25,2458277.7445081496,r,-20.66530758432211,381.3221217882401,15.699344986912841,99.0,P48
26,2458277.7445081496,r,-20.66530758432211,381.3221217882401,15.699344986912841,99.0,P48
27,2458278.7338426,r,-11.25502938424917,539.5534916556059,15.322488720740317,99.0,P48
28,2458280.70461805,r,-20.714207209081195,311.7496833102552,15.918059936723989,99.0,P48
29,2458280.70461805,r,-20.714207209081195,311.7496833102552,15.918059936723989,99.0,P48
30,2458282.6914468,r,73.60997768633867,1001.9097442435149,14.650503488082586,99.0,P48
31,2458283.6926736003,r,-3.006834612921423,289.9593928169051,15.996732035019122,99.0,P48
32,2458283.6926736003,r,-3.006834612921423,289.9593928169051,15.996732035019122,99.0,P48
33,2458284.7076967997,r,-55.19400215964511,614.2239014547536,15.181758208534378,99.0,P48
34,2458286.7828009,r,-13.07055613498485,596.4473798346665,15.21364465143857,99.0,P48
35,2458292.7343403,r,15.15333843003446,623.1781098097348,15.16604451515838,99.0,P48
36,2458295.7347685,r,-33.29822644117379,701.302272533277,15.037811873636,99.0,P48
37,2458298.7566319,r,0.9024943659908327,683.8458824853808,15.065179398338582,99.0,P48
38,2458305.6806481,r,-0.8382408624284592,545.4496489256859,15.310688322761033,99.0,P48
39,2458442.0577778,r,-7.3327108694790315,1192.778200552592,14.461175755993263,99.0,P48
40,2458447.9935069,r,-37.54949862863494,741.7878350361699,14.976875722084191,99.0,P48
41,2458447.9935069,r,-37.54949862863494,741.7878350361699,14.976875722084191,99.0,P48
42,2458449.0378009,r,-14.405961212526327,427.96426347186775,15.574056225651246,99.0,P48
43,2458449.0378009,r,-14.405961212526327,427.96426347186775,15.574056225651246,99.0,P48
44,2458450.0060879504,r,32.070638335408916,140.9829902180352,16.779658195111374,99.0,P48
45,2458450.0060879504,r,32.070638335408916,140.9829902180352,16.779658195111374,99.0,P48
46,2458462.0462268996,r,-27.486128196649048,500.33137977050046,15.404430634640814,99.0,P48
47,2458465.0472569,r,0.8676816737740641,465.15027677082907,15.483591779899228,99.0,P48
48,2458466.0195139,r,-1.1311241981858982,457.480963954984,15.501642420319403,99.0,P48
49,2458468.04743635,r,-8.42185573152777,313.54906747141024,15.91181120547277,99.0,P48
50,2458468.04743635,r,-8.42185573152777,313.54906747141024,15.91181120547277,99.0,P48
51,2458469.0268287,r,13.264632505149848,565.8751034724852,15.270773521870534,99.0,P48
52,2458472.0458449,r,0.03564575606618012,485.3387457108781,15.437462580587674,99.0,P48
53,2458474.9970081,r,-8.840225369487133,423.42226352691443,15.585640765481193,99.0,P48
54,2458474.9970081,r,-8.840225369487133,423.42226352691443,15.585640765481193,99.0,P48
55,2458476.9637442,r,0.516666314891173,91.16566967542296,17.25299667287314,99.0,P48
56,2458476.9637442,r,0.516666314891173,91.16566967542296,17.25299667287314,99.0,P48
57,2458482.9758564997,r,36.49735017673533,540.1430910194698,15.321302925676124,99.0,P48
58,2458487.00336225,r,-17.06983716023711,328.95002954716244,15.859750164803238,99.0,P48
59,2458487.00336225,r,-17.06983716023711,328.95002954716244,15.859750164803238,99.0,P48
60,2458488.0307176,r,-0.0718364345668615,430.938921878971,15.566535687137659,99.0,P48
61,2458492.0451736,r,-20.683100058461903,370.20796637096277,15.73146058930274,99.0,P48
62,2458492.0451736,r,-20.683100058461903,370.20796637096277,15.73146058930274,99.0,P48
63,2458492.9816203997,r,-18.867761734306942,499.11707620774393,15.407068917750856,99.0,P48
64,2458493.9850540333,r,-39.3818697533796,71.39770345938999,17.518364382371992,99.0,P48
65,2458493.9850540333,r,-39.3818697533796,71.39770345938999,17.518364382371992,99.0,P48
66,2458493.9850540333,r,-39.3818697533796,71.39770345938999,17.518364382371992,99.0,P48
67,2458495.0461979005,r,-22.618045746063576,312.5928746984462,15.915127303147926,99.0,P48
68,2458495.0461979005,r,-22.618045746063576,312.5928746984462,15.915127303147926,99.0,P48
69,2458503.0455497503,r,-8.41879096523399,406.67499679429244,15.629456309366034,99.0,P48
70,2458503.0455497503,r,-8.41879096523399,406.67499679429244,15.629456309366034,99.0,P48
71,2458503.9779938,r,-17.87737869756335,164.2149597496088,16.61404319366964,99.0,P48
72,2458503.9779938,r,-17.87737869756335,164.2149597496088,16.61404319366964,99.0,P48
73,2458503.9779938,r,-17.87737869756335,164.2149597496088,16.61404319366964,99.0,P48
74,2458506.0253183004,r,-1.270332101250338,595.6202265201139,15.215151395586032,99.0,P48
75,2458506.0253183004,r,-1.270332101250338,595.6202265201139,15.215151395586032,99.0,P48
76,2458507.0496991,r,-21.09808896527499,809.4764582745025,14.882064432070035,99.0,P48
77,2458509.9806597,r,7.631170008256625,672.9885547288038,15.082555793163127,99.0,P48
78,2458511.889213,r,-9.942207940634145,477.49116581922124,15.455161636645647,99.0,P48
79,2458513.9538426003,r,117.84746654418984,1694.430469988905,14.080015607893154,99.0,P48
80,2458514.9205207997,r,-38.9690039315798,1027.103315865281,14.623539660952037,99.0,P48
81,2458523.0283391,r,-24.489491437273728,310.9121149242594,15.920980876700373,99.0,P48
82,2458523.0283391,r,-24.489491437273728,310.9121149242594,15.920980876700373,99.0,P48
83,2458524.9670486,r,8.998384273277308,436.37083610311487,15.552935694765168,99.0,P48
84,2458526.98497105,r,7.010086259516749,727.4536475416081,14.998061674596665,99.0,P48
85,2458526.98497105,r,7.010086259516749,727.4536475416081,14.998061674596665,99.0,P48
86,2458538.86614585,r,-53.82389729528021,981.0656355908246,14.673329829982867,99.0,P48
87,2458538.86614585,r,-53.82389729528021,981.0656355908246,14.673329829982867,99.0,P48
88,2458539.8363426,r,9.123580312271695,862.0230533468392,14.813777788033658,99.0,P48
89,2458540.7891088,r,22.11790716994086,109.81504689107783,17.050920360777194,99.0,P48
90,2458543.8386111,r,-27.603648433500858,608.0381275625103,15.192747956805274,99.0,P48
91,2458547.8112268997,r,-11.007417775905598,418.36133629983823,15.59869613535986,99.0,P48
92,2458558.7787325997,r,90.67918312298691,209.4657342440512,16.349792518110142,99.0,P48
93,2458558.7787325997,r,90.67918312298691,209.4657342440512,16.349792518110142,99.0,P48
94,2458559.7703819,r,-43.98767239643106,611.5610117847028,15.186475512917845,99.0,P48
95,2458560.8570022997,r,-35.24049765604269,663.3750616540576,15.098177136658055,99.0,P48
96,2458561.8383333,r,-12.798189661248408,649.6531126105828,15.120871180216763,99.0,P48
97,2458567.8173611,r,-23.240133119852587,344.87899467216727,15.808408129479313,99.0,P48
98,2458567.8173611,r,-23.240133119852587,344.87899467216727,15.808408129479313,99.0,P48
99,2458568.7771759,r,-9.844704773960025,388.8507290317844,15.678117695351638,99.0,P48
100,2458573.7744444,r,-35.068155741238634,518.9139050905076,15.364836718073214,99.0,P48
101,2458575.8708680505,r,86.00728589323722,1340.2115935407512,14.334641562925853,99.0,P48
102,2458575.8708680505,r,86.00728589323722,1340.2115935407512,14.334641562925853,99.0,P48
103,2458580.8016782333,r,18.8835082954457,87.96192244413402,17.29183820796571,99.0,P48
104,2458580.8016782333,r,18.8835082954457,87.96192244413402,17.29183820796571,99.0,P48
105,2458580.8016782333,r,18.8835082954457,87.96192244413402,17.29183820796571,99.0,P48
106,2458581.7547454,r,-17.941238950262875,416.14315796982584,15.60446809275506,99.0,P48
107,2458582.75784725,r,1.718630577286964,80.39004604160912,17.38956929567274,99.0,P48
108,2458582.75784725,r,1.718630577286964,80.39004604160912,17.38956929567274,99.0,P48
109,2458583.7753935,r,12.053667274981157,459.89526406625964,15.495927645918925,99.0,P48
110,2458583.7753935,r,12.053667274981157,459.89526406625964,15.495927645918925,99.0,P48
111,2458584.8160417005,r,24.845289791404927,514.3991996204956,15.37432427871962,99.0,P48
112,2458585.8106829,r,12.234460114991505,442.7884371223433,15.5370843109441,99.0,P48
113,2458586.74125,r,1.2503757426352629,338.12782689345835,15.829872705775689,99.0,P48
114,2458586.74125,r,1.2503757426352629,338.12782689345835,15.829872705775689,99.0,P48
115,2458587.7750347,r,3.2497906527160416,596.8058839658959,15.212992248569286,99.0,P48
116,2458588.8399653,r,45.79396638453443,827.9579846606345,14.857554242285353,99.0,P48
117,2458589.7728704,r,30.83530633890297,938.3764850403066,14.721632198726079,99.0,P48
118,2458589.7728704,r,30.83530633890297,938.3764850403066,14.721632198726079,99.0,P48
119,2458592.757037,r,-14.609570863123787,557.1033999973106,15.287735466752306,99.0,P48
120,2458592.757037,r,-14.609570863123787,557.1033999973106,15.287735466752306,99.0,P48
121,2458593.7793056,r,3.0137665954369113,155.2171327471773,16.67522584751663,99.0,P48
122,2458596.7537037004,r,9.771523521630044,347.0506716288988,15.801592766143843,99.0,P48
123,2458596.7537037004,r,9.771523521630044,347.0506716288988,15.801592766143843,99.0,P48
124,2458597.78979165,r,-0.5213647542634848,82.03275005209669,17.367606811634744,99.0,P48
125,2458597.78979165,r,-0.5213647542634848,82.03275005209669,17.367606811634744,99.0,P48
126,2458601.7849884,r,-3.1245694221438334,356.74588898836873,15.771677546255635,99.0,P48
127,2458602.7847337998,r,-17.56577883246726,513.8832629937617,15.375413806436722,99.0,P48
128,2458606.7066204,r,-9.494416543775975,83.3797874851162,17.349923029459354,99.0,P48
129,2458612.7111573997,r,-15.82971558442933,410.21263574901616,15.620052404713203,99.0,P48
130,2458619.6944097,r,-306.6423212201006,2690.324143149408,13.578063466570052,99.0,P48
131,2458628.8057696996,r,-16.595061285430464,311.0270090708685,15.920579728963258,99.0,P48
132,2458628.8057696996,r,-16.595061285430464,311.0270090708685,15.920579728963258,99.0,P48
133,2458633.7012037,r,2.702039261705051,346.265763984362,15.804051103974505,99.0,P48
134,2458633.7012037,r,2.702039261705051,346.265763984362,15.804051103974505,99.0,P48
135,2458634.7573264,r,21.671198640836295,375.3089522315844,15.716602679789862,99.0,P48
136,2458635.7357639,r,-13.365193607290955,379.85555826663256,15.70352877507169,99.0,P48
137,2458636.7069386495,r,-4.237659080265178,301.879026184506,15.952992638274576,99.0,P48
138,2458636.7069386495,r,-4.237659080265178,301.879026184506,15.952992638274576,99.0,P48
139,2458637.6931597,r,22.45455038809526,386.3245549486452,15.68519420676201,99.0,P48
140,2458638.7277082996,r,25.814281864049118,439.05388726325214,15.546280422581773,99.0,P48
141,2458639.6753241,r,-8.489323833855027,354.2405851518965,15.779329197689819,99.0,P48
142,2458642.7237731004,r,-32.3182104955444,408.66866779919627,15.624146633953238,99.0,P48
143,2458646.7260069,r,-52.24915867325871,755.9275965900729,14.956374488195431,99.0,P48
144,2458649.7175578997,r,-23.104301904713953,653.4756689458596,15.114501434155343,99.0,P48
145,2458652.7756366003,r,9.20582963783677,828.210021827302,14.85722378561932,99.0,P48
146,2458658.6790625,r,-9.337571789367717,476.32873752950434,15.457808029533844,99.0,P48
147,2458661.6979977,r,-19.504952382377393,471.81131406454443,15.468154111452373,99.0,P48
148,2458667.7285995,r,-9.567004900197423,506.27267763125343,15.391613763790632,99.0,P48
149,2458676.6942593,r,-58.99057238895747,749.5865190920096,14.965520570663283,99.0,P48
150,2458677.7040046,r,1.3847376282532815,685.8642439277103,15.061979583084081,99.0,P48
151,2458679.7028935,r,9.323586879040596,689.7011020872678,15.055922689266486,99.0,P48
152,2458786.0377662,r,-9.154608615481617,472.2569990443402,15.467128981495758,99.0,P48
153,2458786.0377662,r,-9.154608615481617,472.2569990443402,15.467128981495758,99.0,P48
154,2458786.0377662,r,-9.154608615481617,472.2569990443402,15.467128981495758,99.0,P48
155,2458786.0377662,r,-9.154608615481617,472.2569990443402,15.467128981495758,99.0,P48
156,2458788.0374421254,r,51.52567797972094,939.6288749896169,14.720184103485295,99.0,P48
157,2458788.0374421254,r,51.52567797972094,939.6288749896169,14.720184103485295,99.0,P48
158,2458788.0374421254,r,51.52567797972094,939.6288749896169,14.720184103485295,99.0,P48
159,2458788.0374421254,r,51.52567797972094,939.6288749896169,14.720184103485295,99.0,P48
160,2458790.039224525,r,-9.003192295813918,359.0163766897347,15.764789340250605,99.0,P48
161,2458790.039224525,r,-9.003192295813918,359.0163766897347,15.764789340250605,99.0,P48
162,2458790.039224525,r,-9.003192295813918,359.0163766897347,15.764789340250605,99.0,P48
163,2458790.039224525,r,-9.003192295813918,359.0163766897347,15.764789340250605,99.0,P48
164,2458792.04278645,r,-5.432359698839652,354.1108101330215,15.779727026899955,99.0,P48
165,2458792.04278645,r,-5.432359698839652,354.1108101330215,15.779727026899955,99.0,P48
166,2458792.04278645,r,-5.432359698839652,354.1108101330215,15.779727026899955,99.0,P48
167,2458792.04278645,r,-5.432359698839652,354.1108101330215,15.779727026899955,99.0,P48
168,2458794.0451466334,r,-18.986695058651975,474.9693603948102,15.460911002153829,99.0,P48
169,2458794.0451466334,r,-18.986695058651975,474.9693603948102,15.460911002153829,99.0,P48
170,2458794.0451466334,r,-18.986695058651975,474.9693603948102,15.460911002153829,99.0,P48
171,2458801.0400579,r,-33.046118959275624,682.5239553000689,15.067280241921722,99.0,P48
172,2458835.0237037004,r,92.17528567444775,1141.789672553305,14.508609712883967,99.0,P48
173,2458837.9621412004,r,-13.076315763643482,760.6823626595836,14.949566622337374,99.0,P48
174,2458839.0698264,r,0.5825440528006658,197.9392027738706,16.411245447273807,99.0,P48
175,2458839.0698264,r,0.5825440528006658,197.9392027738706,16.411245447273807,99.0,P48
176,2458839.0698264,r,0.5825440528006658,197.9392027738706,16.411245447273807,99.0,P48
177,2458847.0670255,r,5.295479671322905,456.19794203252275,15.504691684692723,99.0,P48
178,2458853.0464005,r,6.697848051177743,425.32756522080473,15.580766164191559,99.0,P48
179,2458856.0422917004,r,466.79550585333476,497.97936780132426,15.409546615371381,99.0,P48
180,2458859.9750154004,r,4948.688088000365,584.8060867430642,14.663840418714742,0.12827783765537443,P48
181,2458859.9750154004,r,4948.688088000365,584.8060867430642,14.663840418714742,0.12827783765537443,P48
182,2458859.9750154004,r,4948.688088000365,584.8060867430642,14.663840418714742,0.12827783765537443,P48
183,2458860.8882118,r,6119.994417836003,870.1287719494459,14.433188057238642,0.15433425546899474,P48
184,2458860.8882118,r,6119.994417836003,870.1287719494459,14.433188057238642,0.15433425546899474,P48
185,2458862.8730439497,r,9084.792100788805,983.6246097084651,14.004278139213186,0.11752877798335434,P48
186,2458862.8730439497,r,9084.792100788805,983.6246097084651,14.004278139213186,0.11752877798335434,P48
187,2458867.0221528,r,11541.161914533703,1304.0210157538281,13.744441787479822,0.12264924650422178,P48
188,2458867.9820139,r,11134.300056801987,912.3499583895314,13.783408320097106,0.08894639759836757,P48
189,2458867.9820139,r,11134.300056801987,912.3499583895314,13.783408320097106,0.08894639759836757,P48
190,2458872.0017882,r,8153.2696415598075,812.3331023976956,14.1217361088599,0.10815140691017341,P48
191,2458872.0017882,r,8153.2696415598075,812.3331023976956,14.1217361088599,0.10815140691017341,P48
192,2458874.01559605,r,6694.864227954549,742.2550403426188,14.335711187451384,0.12034864619473842,P48
193,2458874.01559605,r,6694.864227954549,742.2550403426188,14.335711187451384,0.12034864619473842,P48
194,2458876.03155095,r,5001.854319823486,703.6498191907629,14.652238025656338,0.15270574268914888,P48
195,2458876.03155095,r,5001.854319823486,703.6498191907629,14.652238025656338,0.15270574268914888,P48
196,2458876.8476736,r,4969.613283442507,930.2962772663445,14.659259135057244,0.20320225163940558,P48
197,2458878.0056597,r,4109.005644776955,820.2856803956033,14.865723777588371,0.21669965511029643,P48
198,2458878.8481712993,r,3479.409790712003,768.1711286020687,15.04630166929493,0.23965264520535595,P48
199,2458878.8481712993,r,3479.409790712003,768.1711286020687,15.04630166929493,0.23965264520535595,P48
200,2458880.0275926003,r,3195.254613276301,1107.1806024499015,14.542028818060793,99.0,P48
201,2458881.0220949003,r,2920.6461188043427,524.4373950361687,15.236368275518519,0.19491467612132768,P48
202,2458881.0220949003,r,2920.6461188043427,524.4373950361687,15.236368275518519,0.19491467612132768,P48
203,2458881.8983449,r,2758.4736121687642,446.36263751562774,15.29839353775801,0.1756502729936466,P48
204,2458881.8983449,r,2758.4736121687642,446.36263751562774,15.29839353775801,0.1756502729936466,P48
205,2458881.8983449,r,2758.4736121687642,446.36263751562774,15.29839353775801,0.1756502729936466,P48
206,2458884.0286285,r,2182.35289262364,694.8248598354055,15.552753175845682,0.34560514383381374,P48
207,2458884.0286285,r,2182.35289262364,694.8248598354055,15.552753175845682,0.34560514383381374,P48
208,2458885.0092862663,r,2012.217164518184,469.7033435398637,15.640878499087865,0.25338367468632855,P48
209,2458885.0092862663,r,2012.217164518184,469.7033435398637,15.640878499087865,0.25338367468632855,P48
210,2458885.0092862663,r,2012.217164518184,469.7033435398637,15.640878499087865,0.25338367468632855,P48
211,2458885.99721645,r,2007.6523649805158,514.3115241506737,15.643344335463627,0.27807860026154196,P48
212,2458885.99721645,r,2007.6523649805158,514.3115241506737,15.643344335463627,0.27807860026154196,P48
213,2458887.0082407002,r,1912.5926780207249,713.6370417323844,15.018881528528237,99.0,P48
214,2458888.0002778,r,1931.7698983175922,551.7135822743695,15.685177136237758,0.3100188558070018,P48
215,2458888.0002778,r,1931.7698983175922,551.7135822743695,15.685177136237758,0.3100188558070018,P48
216,2458888.9455035003,r,1679.858733386349,652.7029491744548,15.11578605161605,99.0,P48
217,2458888.9455035003,r,1679.858733386349,652.7029491744548,15.11578605161605,99.0,P48
218,2458892.8188541667,r,1413.0777973872905,475.60094543457546,15.45946821598481,99.0,P48
219,2458892.8188541667,r,1413.0777973872905,475.60094543457546,15.45946821598481,99.0,P48
220,2458892.8188541667,r,1413.0777973872905,475.60094543457546,15.45946821598481,99.0,P48
221,2458893.9136921503,r,1424.3744310975455,452.4878948920929,16.016005199619627,0.3448360200673454,P48
222,2458893.9136921503,r,1424.3744310975455,452.4878948920929,16.016005199619627,0.3448360200673454,P48
223,2458894.9783738004,r,1328.5965048577484,450.08442192694116,15.519340035064412,99.0,P48
224,2458894.9783738004,r,1328.5965048577484,450.08442192694116,15.519340035064412,99.0,P48
225,2458895.93849535,r,1314.5072644554743,424.5137063658967,16.103158145978085,0.3505569278470805,P48
226,2458895.93849535,r,1314.5072644554743,424.5137063658967,16.103158145978085,0.3505569278470805,P48
227,2458898.920552675,r,1193.6030808441628,266.00214179940923,16.207915794531345,0.24191067328600283,P48
228,2458898.920552675,r,1193.6030808441628,266.00214179940923,16.207915794531345,0.24191067328600283,P48
229,2458898.920552675,r,1193.6030808441628,266.00214179940923,16.207915794531345,0.24191067328600283,P48
230,2458898.920552675,r,1193.6030808441628,266.00214179940923,16.207915794531345,0.24191067328600283,P48
231,2458899.96148725,r,1118.1647784602421,271.38737098470534,16.278801101995526,0.26345937278543263,P48
232,2458899.96148725,r,1118.1647784602421,271.38737098470534,16.278801101995526,0.26345937278543263,P48
233,2458899.96148725,r,1118.1647784602421,271.38737098470534,16.278801101995526,0.26345937278543263,P48
234,2458899.96148725,r,1118.1647784602421,271.38737098470534,16.278801101995526,0.26345937278543263,P48
235,2458900.9262789004,r,1081.707137985835,408.2539274547427,15.625249060667471,99.0,P48
236,2458900.9262789004,r,1081.707137985835,408.2539274547427,15.625249060667471,99.0,P48
237,2458901.9206983,r,1041.3550825874827,239.76460159481664,16.35606851965396,0.24992865486812374,P48
238,2458901.9206983,r,1041.3550825874827,239.76460159481664,16.35606851965396,0.24992865486812374,P48
239,2458901.9206983,r,1041.3550825874827,239.76460159481664,16.35606851965396,0.24992865486812374,P48
240,2458901.9206983,r,1041.3550825874827,239.76460159481664,16.35606851965396,0.24992865486812374,P48
241,2458901.9206983,r,1041.3550825874827,239.76460159481664,16.35606851965396,0.24992865486812374,P48
242,2458901.9206983,r,1041.3550825874827,239.76460159481664,16.35606851965396,0.24992865486812374,P48
243,2458903.9382851,r,1010.6922227676739,216.7741954906909,16.388518312690607,0.2328190362054808,P48
244,2458903.9382851,r,1010.6922227676739,216.7741954906909,16.388518312690607,0.2328190362054808,P48
245,2458903.9382851,r,1010.6922227676739,216.7741954906909,16.388518312690607,0.2328190362054808,P48
246,2458903.9382851,r,1010.6922227676739,216.7741954906909,16.388518312690607,0.2328190362054808,P48
247,2458903.9382851,r,1010.6922227676739,216.7741954906909,16.388518312690607,0.2328190362054808,P48
248,2458903.9382851,r,1010.6922227676739,216.7741954906909,16.388518312690607,0.2328190362054808,P48
249,2458904.9751659334,r,936.7691071408992,370.17560235207065,15.731555509796792,99.0,P48
250,2458904.9751659334,r,936.7691071408992,370.17560235207065,15.731555509796792,99.0,P48
251,2458904.9751659334,r,936.7691071408992,370.17560235207065,15.731555509796792,99.0,P48
252,2458906.9553471995,r,902.1186036440374,367.039525107911,15.740792903379981,99.0,P48
253,2458906.9553471995,r,902.1186036440374,367.039525107911,15.740792903379981,99.0,P48
254,2458906.9553471995,r,902.1186036440374,367.039525107911,15.740792903379981,99.0,P48
255,2458908.9587654336,r,901.4364974568398,373.371144538286,15.722223111474603,99.0,P48
256,2458908.9587654336,r,901.4364974568398,373.371144538286,15.722223111474603,99.0,P48
257,2458908.9587654336,r,901.4364974568398,373.371144538286,15.722223111474603,99.0,P48
258,2458911.876385,r,740.0547187241878,432.3720525444506,15.562930952980281,99.0,P48
259,2458911.876385,r,740.0547187241878,432.3720525444506,15.562930952980281,99.0,P48
260,2458911.876385,r,740.0547187241878,432.3720525444506,15.562930952980281,99.0,P48
261,2458912.9376890333,r,761.6467641493263,297.55395448508494,15.968660673153309,99.0,P48
262,2458912.9376890333,r,761.6467641493263,297.55395448508494,15.968660673153309,99.0,P48
263,2458912.9376890333,r,761.6467641493263,297.55395448508494,15.968660673153309,99.0,P48
264,2458913.9389235997,r,788.1569556059751,380.42071682499426,15.701914590225023,99.0,P48
265,2458913.9389235997,r,788.1569556059751,380.42071682499426,15.701914590225023,99.0,P48
266,2458913.9389235997,r,788.1569556059751,380.42071682499426,15.701914590225023,99.0,P48
267,2458914.8756597005,r,728.5550000191729,379.37286598087854,15.704909325494391,99.0,P48
268,2458914.8756597005,r,728.5550000191729,379.37286598087854,15.704909325494391,99.0,P48
269,2458914.8756597005,r,728.5550000191729,379.37286598087854,15.704909325494391,99.0,P48
270,2458915.9002006333,r,738.6309485335047,430.3076173768396,15.568127403901004,99.0,P48
271,2458915.9002006333,r,738.6309485335047,430.3076173768396,15.568127403901004,99.0,P48
272,2458915.9002006333,r,738.6309485335047,430.3076173768396,15.568127403901004,99.0,P48
273,2458936.9204359334,r,367.44333272834484,276.40944338049405,16.048692798175352,99.0,P48
274,2458936.9204359334,r,367.44333272834484,276.40944338049405,16.048692798175352,99.0,P48
275,2458936.9204359334,r,367.44333272834484,276.40944338049405,16.048692798175352,99.0,P48
276,2458939.859919,r,266.18291905865584,1582.1057861642385,14.154486191996314,99.0,P48
277,2458941.8727662005,r,278.3224438818042,503.81372749687654,15.396899997615762,99.0,P48
278,2458954.7557021664,r,211.90397399054913,249.24353324297348,16.161015241342906,99.0,P48
279,2458954.7557021664,r,211.90397399054913,249.24353324297348,16.161015241342906,99.0,P48
280,2458954.7557021664,r,211.90397399054913,249.24353324297348,16.161015241342906,99.0,P48
281,2458955.769243833,r,194.57508018050657,61.47327485021978,18.1773475770699,0.34294854093344895,P48
282,2458955.769243833,r,194.57508018050657,61.47327485021978,18.1773475770699,0.34294854093344895,P48
283,2458955.769243833,r,194.57508018050657,61.47327485021978,18.1773475770699,0.34294854093344895,P48
284,2458955.769243833,r,194.57508018050657,61.47327485021978,18.1773475770699,0.34294854093344895,P48
285,2458955.769243833,r,194.57508018050657,61.47327485021978,18.1773475770699,0.34294854093344895,P48
286,2458955.769243833,r,194.57508018050657,61.47327485021978,18.1773475770699,0.34294854093344895,P48
287,2458956.7657986,r,220.32034601353982,84.36775258962516,17.3371337881332,99.0,P48
288,2458962.7803125,r,152.36115592084064,440.45973694238523,15.542809451460805,99.0,P48
289,2458964.7699073995,r,157.6492867362985,57.88108758187615,17.746233281938018,99.0,P48
290,2458964.7699073995,r,157.6492867362985,57.88108758187615,17.746233281938018,99.0,P48
291,2458964.7699073995,r,157.6492867362985,57.88108758187615,17.746233281938018,99.0,P48
292,2458965.7866897997,r,159.15669825226834,411.24347737334983,15.617327432210022,99.0,P48
293,2458968.7008332997,r,159.88875032898574,414.7459633481818,15.608119569653082,99.0,P48
294,2458971.7125116,r,127.39983794541959,512.563312996344,15.378206193929934,99.0,P48
295,2458974.7529167,r,49.24863250302103,913.7798680194343,14.750471025041254,99.0,P48
296,2458978.7882176004,r,46.90487222278225,632.4791150056963,15.149959515874436,99.0,P48
297,2458980.7530671,r,61.88621707164051,395.57145090015234,15.659512638545374,99.0,P48
298,2458994.7083564997,r,46.00774553318165,429.6316343149226,15.569834360372305,99.0,P48
299,2459014.7290625,r,26.405108205433603,450.54538495666725,15.518228625492341,99.0,P48
300,2459017.7361921,r,18.399805817327955,409.5111716619569,15.62191060410835,99.0,P48
301,2459020.7373264,r,28.2799397588992,480.90221017480843,15.447433056537207,99.0,P48
302,2459032.7153356,r,-4.65835534291525,612.8201152961556,15.184242458651353,99.0,P48
303,2459040.7056134,r,7.293314780383701,492.0357656687344,15.42258330811541,99.0,P48
304,2459062.67110825,r,9.138341358492474,455.5217341124752,15.506302231387224,99.0,P48
305,2459062.67110825,r,9.138341358492474,455.5217341124752,15.506302231387224,99.0,P48
306,2459062.67110825,r,9.138341358492474,455.5217341124752,15.506302231387224,99.0,P48
307,2459062.67110825,r,9.138341358492474,455.5217341124752,15.506302231387224,99.0,P48
308,2459064.6698102,r,-7.70831663211618,505.57521519856925,15.393110550688982,99.0,P48
309,2459064.6698102,r,-7.70831663211618,505.57521519856925,15.393110550688982,99.0,P48
310,2459064.6698102,r,-7.70831663211618,505.57521519856925,15.393110550688982,99.0,P48
311,2459064.6698102,r,-7.70831663211618,505.57521519856925,15.393110550688982,99.0,P48
312,2459064.6698102,r,-7.70831663211618,505.57521519856925,15.393110550688982,99.0,P48
313,2459066.66718518,r,0.18502066215623217,383.01151986186085,15.694545397990357,99.0,P48
314,2459066.66718518,r,0.18502066215623217,383.01151986186085,15.694545397990357,99.0,P48
315,2459066.66718518,r,0.18502066215623217,383.01151986186085,15.694545397990357,99.0,P48
316,2459066.66718518,r,0.18502066215623217,383.01151986186085,15.694545397990357,99.0,P48
317,2459066.66718518,r,0.18502066215623217,383.01151986186085,15.694545397990357,99.0,P48
318,2459068.6661227,r,-25.674439426437925,344.3154819585804,15.810183611762096,99.0,P48
319,2459068.6661227,r,-25.674439426437925,344.3154819585804,15.810183611762096,99.0,P48
320,2459068.6661227,r,-25.674439426437925,344.3154819585804,15.810183611762096,99.0,P48
321,2459068.6661227,r,-25.674439426437925,344.3154819585804,15.810183611762096,99.0,P48
322,2459068.6661227,r,-25.674439426437925,344.3154819585804,15.810183611762096,99.0,P48
323,2459070.67109375,r,-9.087074260796827,419.37762648346524,15.596061845593656,99.0,P48
324,2459070.67109375,r,-9.087074260796827,419.37762648346524,15.596061845593656,99.0,P48
325,2459072.6624213,r,-3.154097725345893,373.4624404278074,15.721957662102515,99.0,P48
326,2459072.6624213,r,-3.154097725345893,373.4624404278074,15.721957662102515,99.0,P48
327,2459072.6624213,r,-3.154097725345893,373.4624404278074,15.721957662102515,99.0,P48
328,2459072.6624213,r,-3.154097725345893,373.4624404278074,15.721957662102515,99.0,P48
329,2459072.6624213,r,-3.154097725345893,373.4624404278074,15.721957662102515,99.0,P48
330,2459152.03665278,r,-42.75701981552218,444.7791491548894,15.532213939865384,99.0,P48
331,2459152.03665278,r,-42.75701981552218,444.7791491548894,15.532213939865384,99.0,P48
332,2459152.03665278,r,-42.75701981552218,444.7791491548894,15.532213939865384,99.0,P48
333,2459152.03665278,r,-42.75701981552218,444.7791491548894,15.532213939865384,99.0,P48
334,2459152.03665278,r,-42.75701981552218,444.7791491548894,15.532213939865384,99.0,P48
335,2458202.8110995,g,-1.7149103971343866,335.4501876239343,15.8385048913563,99.0,P48
336,2458205.7895833496,g,4.829308352992741,358.60074301206055,15.766047026473075,99.0,P48
337,2458205.7895833496,g,4.829308352992741,358.60074301206055,15.766047026473075,99.0,P48
338,2458210.8115683002,g,-13.177680124191484,542.6192447728712,15.316337007715209,99.0,P48
339,2458210.8115683002,g,-13.177680124191484,542.6192447728712,15.316337007715209,99.0,P48
340,2458214.7692361,g,-33.05995361213428,1609.8837324866522,14.135588709271019,99.0,P48
341,2458227.7974769,g,13.037007335734167,297.42760625130825,15.969121799557666,99.0,P48
342,2458230.8161227,g,-50.419949336861954,420.2577849622055,15.593785571241012,99.0,P48
343,2458234.7474132,g,-20.442012788883265,472.7197155584992,15.466065700032097,99.0,P48
344,2458234.7474132,g,-20.442012788883265,472.7197155584992,15.466065700032097,99.0,P48
345,2458236.6864583,g,-25.52409350760187,658.4797960925349,15.106218853672225,99.0,P48
346,2458242.7274189997,g,21.7367196214444,239.5670272274573,16.204007379726757,99.0,P48
347,2458248.7084259,g,-8.979946772160197,249.22034297172817,16.161116265783427,99.0,P48
348,2458267.68917825,g,29.84681657227999,378.1425228229744,15.708436195852888,99.0,P48
349,2458267.68917825,g,29.84681657227999,378.1425228229744,15.708436195852888,99.0,P48
350,2458272.7289236,g,10.860181734402731,254.41828972485771,16.13870416707018,99.0,P48
351,2458273.7393519,g,-3.373589155033049,263.9517660549523,16.09876355882277,99.0,P48
352,2458274.7337037004,g,-0.965049071016926,165.92439541047872,16.602799379535234,99.0,P48
353,2458274.7337037004,g,-0.965049071016926,165.92439541047872,16.602799379535234,99.0,P48
354,2458276.7369792005,g,14.140640789291407,230.37130064976665,16.24650405342981,99.0,P48
355,2458277.6925520496,g,2.2072002770929893,190.62992695942495,16.45209728548344,99.0,P48
356,2458277.6925520496,g,2.2072002770929893,190.62992695942495,16.45209728548344,99.0,P48
357,2458278.6911343,g,-16.204168304598355,378.3634219881696,15.707802127529396,99.0,P48
358,2458280.72914935,g,4.169635996237601,191.15066018844112,16.449135483393945,99.0,P48
359,2458280.72914935,g,4.169635996237601,191.15066018844112,16.449135483393945,99.0,P48
360,2458281.7319676,g,10.148818154580422,281.3091323681197,16.029615411033635,99.0,P48
361,2458282.7336921003,g,7.452179307837596,285.82828868337316,16.012311966413847,99.0,P48
362,2458283.74980905,g,9.309033543795891,234.8333242483634,16.22567567434942,99.0,P48
363,2458283.74980905,g,9.309033543795891,234.8333242483634,16.22567567434942,99.0,P48
364,2458284.7128356,g,0.7650264812308004,270.8041793102711,16.07093658287365,99.0,P48
365,2458286.7368519,g,-3.917360775745131,318.65841168876176,15.894261521349836,99.0,P48
366,2458292.6939352,g,-0.4392963845905788,397.058868082842,15.655437738699101,99.0,P48
367,2458295.6746181,g,-1.9162635136017125,455.6563379148997,15.5059814505714,99.0,P48
368,2458298.6762847,g,13.593749192020413,491.80041981864105,15.423102751329086,99.0,P48
369,2458305.6959837996,g,-9.048434621697053,391.2914843055274,15.67132399807783,99.0,P48
370,2458321.6771991,g,-46.77885397760582,637.0950102364274,15.142064479967924,99.0,P48
371,2458431.0284375,g,32.124122914003955,331.4537185512302,15.851517749925115,99.0,P48
372,2458438.9850347,g,16.090895941622126,391.4861445333498,15.670783998840388,99.0,P48
373,2458442.00512155,g,-0.7684411711063881,281.2514024618402,16.029838247317677,99.0,P48
374,2458442.00512155,g,-0.7684411711063881,281.2514024618402,16.029838247317677,99.0,P48
375,2458443.0065741,g,-78.17433838807347,539.1940886261018,15.323212183583344,99.0,P48
376,2458451.0117129497,g,14.105541421522346,294.83516079902154,15.978626803146016,99.0,P48
377,2458451.0117129497,g,14.105541421522346,294.83516079902154,15.978626803146016,99.0,P48
378,2458461.984728,g,1.4882136713353957,332.21937980898616,15.849012581284132,99.0,P48
379,2458461.984728,g,1.4882136713353957,332.21937980898616,15.849012581284132,99.0,P48
380,2458463.0037153,g,30.36853969801966,3246.5470758085366,13.374020727555965,99.0,P48
381,2458465.00332755,g,21.18995606028116,192.15531652978842,16.443443976726975,99.0,P48
382,2458465.00332755,g,21.18995606028116,192.15531652978842,16.443443976726975,99.0,P48
383,2458466.0463542,g,7.385072800414357,294.82138368635395,15.97867753881634,99.0,P48
384,2458467.9871007,g,1.6218128739892506,497.61440278439034,15.41034263431367,99.0,P48
385,2458467.9871007,g,1.6218128739892506,497.61440278439034,15.41034263431367,99.0,P48
386,2458470.0183564997,g,-5.228505542170217,266.3346408908527,16.089005847289698,99.0,P48
387,2458472.00546875,g,8.203554546824895,223.3640167762463,16.280041961729832,99.0,P48
388,2458472.00546875,g,8.203554546824895,223.3640167762463,16.280041961729832,99.0,P48
389,2458473.0248843,g,3.9004195126232917,292.95850873247065,15.985559698552043,99.0,P48
390,2458483.0142650497,g,2.9042221813708373,219.27732987198272,16.300090653701062,99.0,P48
391,2458483.0142650497,g,2.9042221813708373,219.27732987198272,16.300090653701062,99.0,P48
392,2458487.9850926003,g,-3.582797500580418,241.56453239058,16.19499206534061,99.0,P48
393,2458491.9904514,g,20.15383701182945,273.63315445809866,16.059653196544687,99.0,P48
394,2458491.9904514,g,20.15383701182945,273.63315445809866,16.059653196544687,99.0,P48
395,2458493.0322338,g,8.86822814822519,191.10322443006393,16.44940495205133,99.0,P48
396,2458493.0322338,g,8.86822814822519,191.10322443006393,16.44940495205133,99.0,P48
397,2458494.0487268995,g,2.3731780852637616,151.37607542900264,16.70243188530204,99.0,P48
398,2458494.0487268995,g,2.3731780852637616,151.37607542900264,16.70243188530204,99.0,P48
399,2458494.9963542,g,20.077115794577388,185.1097536007814,16.484001732345245,99.0,P48
400,2458494.9963542,g,20.077115794577388,185.1097536007814,16.484001732345245,99.0,P48
401,2458502.956603,g,13.789915465205178,333.7305294323305,15.844085145601133,99.0,P48
402,2458502.956603,g,13.789915465205178,333.7305294323305,15.844085145601133,99.0,P48
403,2458505.9532928,g,-12.62503528235952,417.241980222509,15.601604994437123,99.0,P48
404,2458505.9532928,g,-12.62503528235952,417.241980222509,15.601604994437123,99.0,P48
405,2458507.01019095,g,-19.90275972788697,448.6135486387889,15.522894025080648,99.0,P48
406,2458507.01019095,g,-19.90275972788697,448.6135486387889,15.522894025080648,99.0,P48
407,2458510.01887155,g,4.625088526282045,322.2045151414543,15.882245934122043,99.0,P48
408,2458510.01887155,g,4.625088526282045,322.2045151414543,15.882245934122043,99.0,P48
409,2458511.9448032,g,11.381466186623456,284.5140366807899,16.017315745525266,99.0,P48
410,2458522.9328646,g,4.66472117985247,191.4202780003253,16.447605132606398,99.0,P48
411,2458522.9328646,g,4.66472117985247,191.4202780003253,16.447605132606398,99.0,P48
412,2458524.9237616,g,-4.468850466961324,303.81562776396527,15.946049715465694,99.0,P48
413,2458526.9581828997,g,2.2396539003100693,363.195839848298,15.752222825807127,99.0,P48
414,2458538.81770255,g,-5.120131362393119,476.0292463412342,15.458490899719923,99.0,P48
415,2458538.81770255,g,-5.120131362393119,476.0292463412342,15.458490899719923,99.0,P48
416,2458539.776412,g,10.488925873816136,613.9038537699108,15.182324089999184,99.0,P48
417,2458540.8571643997,g,22.62890735740661,257.6639296069897,16.12494092443847,99.0,P48
418,2458543.8044676,g,16.612408888963092,524.649620929255,15.35290158063127,99.0,P48
419,2458543.8044676,g,16.612408888963092,524.649620929255,15.35290158063127,99.0,P48
420,2458546.7897743,g,18.453874527106056,284.8428396229021,16.016061722563478,99.0,P48
421,2458546.7897743,g,18.453874527106056,284.8428396229021,16.016061722563478,99.0,P48
422,2458547.8320832998,g,-35.70334218925291,358.3469020204623,15.766815853508788,99.0,P48
423,2458556.87488425,g,-15.846146046099962,427.3413531292801,15.575637687102482,99.0,P48
424,2458556.87488425,g,-15.846146046099962,427.3413531292801,15.575637687102482,99.0,P48
425,2458559.8154514,g,29.018881372799218,330.1382871356126,15.855835254920862,99.0,P48
426,2458559.8154514,g,29.018881372799218,330.1382871356126,15.855835254920862,99.0,P48
427,2458560.7542014,g,22.65220073301231,526.6694665173245,15.348729636627837,99.0,P48
428,2458561.815,g,29.84258718899712,671.7129628641179,15.084615665435575,99.0,P48
429,2458562.6685995,g,-9.146049867956698,1683.483045731167,14.087053121686596,99.0,P48
430,2458567.7838079,g,-2.6698299646495047,199.26912923739144,16.403974931574634,99.0,P48
431,2458567.7838079,g,-2.6698299646495047,199.26912923739144,16.403974931574634,99.0,P48
432,2458572.8169676,g,12.636420380687209,211.13345980294986,16.34118232800973,99.0,P48
433,2458572.8169676,g,12.636420380687209,211.13345980294986,16.34118232800973,99.0,P48
434,2458573.7982407003,g,6.0477629416653675,355.7574081946404,15.774690107960964,99.0,P48
435,2458574.836875,g,0.39805765454296604,889.8632006981132,14.779266870717237,99.0,P48
436,2458575.7930266,g,52.122646352595055,345.11679678867574,15.80765974700835,99.0,P48
437,2458575.7930266,g,52.122646352595055,345.11679678867574,15.80765974700835,99.0,P48
438,2458580.7558449,g,15.69615356380263,185.6859201674019,16.48062755379311,99.0,P48
439,2458580.7558449,g,15.69615356380263,185.6859201674019,16.48062755379311,99.0,P48
440,2458581.797338,g,5.4229674214644605,243.04913636343747,16.18833978361812,99.0,P48
441,2458582.8310764,g,-3.86244594369592,225.80220409233524,16.268254547086748,99.0,P48
442,2458586.7551619997,g,24.64605721539564,313.7344912103451,15.911169322644309,99.0,P48
443,2458587.7329745,g,7.388198376999751,326.7567280840469,15.867013642448217,99.0,P48
444,2458588.7740509,g,-14.6200760772642,1852.3872543613213,13.983245528906478,99.0,P48
445,2458592.69662615,g,-11.756110621514111,472.63206699082514,15.466267028733746,99.0,P48
446,2458592.69662615,g,-11.756110621514111,472.63206699082514,15.466267028733746,99.0,P48
447,2458594.7285185,g,19.170387438919136,382.84717754503475,15.695011364902255,99.0,P48
448,2458596.7282755002,g,25.264382869188896,224.90367134063834,16.27258362680513,99.0,P48
449,2458596.7282755002,g,25.264382869188896,224.90367134063834,16.27258362680513,99.0,P48
450,2458597.7728588,g,5.791643905057886,305.2150437203403,15.94106014986736,99.0,P48
451,2458598.7537963,g,8.514653061657153,197.72840486989378,16.41240233216136,99.0,P48
452,2458600.7126678,g,20.598774506577755,207.65697580101212,16.35920867689965,99.0,P48
453,2458600.7126678,g,20.598774506577755,207.65697580101212,16.35920867689965,99.0,P48
454,2458601.7366319,g,8.568464841516153,255.58841577911747,16.133722073945766,99.0,P48
455,2458609.7116667004,g,14.864048241060006,278.8337010902387,16.039211830722437,99.0,P48
456,2458612.7545948997,g,-1.3121911684544154,238.44467029277493,16.209105940303033,99.0,P48
457,2458619.7516551004,g,-41.132191947251776,746.9927617739414,14.96928400515983,99.0,P48
458,2458628.6921991003,g,14.102035612427363,182.383041034943,16.500113857130714,99.0,P48
459,2458628.6921991003,g,14.102035612427363,182.383041034943,16.500113857130714,99.0,P48
460,2458633.7286806,g,-4.083624940597631,241.14671608117465,16.196871608892927,99.0,P48
461,2458634.7157986,g,7.237790222077316,272.4068081213754,16.064530095479917,99.0,P48
462,2458635.6933449,g,32.10433150584763,256.29044800356024,16.13074393855156,99.0,P48
463,2458636.74918985,g,22.762323504078154,215.93737856046894,16.316755427123738,99.0,P48
464,2458636.74918985,g,22.762323504078154,215.93737856046894,16.316755427123738,99.0,P48
465,2458637.7145139,g,-6.640200749872941,270.7396281566162,16.071195418904818,99.0,P48
466,2458638.7057523,g,12.520614940207114,340.74215168117377,15.821510335382625,99.0,P48
467,2458639.7291667005,g,19.956807375205585,271.8508336926082,16.066748316152726,99.0,P48
468,2458642.6983332997,g,21.718175100633783,305.6653144635403,15.939459589856483,99.0,P48
469,2458646.6899421,g,-14.309596393841174,644.691739716237,15.12919472482592,99.0,P48
470,2458649.6748032,g,17.707366082100847,515.7119770844103,15.371556944813873,99.0,P48
471,2458658.7057523,g,1.396462404348514,314.99733244973953,15.906807799188044,99.0,P48
472,2458661.7280671,g,19.796420688727952,344.79826901460126,15.808662296969201,99.0,P48
473,2458670.70625,g,15.735500292568494,398.86043717912037,15.650522586821694,99.0,P48
474,2458676.6745139,g,6.394191362959359,470.0185831813488,15.472287416588902,99.0,P48
475,2458677.6742245,g,-2.161396519348401,528.3033932146075,15.345366488897046,99.0,P48
476,2458679.6739699,g,16.00723020800696,481.77963258204363,15.445453898946644,99.0,P48
477,2458686.6782986,g,-13.603554620701926,369.5221603317333,15.733473768522266,99.0,P48
478,2458692.7013542005,g,-15.15169069596874,594.0687108349442,15.217983291645162,99.0,P48
479,2458805.0146181,g,-58.254075821251,653.380304030566,15.114659892537173,99.0,P48
480,2458829.0478241,g,-33.014914554190604,634.2097681531584,15.146992672201495,99.0,P48
481,2458832.0484722,g,-11.549990158069066,446.2758415039532,15.528566545224107,99.0,P48
482,2458834.0653472,g,23.789794520961358,859.8168941695235,14.81656005383775,99.0,P48
483,2458838.0468171,g,5.347261206774426,558.5837720188123,15.284854203108106,99.0,P48
484,2458847.0461806,g,38.061757189174564,299.94935954025993,15.959955141766217,99.0,P48
485,2458850.0031828997,g,16.753493630787258,279.33293156925623,16.03726964099482,99.0,P48
486,2458855.9588079,g,625.8589009166714,409.5597804068221,15.62178173548202,99.0,P48
487,2458857.0417361,g,1413.1627364764552,440.7402758983943,16.024585179649232,0.3385481071207669,P48
488,2458860.029436733,g,4361.858937300328,392.7254411648119,14.80088658136184,0.09773435420822069,P48
489,2458860.029436733,g,4361.858937300328,392.7254411648119,14.80088658136184,0.09773435420822069,P48
490,2458860.029436733,g,4361.858937300328,392.7254411648119,14.80088658136184,0.09773435420822069,P48
491,2458861.97918405,g,7279.723967395653,716.6762609528682,14.244778342169164,0.10686560160091531,P48
492,2458861.97918405,g,7279.723967395653,716.6762609528682,14.244778342169164,0.10686560160091531,P48
493,2458862.9797569,g,8611.522235185359,948.4247951831611,14.06236580406986,0.11955088624922552,P48
494,2458867.0543633997,g,8115.462810098241,549.8963557905641,14.126782392548042,0.07355248963348172,P48
495,2458867.0543633997,g,8115.462810098241,549.8963557905641,14.126782392548042,0.07355248963348172,P48
496,2458867.9403356,g,7223.918952670637,762.9889730645945,14.2531334601528,0.11465030763605506,P48
497,2458871.96096065,g,3674.5721806029287,414.255917549852,14.98704866537729,0.12237473545194615,P48
498,2458871.96096065,g,3674.5721806029287,414.255917549852,14.98704866537729,0.12237473545194615,P48
499,2458873.89608215,g,2798.497998538243,366.82507182278374,15.282753120684301,0.142286546451568,P48
500,2458873.89608215,g,2798.497998538243,366.82507182278374,15.282753120684301,0.142286546451568,P48
501,2458875.95653935,g,1992.562898291624,336.56294694803574,15.651535523649088,0.1833513407407745,P48
502,2458875.95653935,g,1992.562898291624,336.56294694803574,15.651535523649088,0.1833513407407745,P48
503,2458876.951169,g,1856.4656968256293,310.7446744331999,15.728348300074844,0.18169651325850544,P48
504,2458876.951169,g,1856.4656968256293,310.7446744331999,15.728348300074844,0.18169651325850544,P48
505,2458877.9608623,g,1622.6546974529454,337.20317809110713,15.874500343890062,0.22557729034553958,P48
506,2458877.9608623,g,1622.6546974529454,337.20317809110713,15.874500343890062,0.22557729034553958,P48
507,2458878.998256167,g,1439.1674200203872,262.74851362625066,16.004787325137634,0.19817952211373346,P48
508,2458878.998256167,g,1439.1674200203872,262.74851362625066,16.004787325137634,0.19817952211373346,P48
509,2458878.998256167,g,1439.1674200203872,262.74851362625066,16.004787325137634,0.19817952211373346,P48
510,2458880.9609375,g,1290.469679952633,415.52161778626987,16.12319610954387,0.3495229086851167,P48
511,2458881.9680825337,g,1182.545853876729,215.2154893608624,16.21802064791291,0.19755378866312337,P48
512,2458881.9680825337,g,1182.545853876729,215.2154893608624,16.21802064791291,0.19755378866312337,P48
513,2458881.9680825337,g,1182.545853876729,215.2154893608624,16.21802064791291,0.19755378866312337,P48
514,2458883.9582523,g,962.3465595797478,357.39882116439156,15.769692199895964,99.0,P48
515,2458883.9582523,g,962.3465595797478,357.39882116439156,15.769692199895964,99.0,P48
516,2458884.94095485,g,927.4426777593447,324.0366106129975,15.876089787031018,99.0,P48
517,2458884.94095485,g,927.4426777593447,324.0366106129975,15.876089787031018,99.0,P48
518,2458885.9341609,g,916.5662307812387,385.8717784306729,15.686467447499668,99.0,P48
519,2458885.9341609,g,916.5662307812387,385.8717784306729,15.686467447499668,99.0,P48
520,2458886.9592418997,g,928.4246825178187,313.55376718810146,15.911794931738122,99.0,P48
521,2458886.9592418997,g,928.4246825178187,313.55376718810146,15.911794931738122,99.0,P48
522,2458887.930721467,g,928.0029046242161,308.6856436080075,16.48119228340454,0.3610745876621778,P48
523,2458887.930721467,g,928.0029046242161,308.6856436080075,16.48119228340454,0.3610745876621778,P48
524,2458887.930721467,g,928.0029046242161,308.6856436080075,16.48119228340454,0.3610745876621778,P48
525,2458888.78559025,g,839.1109161492161,659.3034237374588,15.104861661599479,99.0,P48
526,2458888.78559025,g,839.1109161492161,659.3034237374588,15.104861661599479,99.0,P48
527,2458892.86431715,g,767.5294617813323,317.5707286454256,15.897973825408478,99.0,P48
528,2458892.86431715,g,767.5294617813323,317.5707286454256,15.897973825408478,99.0,P48
529,2458893.9599653,g,756.0772212133778,401.4322716822498,15.643544281473435,99.0,P48
530,2458894.85368055,g,761.2332853015645,268.19072069257527,16.081465620823344,99.0,P48
531,2458894.85368055,g,761.2332853015645,268.19072069257527,16.081465620823344,99.0,P48
532,2458895.893287067,g,744.7053529176169,202.96294112962588,16.72010443340958,0.295843546354341,P48
533,2458895.893287067,g,744.7053529176169,202.96294112962588,16.72010443340958,0.295843546354341,P48
534,2458895.893287067,g,744.7053529176169,202.96294112962588,16.72010443340958,0.295843546354341,P48
535,2458898.90563075,g,696.4827363768994,160.2785336863043,16.792789732044763,0.24980137945922226,P48
536,2458898.90563075,g,696.4827363768994,160.2785336863043,16.792789732044763,0.24980137945922226,P48
537,2458898.90563075,g,696.4827363768994,160.2785336863043,16.792789732044763,0.24980137945922226,P48
538,2458898.90563075,g,696.4827363768994,160.2785336863043,16.792789732044763,0.24980137945922226,P48
539,2458899.9066821,g,667.0390337646729,193.19806622553892,16.8396875005621,0.31439914348672005,P48
540,2458899.9066821,g,667.0390337646729,193.19806622553892,16.8396875005621,0.31439914348672005,P48
541,2458899.9066821,g,667.0390337646729,193.19806622553892,16.8396875005621,0.31439914348672005,P48
542,2458900.858225333,g,703.0772048977201,216.3770645072067,16.78255807850919,0.33407042908856865,P48
543,2458900.858225333,g,703.0772048977201,216.3770645072067,16.78255807850919,0.33407042908856865,P48
544,2458900.858225333,g,703.0772048977201,216.3770645072067,16.78255807850919,0.33407042908856865,P48
545,2458903.855979933,g,654.6429857159125,194.89983349840784,16.86005432499168,0.32317427037144103,P48
546,2458903.855979933,g,654.6429857159125,194.89983349840784,16.86005432499168,0.32317427037144103,P48
547,2458903.855979933,g,654.6429857159125,194.89983349840784,16.86005432499168,0.32317427037144103,P48
548,2458904.9588079,g,615.2820097455265,349.20241740908756,15.794881885369126,99.0,P48
549,2458905.7977469,g,599.9693703014766,262.43392675598847,16.10502504225537,99.0,P48
550,2458905.7977469,g,599.9693703014766,262.43392675598847,16.10502504225537,99.0,P48
551,2458905.7977469,g,599.9693703014766,262.43392675598847,16.10502504225537,99.0,P48
552,2458906.84282405,g,634.245090984118,252.22716928875113,16.148095324441066,99.0,P48
553,2458906.84282405,g,634.245090984118,252.22716928875113,16.148095324441066,99.0,P48
554,2458908.832739167,g,604.5560831235359,203.57937971556404,16.38074052220425,99.0,P48
555,2458908.832739167,g,604.5560831235359,203.57937971556404,16.38074052220425,99.0,P48
556,2458908.832739167,g,604.5560831235359,203.57937971556404,16.38074052220425,99.0,P48
557,2458909.77125,g,531.5094740687634,437.8266801347801,15.54931943183702,99.0,P48
558,2458909.77125,g,531.5094740687634,437.8266801347801,15.54931943183702,99.0,P48
559,2458911.8993866,g,517.3722243770553,343.29096663175443,15.813419050313016,99.0,P48
560,2458912.9094502,g,553.8760785826469,278.9898331964354,16.038604046093678,99.0,P48
561,2458912.9094502,g,553.8760785826469,278.9898331964354,16.038604046093678,99.0,P48
562,2458913.8138811667,g,565.7483620968911,228.34563612524227,16.256093198424765,99.0,P48
563,2458913.8138811667,g,565.7483620968911,228.34563612524227,16.256093198424765,99.0,P48
564,2458913.8138811667,g,565.7483620968911,228.34563612524227,16.256093198424765,99.0,P48
565,2458914.9351234664,g,533.5850531284585,251.1856849684688,16.152587775664554,99.0,P48
566,2458914.9351234664,g,533.5850531284585,251.1856849684688,16.152587775664554,99.0,P48
567,2458914.9351234664,g,533.5850531284585,251.1856849684688,16.152587775664554,99.0,P48
568,2458915.8756327336,g,512.1503768240982,309.275209507155,15.926712214739894,99.0,P48
569,2458915.8756327336,g,512.1503768240982,309.275209507155,15.926712214739894,99.0,P48
570,2458915.8756327336,g,512.1503768240982,309.275209507155,15.926712214739894,99.0,P48
571,2458936.796581767,g,312.17854230115125,173.03837283054636,16.55721893277431,99.0,P48
572,2458936.796581767,g,312.17854230115125,173.03837283054636,16.55721893277431,99.0,P48
573,2458936.796581767,g,312.17854230115125,173.03837283054636,16.55721893277431,99.0,P48
574,2458939.8376852,g,292.59582708569593,411.1980639793077,15.617447336090512,99.0,P48
575,2458940.87689235,g,294.0863397586712,364.2072424347712,15.749203544915616,99.0,P48
576,2458940.87689235,g,294.0863397586712,364.2072424347712,15.749203544915616,99.0,P48
577,2458941.8221026333,g,266.9092021995066,246.77953368628997,16.171802141029154,99.0,P48
578,2458941.8221026333,g,266.9092021995066,246.77953368628997,16.171802141029154,99.0,P48
579,2458941.8221026333,g,266.9092021995066,246.77953368628997,16.171802141029154,99.0,P48
580,2458954.7976157498,g,182.88150694926148,209.884193353355,16.347625657805253,99.0,P48
581,2458954.7976157498,g,182.88150694926148,209.884193353355,16.347625657805253,99.0,P48
582,2458955.8064429,g,188.84605561072507,169.5986648449551,16.57901891671598,99.0,P48
583,2458955.8064429,g,188.84605561072507,169.5986648449551,16.57901891671598,99.0,P48
584,2458955.8064429,g,188.84605561072507,169.5986648449551,16.57901891671598,99.0,P48
585,2458962.7329745,g,167.44185906488056,268.82606098821225,16.078896567837695,99.0,P48
586,2458963.8117477,g,141.45232603049777,299.6874402165407,15.960903633622248,99.0,P48
587,2458965.7322917003,g,159.24989422323742,260.4701259803645,16.11318018893741,99.0,P48
588,2458967.7270486,g,143.810518587127,314.3989455221089,15.908872287238804,99.0,P48
589,2458968.7980787004,g,115.40409088526813,295.5817163127323,15.975881072752768,99.0,P48
590,2458971.7760648,g,136.3698344607827,391.95306173844693,15.669489835948966,99.0,P48
591,2458974.7084491,g,110.40285090707502,545.7517079441212,15.31008723036209,99.0,P48
592,2458977.6723032002,g,43.80017535782411,667.9267438310779,15.090752906678187,99.0,P48
593,2458980.6904861,g,77.0807306639517,233.2334962244443,16.233097682896428,99.0,P48
594,2458986.7241088,g,59.18345882802411,276.65708516251743,16.04772049682408,99.0,P48
595,2458991.6692014,g,64.13805862776388,284.0432792206057,16.019113694547073,99.0,P48
596,2458994.7320717997,g,43.31645686021394,243.53175967772074,16.186185972066212,99.0,P48
597,2458997.7039931,g,54.869799689706916,295.4140069049352,15.976497280869538,99.0,P48
598,2459004.6922106002,g,28.48871485831784,464.40082780466497,15.485342526143281,99.0,P48
599,2459009.7333565,g,1.3066204383460756,363.1346291940399,15.752405824115568,99.0,P48
600,2459014.7017477,g,17.538391722185757,261.12559189359905,16.110451395647083,99.0,P48
601,2459020.6987269,g,28.006973386211182,280.1714057042244,16.034015466376534,99.0,P48
602,2459023.7153472,g,20.155180829913533,320.6630434094813,15.887452713817998,99.0,P48
603,2459026.7177083,g,61.155624586097126,532.2343413299604,15.337317756458164,99.0,P48
604,2459032.6975578996,g,6.9214701109005246,497.0352257018774,15.411607066693701,99.0,P48
605,2459037.7350926003,g,8.72921122495388,813.2030101902486,14.87707754522566,99.0,P48
606,2459040.7153472,g,-15.046268414597264,425.1264556339414,15.581279659238433,99.0,P48
607,2458214.8648264,i,-149.67291654337137,8456.824214079556,12.334556730864564,99.0,P48
608,2458232.7955092997,i,-35.36085915454704,1795.2564306829481,14.01725876150288,99.0,P48
609,2458249.8094097,i,77.71964956966326,3967.137814360495,13.15638176994037,99.0,P48
610,2458254.6545486,i,23.053052059287328,1676.6964982969428,14.091438845828495,99.0,P48
611,2458257.7061227,i,39.411172138670516,1532.079876078806,14.189371468810203,99.0,P48
612,2458261.7578241,i,-32.18700782522902,2428.5003339539476,13.689229570332863,99.0,P48
613,2458266.7140393998,i,-30.64781525590908,2377.302661592555,13.71236379767933,99.0,P48
614,2458278.673206,i,-19.44404054793166,1503.905591769083,14.20952355387434,99.0,P48
615,2458283.6793633997,i,24.045020034540567,1894.731782784869,13.958705638757099,99.0,P48
616,2458292.6762384,i,32.399441939523285,1998.4322349290965,13.9008514234006,99.0,P48
617,2458547.9377546003,i,54.2536472022956,2455.0812093867785,13.6774103333432,99.0,P48
618,2458556.9165046,i,-68.52650770004003,3177.8282321978854,13.39724894155099,99.0,P48
619,2458558.8010532,i,-28.81152811745023,2705.80617771391,13.571833279167521,99.0,P48
620,2458560.7988194,i,28.42364050189124,2330.8692946890374,13.733780187154775,99.0,P48
621,2458567.8358681,i,-218.85319370504357,3856.9096008709844,13.186976339430023,99.0,P48
622,2458573.8540046,i,1.1298290911074536,2997.539298422128,13.460662775390785,99.0,P48
623,2458581.7755092997,i,-17.40551555461886,1788.9118643641566,14.021102628187576,99.0,P48
624,2458585.7329514,i,-20.784838973595292,1609.8563970715743,14.13560714495131,99.0,P48
625,2458594.8094792003,i,-13.541870860891756,2982.7195212283154,13.466043947700697,99.0,P48
626,2458596.8585532,i,0.6790206567894257,1842.8143257139614,13.988871039853535,99.0,P48
627,2458605.7073843,i,-11.79976616328132,1701.7901463581386,14.07530997742914,99.0,P48
628,2458639.6915278,i,7.220557245323263,1314.4145026348517,14.355744133520883,99.0,P48
629,2458643.7285185,i,-9.639906159091868,1796.916911363501,14.016254999184685,99.0,P48
630,2458652.7501967996,i,-61.491439059501175,2166.9911394123915,13.812932150306846,99.0,P48
631,2458820.0342534753,i,38.54178150869791,1916.8318003950199,13.946114974785807,99.0,P48
632,2458820.0342534753,i,38.54178150869791,1916.8318003950199,13.946114974785807,99.0,P48
633,2458820.0342534753,i,38.54178150869791,1916.8318003950199,13.946114974785807,99.0,P48
634,2458820.0342534753,i,38.54178150869791,1916.8318003950199,13.946114974785807,99.0,P48
635,2458830.9690567,i,-2.046266502153746,845.2382256484694,14.835127165000555,99.0,P48
636,2458830.9690567,i,-2.046266502153746,845.2382256484694,14.835127165000555,99.0,P48
637,2458831.9713831167,i,-4.630546514228695,783.1050318403601,14.918024952822314,99.0,P48
638,2458831.9713831167,i,-4.630546514228695,783.1050318403601,14.918024952822314,99.0,P48
639,2458831.9713831167,i,-4.630546514228695,783.1050318403601,14.918024952822314,99.0,P48
640,2458831.9713831167,i,-4.630546514228695,783.1050318403601,14.918024952822314,99.0,P48
641,2458831.9713831167,i,-4.630546514228695,783.1050318403601,14.918024952822314,99.0,P48
642,2458831.9713831167,i,-4.630546514228695,783.1050318403601,14.918024952822314,99.0,P48
643,2458836.0323148,i,20.410950907292296,709.7363541166177,15.024832361081824,99.0,P48
644,2458836.0323148,i,20.410950907292296,709.7363541166177,15.024832361081824,99.0,P48
645,2458836.0323148,i,20.410950907292296,709.7363541166177,15.024832361081824,99.0,P48
646,2458836.0323148,i,20.410950907292296,709.7363541166177,15.024832361081824,99.0,P48
647,2458836.0323148,i,20.410950907292296,709.7363541166177,15.024832361081824,99.0,P48
648,2458837.0285301,i,-46.630250735806854,1204.2977211942414,14.450740327735499,99.0,P48
649,2458837.0285301,i,-46.630250735806854,1204.2977211942414,14.450740327735499,99.0,P48
650,2458837.0285301,i,-46.630250735806854,1204.2977211942414,14.450740327735499,99.0,P48
651,2458838.0237384,i,-25.06142856526806,2010.1490668054687,13.894504327585638,99.0,P48
652,2458839.0239815,i,-29.165452759809277,2430.777124796848,13.688212137411742,99.0,P48
653,2458855.90173035,i,30.393091173824832,1334.4227415583655,14.339341402386474,99.0,P48
654,2458855.90173035,i,30.393091173824832,1334.4227415583655,14.339341402386474,99.0,P48
655,2458859.9126852,i,4060.8533613272175,3111.386440531736,13.420190102365586,99.0,P48
656,2458861.90773145,i,6133.582910421423,2063.2964869666566,13.866170892322314,99.0,P48
657,2458861.90773145,i,6133.582910421423,2063.2964869666566,13.866170892322314,99.0,P48
658,2458863.01313655,i,7760.55509822547,1659.873792397012,14.175333655646371,0.23217321168932292,P48
659,2458863.01313655,i,7760.55509822547,1659.873792397012,14.175333655646371,0.23217321168932292,P48
660,2458866.9758796003,i,9464.219410892192,1826.9801978970474,13.959853622101104,0.20954575530390093,P48
661,2458866.9758796003,i,9464.219410892192,1826.9801978970474,13.959853622101104,0.20954575530390093,P48
662,2458868.0348843,i,9541.97937872601,1678.2674857992768,13.950969438118586,0.19092048761882208,P48
663,2458868.0348843,i,9541.97937872601,1678.2674857992768,13.950969438118586,0.19092048761882208,P48
664,2458871.9721990502,i,7588.122586692915,1747.5494583420218,14.19972977644868,0.24999134046106747,P48
665,2458871.9721990502,i,7588.122586692915,1747.5494583420218,14.19972977644868,0.24999134046106747,P48
666,2458872.98420715,i,7419.040583739896,1652.188107591396,14.224196255354167,0.24173613428144802,P48
667,2458872.98420715,i,7419.040583739896,1652.188107591396,14.224196255354167,0.24173613428144802,P48
668,2458873.9713831,i,6567.25737091883,1477.4241486153362,14.35660553071065,0.24420299414846386,P48
669,2458873.9713831,i,6567.25737091883,1477.4241486153362,14.35660553071065,0.24420299414846386,P48
670,2458875.89625,i,5211.287871354304,1580.3559372697002,14.607702961679887,0.3291847259745494,P48
671,2458875.89625,i,5211.287871354304,1580.3559372697002,14.607702961679887,0.3291847259745494,P48
672,2458876.9520023502,i,4762.873790272959,1206.1341681062215,14.70539293866609,0.2748883756175009,P48
673,2458876.9520023502,i,4762.873790272959,1206.1341681062215,14.70539293866609,0.2748883756175009,P48
674,2458877.93125,i,4251.563819299253,1368.9100318399305,14.828693865878599,0.3495071231947685,P48
675,2458877.93125,i,4251.563819299253,1368.9100318399305,14.828693865878599,0.3495071231947685,P48
676,2458878.9512211,i,3896.245178740146,1467.4647292163927,14.236155809915807,99.0,P48
677,2458878.9512211,i,3896.245178740146,1467.4647292163927,14.236155809915807,99.0,P48
678,2458879.9311921,i,3491.3559070147053,2038.752023168045,13.879163976601621,99.0,P48
679,2458879.9311921,i,3491.3559070147053,2038.752023168045,13.879163976601621,99.0,P48
680,2458880.8993808003,i,3307.866588325516,1068.3490220157335,15.101195658716417,0.35058634694972074,P48
681,2458880.8993808003,i,3307.866588325516,1068.3490220157335,15.101195658716417,0.35058634694972074,P48
682,2458881.9190741004,i,3009.319677605024,1223.2600178010084,14.433778036484092,99.0,P48
683,2458881.9190741004,i,3009.319677605024,1223.2600178010084,14.433778036484092,99.0,P48
684,2458883.8534375,i,2535.801567906381,2089.8843919214887,13.852269332900542,99.0,P48
685,2458884.88712965,i,2401.326854470637,1385.9532193489981,14.298203560154219,99.0,P48
686,2458884.88712965,i,2401.326854470637,1385.9532193489981,14.298203560154219,99.0,P48
687,2458885.8984375,i,2304.8666061658723,2026.4067271254319,13.885758442845496,99.0,P48
688,2458886.8996991003,i,2269.275368193906,1546.3118669937464,14.179332267055301,99.0,P48
689,2458887.8121758997,i,2251.675695146459,1834.1511044518456,13.993987209998364,99.0,P48
690,2458888.8986342996,i,2080.2586466640832,1894.2629876935318,13.958974305164263,99.0,P48
691,2458892.9289757004,i,1834.288075648222,1106.8178738099784,14.542384579480334,99.0,P48
692,2458892.9289757004,i,1834.288075648222,1106.8178738099784,14.542384579480334,99.0,P48
693,2458893.9179977,i,1726.0129323670728,1464.5627954804115,14.238304995435536,99.0,P48
694,2458894.9085822003,i,1675.85205519461,1065.5852159073668,14.583604523160435,99.0,P48
695,2458894.9085822003,i,1675.85205519461,1065.5852159073668,14.583604523160435,99.0,P48
696,2458895.8249073997,i,1651.6155221432534,1049.5401588358332,14.600077337254264,99.0,P48
697,2458895.8249073997,i,1651.6155221432534,1049.5401588358332,14.600077337254264,99.0,P48
698,2458896.86676505,i,1539.0599312925185,1009.2829911997675,14.64254260308998,99.0,P48
699,2458896.86676505,i,1539.0599312925185,1009.2829911997675,14.64254260308998,99.0,P48
700,2458904.8679455994,i,1278.1982704697232,892.8836613149678,14.775587799218552,99.0,P48
701,2458904.8679455994,i,1278.1982704697232,892.8836613149678,14.775587799218552,99.0,P48
702,2458905.8590972,i,1100.8748647343511,2275.9862852810425,13.759650887300424,99.0,P48
703,2458906.8997743004,i,1147.933958997229,879.3731330776625,14.792142007244685,99.0,P48
704,2458906.8997743004,i,1147.933958997229,879.3731330776625,14.792142007244685,99.0,P48
705,2458907.8387963,i,931.9664805696976,6101.211589293105,12.689034772823467,99.0,P48
706,2458908.8902893504,i,1104.7694286107144,878.9589146731558,14.792653551042507,99.0,P48
707,2458908.8902893504,i,1104.7694286107144,878.9589146731558,14.792653551042507,99.0,P48
708,2458909.8612963,i,1065.309623277662,2381.407281473501,13.710490796143183,99.0,P48
709,2458911.8248553,i,978.1123071439628,1213.8896847723681,14.442126936791887,99.0,P48
710,2458911.8248553,i,978.1123071439628,1213.8896847723681,14.442126936791887,99.0,P48
711,2458912.8482465,i,1017.5540227603958,915.1853165740927,14.748802380178105,99.0,P48
712,2458912.8482465,i,1017.5540227603958,915.1853165740927,14.748802380178105,99.0,P48
713,2458913.87954285,i,1004.9254101050329,1001.4083343038343,14.651046985335602,99.0,P48
714,2458913.87954285,i,1004.9254101050329,1001.4083343038343,14.651046985335602,99.0,P48
715,2458914.8042766,i,997.1689018013058,1266.2264316507863,14.396296551924735,99.0,P48
716,2458914.8042766,i,997.1689018013058,1266.2264316507863,14.396296551924735,99.0,P48
717,2458915.8033044003,i,962.0945729666121,1162.617184867525,14.488983144015403,99.0,P48
718,2458915.8033044003,i,962.0945729666121,1162.617184867525,14.488983144015403,99.0,P48
719,2458936.8157755,i,472.1259060031711,1091.766240598719,14.557250836657627,99.0,P48
720,2458940.7866956,i,373.2056430333139,8578.084954653159,12.31909913155947,99.0,P48
721,2458940.7866956,i,373.2056430333139,8578.084954653159,12.31909913155947,99.0,P48
722,2458941.8032465503,i,423.17159920551245,843.8235467546058,14.8369458888358,99.0,P48
723,2458941.8032465503,i,423.17159920551245,843.8235467546058,14.8369458888358,99.0,P48
724,2458954.83066555,i,282.09847573524,1161.9858552978183,14.489572885468869,99.0,P48
725,2458954.83066555,i,282.09847573524,1161.9858552978183,14.489572885468869,99.0,P48
726,2458955.8558796505,i,313.62745386771775,1364.5627774079476,14.31509118814717,99.0,P48
727,2458955.8558796505,i,313.62745386771775,1364.5627774079476,14.31509118814717,99.0,P48
728,2458964.796412,i,267.7551863520728,1841.7097745855372,13.989522006520282,99.0,P48
729,2458968.8272801004,i,198.47469934789828,1798.5642633617829,14.015260089327143,99.0,P48
730,2458972.7985532,i,217.23907899266686,2709.026211126573,13.57054197150822,99.0,P48
731,2458977.7835764,i,215.50161027326138,7120.334186250263,12.521324045854866,99.0,P48
732,2459023.756412,i,55.24734598159752,2406.7803142626667,13.698983862618283,99.0,P48
733,2459029.684838,i,-7.8254735934883835,1992.8819452720452,13.903871057556088,99.0,P48
734,2459043.6854977002,i,-89.23309740290401,2049.3067107236266,13.873557583632348,99.0,P48
735,2459047.6853704,i,-14.502585692454353,1399.31420258762,14.287786883900967,99.0,P48
736,2459052.6951505,i,95.84637402276822,3155.529661040395,13.404894322237563,99.0,P48
737,2458856.9344,i,1360.452494802204,37.59194514512859,16.06579154651774,0.03,P60+SEDM
738,2458856.9511,UVW1,349.9451670283577,80.58053952020762,17.54,0.25,Swift+UVOT
739,2458856.9525,u,973.39138124527,125.51790860674018,16.429281258684618,0.14,Swift+UVOT
740,2458856.9535,B,1180.320635651731,163.0727598303027,16.22,0.15,Swift+UVOT
741,2458856.9559,UVW2,235.5049283896014,71.5820451032223,17.97,0.33,Swift+UVOT
742,2458856.9583,V,1527.566058238073,281.3974501681999,15.94,0.2,Swift+UVOT
743,2458856.9631,UVM2,197.6969640111862,61.91117966639339,18.16,0.34,Swift+UVOT
744,2458859.5492,g,4518.292888932484,249.69841884125358,14.762564050668201,0.06,LCOGT1m+SBIG
745,2458859.55,i,3324.1711912884352,61.235538201868565,15.095791546517743,0.02,LCOGT1m+SBIG
746,2458859.5506,r,3730.414641040321,68.719068638488,14.970607232604596,0.02,LCOGT1m+SBIG
747,2458859.5513,u,1368.6345416093066,151.27212396897554,16.05928125868462,0.12,LCOGT1m+SBIG
748,2458861.5437,g,8298.018137002675,611.4409606338896,14.102564050668201,0.08,LCOGT1m+SBIG
749,2458861.5444,i,5993.53963154734,220.81752349810588,14.455791546517743,0.04,LCOGT1m+SBIG
750,2458861.5452,r,7240.309094360481,200.06380476265488,14.250607232604597,0.03,LCOGT1m+SBIG
751,2458861.5459,u,3501.7690224931453,354.7891613468232,15.039281258684621,0.11,LCOGT1m+SBIG
752,2458867.929,i,9499.120160785262,87.49304744206742,13.955791546517743,0.01,P60+SEDM
753,2458869.2392,g,6179.799426677698,170.75986257744395,14.422564050668202,0.03,LCOGT1m+SBIG
754,2458869.24,i,8906.014161975922,164.06031430369202,14.025791546517743,0.02,LCOGT1m+SBIG
755,2458869.2406,r,10180.218676060867,187.5328115696945,13.880607232604596,0.02,LCOGT1m+SBIG
756,2458869.2414,u,921.0590974874508,67.86840545177863,16.48928125868462,0.08,LCOGT1m+SBIG
757,2458873.5142,g,3184.0096823942645,117.30716339299121,15.142564050668202,0.04,LCOGT1m+SBIG
758,2458873.515,i,5938.590529917931,218.79305627403264,14.465791546517742,0.04,LCOGT1m+SBIG
759,2458873.5157,r,6978.420045153225,64.27576720229553,14.290607232604597,0.01,LCOGT1m+SBIG
760,2458875.5056,g,2371.233815705261,131.04359302046205,15.462564050668202,0.06,LCOGT1m+SBIG
761,2458875.5064,i,5416.058933781509,199.54163889772528,14.565791546517742,0.04,LCOGT1m+SBIG
762,2458875.5071,r,5492.336115261724,202.35188782395593,14.550607232604596,0.04,LCOGT1m+SBIG
763,2458877.1844,g,1832.2063321178573,50.627420064046895,15.742564050668202,0.03,LCOGT1m+SBIG
764,2458877.1851,i,4146.516342534519,76.3842008388048,14.855791546517743,0.02,LCOGT1m+SBIG
765,2458877.1859,r,4322.720015107077,119.44515101152464,14.810607232604596,0.03,LCOGT1m+SBIG
766,2458879.1763,g,1523.96284824054,42.11005383367063,15.942564050668203,0.03,LCOGT1m+SBIG
767,2458879.177,i,3448.9220700053693,63.53361094234814,15.055791546517742,0.02,LCOGT1m+SBIG
768,2458879.1777,r,3402.178587920754,62.67253546874374,15.070607232604598,0.02,LCOGT1m+SBIG
769,2458881.2329,g,1267.5770856729202,46.700822904040535,16.142564050668202,0.04,LCOGT1m+SBIG
770,2458881.2336,i,2689.5732790383927,49.54542284311306,15.325791546517742,0.02,LCOGT1m+SBIG
771,2458881.2343,r,2702.4465119598412,74.6738466968732,15.320607232604598,0.03,LCOGT1m+SBIG
772,2458883.4832,g,1145.445366370784,63.301761059452,16.2525640506682,0.06,LCOGT1m+SBIG
773,2458883.4839,i,2452.9199837250285,180.74385069356384,15.425791546517743,0.08,LCOGT1m+SBIG
774,2458883.4846,r,2464.660511686945,317.81566881843264,15.420607232604597,0.14,LCOGT1m+SBIG
775,2458885.4779,g,979.432204211656,72.16963833188954,16.422564050668203,0.08,LCOGT1m+SBIG
776,2458885.4786,i,2408.14914841466,155.2642906779278,15.445791546517743,0.07,LCOGT1m+SBIG
777,2458885.4793,r,2206.7701812059254,142.28047589980176,15.540607232604597,0.07,LCOGT1m+SBIG
778,2458889.4668,g,814.6562237144891,67.53160185530442,16.622564050668203,0.09,LCOGT1m+SBIG
779,2458889.4675,i,1666.0321634653237,46.03570498660745,15.845791546517743,0.03,LCOGT1m+SBIG
780,2458889.4683,r,1555.0956514991901,57.29375155196426,15.920607232604597,0.04,LCOGT1m+SBIG
781,2458893.4612,g,944.0051850911947,86.94899006090031,16.462564050668202,0.1,LCOGT1m+SBIG
782,2458893.4619,i,1347.9797913590844,62.07883353408327,16.075791546517742,0.05,LCOGT1m+SBIG
783,2458893.4626,r,1354.4316913548287,74.85115730062606,16.070607232604594,0.06,LCOGT1m+SBIG
784,2458895.205,g,935.3504935327674,60.30628584995276,16.4725640506682,0.07,LCOGT1m+SBIG
785,2458895.2057,i,1411.5081217277925,104.00723011718098,16.02579154651774,0.08,LCOGT1m+SBIG
786,2458895.2064,r,1329.7105269486813,48.989979808369945,16.090607232604594,0.04,LCOGT1m+SBIG
787,2458901.4813,g,853.0497886987827,47.142845465530954,16.572564050668202,0.06,LCOGT1m+SBIG
788,2458901.482,i,1032.0087544494588,28.516406588821738,16.36579154651774,0.03,LCOGT1m+SBIG
789,2458901.4827,r,999.4408744716386,55.232985602190574,16.400607232604596,0.06,LCOGT1m+SBIG
790,2458903.5893,g,853.0497886987827,86.42855002014008,16.572564050668202,0.11,LCOGT1m+SBIG
791,2458903.5901,i,985.5607092084488,63.54356603536098,16.41579154651774,0.07,LCOGT1m+SBIG
792,2458903.5908,r,999.4408744716386,27.616492801095287,16.400607232604596,0.03,LCOGT1m+SBIG
793,2458905.4482,g,617.9799426677693,22.76798167699251,16.922564050668203,0.04,LCOGT1m+SBIG
794,2458921.0219,g,415.8860754673296,38.30580044831257,17.352564050668203,0.1,LCOGT1m+SBIG
795,2458921.0236,i,522.0154794036531,28.84860344866831,17.10579154651774,0.06,LCOGT1m+SBIG
796,2458921.0251,r,624.8231427635216,86.32538584740557,16.910607232604594,0.15,LCOGT1m+SBIG
797,2458923.4757,g,368.9558321737149,16.99161058182347,17.482564050668202,0.05,LCOGT1m+SBIG
798,2458923.4775,i,546.6173110080399,25.173496868750107,17.055791546517742,0.05,LCOGT1m+SBIG
799,2458923.4789,r,580.4396973095123,16.038676355609624,16.990607232604596,0.03,LCOGT1m+SBIG
800,2458926.5618,g,342.74756629580116,25.2554161404293,17.5625640506682,0.08,LCOGT1m+SBIG
801,2458926.5635,i,561.931504554333,46.581777111439585,17.02579154651774,0.09,LCOGT1m+SBIG
802,2458926.565,r,465.3257724524209,42.85951666688965,17.230607232604594,0.1,LCOGT1m+SBIG
803,2458929.9734,g,339.60523772013113,34.40782550355938,17.572564050668202,0.11,LCOGT1m+SBIG
804,2458929.9752,i,471.7190132380045,73.86223841803516,17.215791546517742,0.17,LCOGT1m+SBIG
805,2458929.9766,r,432.27200151070775,75.64859564063228,17.310607232604596,0.19,LCOGT1m+SBIG
806,2458933.4168,g,304.0705640506989,25.206181048690155,17.692564050668203,0.09,LCOGT1m+SBIG
807,2458933.4186,i,790.1024007092183,65.4961923771112,16.65579154651774,0.09,LCOGT1m+SBIG
808,2458933.42,r,379.9768227234658,48.99765605718449,17.450607232604597,0.14,LCOGT1m+SBIG
809,2458948.4967,g,386.34418483897383,42.70176124221871,17.4325640506682,0.12,LT+IOO
810,2458948.4989,u,133.1335450715715,12.26246155213885,18.58928125868462,0.1,LT+IOO
811,2458948.5017,i,2196.2581261398755,40.45791887519343,15.545791546517743,0.02,LT+IOO
