,JD,Filter,Flux,eFlux,Mag,eMag,Telescope
0,2458320.9840856004,r,12.844115871286863,9.416684629347936,19.71782992448571,99.0,P48
1,2458323.98375,r,0.02588923355633634,3.500775936169476,20.7921642015356,99.0,P48
2,2458334.0014583,r,14.701335875540925,9.10140001134758,19.75480448351197,99.0,P48
3,2458336.9610532,r,-1.202112476691201,3.7376776758002133,20.72107037259427,99.0,P48
4,2458342.9803819,r,2.334290110107621,3.2314636364935794,20.87907680618229,99.0,P48
5,2458343.9800579,r,2.2143587301912087,3.3665383668268793,20.834616068463532,99.0,P48
6,2458345.9766667006,r,0.9433445885855282,2.809123180411589,21.031148030440363,99.0,P48
7,2458346.9383796,r,-1.1999009579510367,3.348956088215447,20.840301356478356,99.0,P48
8,2458347.9580671,r,1.6797938368839185,2.4093985128120687,21.19780339430993,99.0,P48
9,2458348.9223032002,r,-0.5911211220114133,2.4933169136129116,21.1606312813823,99.0,P48
10,2458350.0043808,r,2.060801510830988,2.026373444909011,21.385776275397873,99.0,P48
11,2458350.0043808,r,2.060801510830988,2.026373444909011,21.385776275397873,99.0,P48
12,2458353.0053183,r,2.2093552680298036,1.7975715314753884,21.515859535532485,99.0,P48
13,2458353.0053183,r,2.2093552680298036,1.7975715314753884,21.515859535532485,99.0,P48
14,2458353.9431886496,r,2.5892676052583856,1.9903159868608666,21.4052699106283,99.0,P48
15,2458353.9431886496,r,2.5892676052583856,1.9903159868608666,21.4052699106283,99.0,P48
16,2458354.9368634,r,5.411570378802023,4.628228815906897,20.489037934209797,99.0,P48
17,2458355.92734375,r,3.1748995932308053,2.713470050738068,21.06876240785286,99.0,P48
18,2458355.92734375,r,3.1748995932308053,2.713470050738068,21.06876240785286,99.0,P48
19,2458355.92734375,r,3.1748995932308053,2.713470050738068,21.06876240785286,99.0,P48
20,2458355.92734375,r,3.1748995932308053,2.713470050738068,21.06876240785286,99.0,P48
21,2458356.9479977,r,6.507540748967667,3.7793511230793273,20.70903188365164,99.0,P48
22,2458356.9479977,r,6.507540748967667,3.7793511230793273,20.70903188365164,99.0,P48
23,2458356.9479977,r,6.507540748967667,3.7793511230793273,20.70903188365164,99.0,P48
24,2458357.95845485,r,8.147788526981293,4.648218135039057,20.48435873727223,99.0,P48
25,2458357.95845485,r,8.147788526981293,4.648218135039057,20.48435873727223,99.0,P48
26,2458358.9595717997,r,7.772960075630723,6.500617408537501,20.12018847278855,99.0,P48
27,2458359.9588889,r,-3.0090244400398922,5.975650815489771,20.21161195980251,99.0,P48
28,2458361.0012731003,r,-3.6825117423818976,6.925354448899735,20.051469973966064,99.0,P48
29,2458362.9232118,r,3.5321603668744865,3.5778377976795896,20.768523369633463,99.0,P48
30,2458362.9232118,r,3.5321603668744865,3.5778377976795896,20.768523369633463,99.0,P48
31,2458365.9961053003,r,-2.38963000554081,2.0847044356930726,21.354963763003664,99.0,P48
32,2458365.9961053003,r,-2.38963000554081,2.0847044356930726,21.354963763003664,99.0,P48
33,2458366.9996065,r,1.3413033308987936,2.515306973892728,21.151097501830975,99.0,P48
34,2458367.9827198996,r,0.31636713671218025,2.440143485495943,21.184036577896165,99.0,P48
35,2458368.94033565,r,0.004519927421036225,1.7918848954031883,21.519299717609158,99.0,P48
36,2458368.94033565,r,0.004519927421036225,1.7918848954031883,21.519299717609158,99.0,P48
37,2458369.8985764,r,2.127252505729053,2.7978721832462656,21.035505312929452,99.0,P48
38,2458371.9410995496,r,-0.9563436209957581,1.6929599611412594,21.580958271473314,99.0,P48
39,2458371.9410995496,r,-0.9563436209957581,1.6929599611412594,21.580958271473314,99.0,P48
40,2458372.9841782004,r,3.5474188869013967,2.624801046286513,21.104834012923554,99.0,P48
41,2458374.8815567,r,0.9304436868024866,2.141184301670795,21.325939862547195,99.0,P48
42,2458374.8815567,r,0.9304436868024866,2.141184301670795,21.325939862547195,99.0,P48
43,2458375.9821758997,r,4.69592520253146,2.7521505114038636,21.0533945361772,99.0,P48
44,2458376.9183796,r,-2.4985579680499406,2.4424490839471322,21.183011191541453,99.0,P48
45,2458377.9307581,r,3.4956843612434807,1.9116739081574625,21.449040457549586,99.0,P48
46,2458377.9307581,r,3.4956843612434807,1.9116739081574625,21.449040457549586,99.0,P48
47,2458378.9335995,r,-1.170772076247781,2.837545091882607,21.020218059912338,99.0,P48
48,2458379.9217823995,r,1.277160748108213,2.6129119707335673,21.10976304278715,99.0,P48
49,2458380.9395891,r,3.5934468269051747,1.974208051492723,21.414092692218993,99.0,P48
50,2458380.9395891,r,3.5934468269051747,1.974208051492723,21.414092692218993,99.0,P48
51,2458382.871713,r,5.236491183197866,4.313170276632743,20.565583479928705,99.0,P48
52,2458383.8980265995,r,0.519666439069741,3.2030687284870485,20.888659345526904,99.0,P48
53,2458383.8980265995,r,0.519666439069741,3.2030687284870485,20.888659345526904,99.0,P48
54,2458385.0251505002,r,-5.346190248831372,3.7412577933836197,20.720030902848737,99.0,P48
55,2458385.8190046,r,-12.090818059315769,9.699239790542494,19.685730748265122,99.0,P48
56,2458386.8965779333,r,-6.758519149058569,4.385208689403268,20.547599324152436,99.0,P48
57,2458386.8965779333,r,-6.758519149058569,4.385208689403268,20.547599324152436,99.0,P48
58,2458386.8965779333,r,-6.758519149058569,4.385208689403268,20.547599324152436,99.0,P48
59,2458387.943912,r,-16.060124075321085,9.321283718045207,19.728885671453217,99.0,P48
60,2458389.81724535,r,2.9104607944561023,6.758031363207954,20.078024481780375,99.0,P48
61,2458389.81724535,r,2.9104607944561023,6.758031363207954,20.078024481780375,99.0,P48
62,2458397.8987847,r,6.45735988968703,2.940117352627572,20.981663325900435,99.0,P48
63,2458422.8522222,r,1.806899052516251,5.316770356299191,20.338455232838434,99.0,P48
64,2458424.815162,r,4.603427250328003,8.184382639705913,19.870110175416507,99.0,P48
65,2458425.8142593,r,3.3354555044597225,4.059218344071527,20.631468957888757,99.0,P48
66,2458428.7920949,r,1.0607545698796954,3.854636427332631,20.68761643594835,99.0,P48
67,2458429.831169,r,4.35256366875514,3.4244711759159623,20.81609120149667,99.0,P48
68,2458431.7927198997,r,3.480249889115563,6.1766538831809585,20.175691824748906,99.0,P48
69,2458432.8278935,r,14.38679456475667,5.835014970055155,20.23747005268634,99.0,P48
70,2458434.8121644,r,-1.2065999978661022,5.7737356976898475,20.248932740532894,99.0,P48
71,2458436.8484028,r,-40.507314818818095,21.140439051505492,18.839789982575088,99.0,P48
72,2458437.794022,r,-2.031010061229614,2.862978755564221,21.01052967566853,99.0,P48
73,2458437.794022,r,-2.031010061229614,2.862978755564221,21.01052967566853,99.0,P48
74,2458438.8356481004,r,-113.24735778175916,139.80110646588972,16.788798467464684,99.0,P48
75,2458439.8029167005,r,-122.74008474791539,67.62964510015313,17.577232218195647,99.0,P48
76,2458441.8081308,r,12.868177173253992,9.401641250128613,19.71956580099716,99.0,P48
77,2458441.8081308,r,12.868177173253992,9.401641250128613,19.71956580099716,99.0,P48
78,2458447.8444617996,r,-7.2776827994203845,5.957841809726196,20.214852569620604,99.0,P48
79,2458447.8444617996,r,-7.2776827994203845,5.957841809726196,20.214852569620604,99.0,P48
80,2458449.8421528,r,13.720380195569913,31.507980617046954,18.406523565085394,99.0,P48
81,2458450.8142882,r,-4.115559445804021,79.0191515816205,17.408244083142584,99.0,P48
82,2458450.8142882,r,-4.115559445804021,79.0191515816205,17.408244083142584,99.0,P48
83,2458455.8115741,r,2.2712009616854085,6.471813363110622,20.12501002811755,99.0,P48
84,2458456.736822925,r,1.1340612552186349,1.7543407493524528,21.54229011123887,99.0,P48
85,2458456.736822925,r,1.1340612552186349,1.7543407493524528,21.54229011123887,99.0,P48
86,2458456.736822925,r,1.1340612552186349,1.7543407493524528,21.54229011123887,99.0,P48
87,2458456.736822925,r,1.1340612552186349,1.7543407493524528,21.54229011123887,99.0,P48
88,2458457.6890394,r,4.53856278950729,5.97796140530999,20.211192222068497,99.0,P48
89,2458462.77314235,r,-15.334638864518485,8.24945628152238,19.861511675880934,99.0,P48
90,2458462.77314235,r,-15.334638864518485,8.24945628152238,19.861511675880934,99.0,P48
91,2458464.7729977,r,-0.7080377818042166,4.806155153777583,20.448080522354687,99.0,P48
92,2458466.7333391504,r,5.030670135724123,6.894116777278461,20.056378400379856,99.0,P48
93,2458466.7333391504,r,5.030670135724123,6.894116777278461,20.056378400379856,99.0,P48
94,2458468.7539005,r,-1.6946855384422415,4.060645452150192,20.631087310372507,99.0,P48
95,2458469.69234375,r,6.2780674846558915,7.010313821365684,20.038231339451297,99.0,P48
96,2458469.69234375,r,6.2780674846558915,7.010313821365684,20.038231339451297,99.0,P48
97,2458472.76329285,r,3.0908165962628,5.850420178952061,20.234607343250573,99.0,P48
98,2458472.76329285,r,3.0908165962628,5.850420178952061,20.234607343250573,99.0,P48
99,2458474.8081829,r,-17.825724903078413,11.129429235709365,19.536392758048688,99.0,P48
100,2458475.79394095,r,-2.0749776431260645,5.832826177744895,20.2378774032928,99.0,P48
101,2458475.79394095,r,-2.0749776431260645,5.832826177744895,20.2378774032928,99.0,P48
102,2458481.7959259,r,4.72040934697778,7.27285228370892,19.998313072005597,99.0,P48
103,2458486.6453819,r,8.244998758250805,4.882289246117414,20.431016226246264,99.0,P48
104,2458487.6199942,r,5.256402818199813,2.4161808040090134,21.194751415068033,99.0,P48
105,2458487.6199942,r,5.256402818199813,2.4161808040090134,21.194751415068033,99.0,P48
106,2458488.6252662004,r,6.901788765297332,4.640844236951372,20.486082508625053,99.0,P48
107,2458490.6876389,r,2.006731591754031,4.025400952910779,20.640552126490846,99.0,P48
108,2458491.6064756997,r,3.372470050170303,3.401954672108376,20.823253682300408,99.0,P48
109,2458491.6064756997,r,3.372470050170303,3.401954672108376,20.823253682300408,99.0,P48
110,2458492.6649768995,r,12.10959771376687,22.993649757200885,18.748555209572253,99.0,P48
111,2458493.6075926004,r,0.4647994061352569,4.4728122179912955,20.5261233252184,99.0,P48
112,2458494.6065856004,r,1.9383533558081942,3.707239650956777,20.72994833544024,99.0,P48
113,2458503.6267823996,r,-8.905435118047436,4.5374817999385755,20.510537748981818,99.0,P48
114,2458503.6267823996,r,-8.905435118047436,4.5374817999385755,20.510537748981818,99.0,P48
115,2458505.6101389,r,-4.540085737014124,6.871877774544577,20.059886423187884,99.0,P48
116,2458507.73921295,r,6.1193895457220036,5.969205473479335,20.212783667805127,99.0,P48
117,2458507.73921295,r,6.1193895457220036,5.969205473479335,20.212783667805127,99.0,P48
118,2458508.7128472,r,2.9162560254506515,7.551873661746931,19.957438199489317,99.0,P48
119,2458510.6105150497,r,-1.7024799757027154,4.272567303263026,20.575852707573553,99.0,P48
120,2458510.6105150497,r,-1.7024799757027154,4.272567303263026,20.575852707573553,99.0,P48
121,2458540.6114178,r,4.778125395068555,3.546896133643431,20.777953811922853,99.0,P48
122,2458540.6114178,r,4.778125395068555,3.546896133643431,20.777953811922853,99.0,P48
123,2458692.9868519,r,-4.241353759074508,3.9052004363698574,20.673466666241595,99.0,P48
124,2458693.9972801004,r,-0.03156778105875454,5.423591028176059,20.31685765505393,99.0,P48
125,2458695.98501735,r,-3.075554693085598,2.446993710566511,21.180992856411628,99.0,P48
126,2458695.98501735,r,-3.075554693085598,2.446993710566511,21.180992856411628,99.0,P48
127,2458698.9830787,r,4.000097959732631,4.011155290146163,20.644401299583507,99.0,P48
128,2458701.9808681,r,39.954417237090034,25.153237354325697,18.651090266710092,99.0,P48
129,2458711.9240162,r,1.2728934741369229,5.155266768494464,20.37194713029664,99.0,P48
130,2458711.9240162,r,1.2728934741369229,5.155266768494464,20.37194713029664,99.0,P48
131,2458712.9369907,r,-3.3240725969372216,7.635861170981592,19.9454299296492,99.0,P48
132,2458714.0030903,r,-1.3740450111068592,5.8684146068981695,20.23127301562893,99.0,P48
133,2458714.9210359,r,3.3290963140660743,5.388475265885138,20.32391025489906,99.0,P48
134,2458714.9210359,r,3.3290963140660743,5.388475265885138,20.32391025489906,99.0,P48
135,2458717.9799306,r,8.24082096245145,7.301316785423441,19.994072009724633,99.0,P48
136,2458724.9818171,r,1.0960250395773892,4.943806378675868,20.417421355357362,99.0,P48
137,2458728.015162,r,2.373506020844106,4.639860335958213,20.486312718934144,99.0,P48
138,2458730.9949537003,r,3.72033052344623,3.816742430366375,20.69834285680419,99.0,P48
139,2458735.9812268997,r,-0.3259751829353448,4.6462370012997445,20.484821591442433,99.0,P48
140,2458741.0246528,r,-0.4537752368338489,9.985609421252537,19.65413855169382,99.0,P48
141,2458741.9200462997,r,0.2695483358763849,10.77474498596341,19.571557488713644,99.0,P48
142,2458744.9185185,r,1.1521425755199999,10.776968650784095,19.57133344031988,99.0,P48
143,2458745.9650405003,r,9.53615945474554,5.216948109668649,20.359033696566517,99.0,P48
144,2458745.9650405003,r,9.53615945474554,5.216948109668649,20.359033696566517,99.0,P48
145,2458747.9387268997,r,2.8148066761916337,5.262702587580015,20.349552920863168,99.0,P48
146,2458748.8848785004,r,4.5757649123853215,3.018810337477643,20.95298541790921,99.0,P48
147,2458748.8848785004,r,4.5757649123853215,3.018810337477643,20.95298541790921,99.0,P48
148,2458750.9608681,r,-2.054466018170427,5.117470393012875,20.379936642302994,99.0,P48
149,2458758.0171181,r,-3.0348319902948733,4.394610544786508,20.54527400550724,99.0,P48
150,2458760.8293634,r,3.59647439682367,4.153643310810765,20.606501990967097,99.0,P48
151,2458763.8556366,r,-2.153922116564396,3.885393824871835,20.678987375139855,99.0,P48
152,2458766.9884722,r,2.2158755846399965,4.604636514726141,20.494586606345244,99.0,P48
153,2458769.8419212997,r,-6.3374609539360875,12.511204852954734,19.409327151418527,99.0,P48
154,2458772.857037,r,13.6997975526816,19.396878492354134,18.93324537601242,99.0,P48
155,2458773.8270544,r,4.2253243406492285,5.126835780583682,20.377951472586723,99.0,P48
156,2458773.8270544,r,4.2253243406492285,5.126835780583682,20.377951472586723,99.0,P48
157,2458775.8438618667,r,8.662193652124097,2.7763606983597042,21.55599590079236,0.3479187442698704,P48
158,2458775.8438618667,r,8.662193652124097,2.7763606983597042,21.55599590079236,0.3479187442698704,P48
159,2458775.8438618667,r,8.662193652124097,2.7763606983597042,21.55599590079236,0.3479187442698704,P48
160,2458776.8242071997,r,3.961116184478992,4.642696096940936,20.48564934812999,99.0,P48
161,2458776.8242071997,r,3.961116184478992,4.642696096940936,20.48564934812999,99.0,P48
162,2458777.9488947,r,-1.4016240243225186,5.851885840834616,20.234335375969003,99.0,P48
163,2458777.9488947,r,-1.4016240243225186,5.851885840834616,20.234335375969003,99.0,P48
164,2458778.8746412,r,-0.5912338582672443,5.937156938827837,20.218628666842235,99.0,P48
165,2458781.815544,r,29.936162024596168,14.85014396689808,19.22324832914702,99.0,P48
166,2458787.7896700995,r,0.22873976064415974,4.758328650111998,20.45893890226239,99.0,P48
167,2458787.7896700995,r,0.22873976064415974,4.758328650111998,20.45893890226239,99.0,P48
168,2458793.8613657,r,0.3872103123296535,5.525543674344777,20.29663744926188,99.0,P48
169,2458797.8337037005,r,1.7294581338974466,11.078951745563614,19.541328312153176,99.0,P48
170,2458800.7936921003,r,14.40230406971884,10.530051218834092,19.59649878009393,99.0,P48
171,2458803.7944792,r,2.77039714704905,8.191682255382085,19.869142243548122,99.0,P48
172,2458812.7299421,r,1.3650653661683456,3.837590192716951,20.692428500201586,99.0,P48
173,2458833.7290625,r,-1.4485818429295356,6.014651741677315,20.204548774079377,99.0,P48
174,2458837.7328472002,r,-9.354674588022254,4.988543883128583,20.407640496748364,99.0,P48
175,2458850.6262731003,r,17.36703828454309,24.231859137325905,18.691608149843074,99.0,P48
176,2458854.6272106003,r,22.27481891813436,9.866878741554633,19.66712551166554,99.0,P48
177,2458861.7077700333,r,8.494659414238184,4.789972576015895,20.45174242176084,99.0,P48
178,2458861.7077700333,r,8.494659414238184,4.789972576015895,20.45174242176084,99.0,P48
179,2458861.7077700333,r,8.494659414238184,4.789972576015895,20.45174242176084,99.0,P48
180,2458862.6987037,r,-2.180138060743438,5.0099048520746665,20.403001294557374,99.0,P48
181,2458872.6102431,r,4.691640658925995,5.235268060802938,20.35522767987876,99.0,P48
182,2458873.6488657002,r,-1.5148103687725671,3.619382353838816,20.755988827471946,99.0,P48
183,2458876.6167592998,r,115.6772516819004,6.899386761533098,18.74194571756437,0.06474293104956261,P48
184,2458878.6440741,r,81.39979530802546,9.120947050487116,19.123507340302066,0.12163160835771307,P48
185,2458881.6116087995,r,98.82634214233825,6.68451932354632,18.912883819461296,0.07342218247093214,P48
186,2458884.6267823996,r,58.04177160515706,11.605600225606965,19.490713972507823,0.2170484927751073,P48
187,2458886.6188078998,r,63.951600520205,7.268582851044976,19.38543707712612,0.12337528100358526,P48
188,2458887.6152661997,r,67.26163237065514,4.684160217653648,19.330647114814674,0.07559519055742342,P48
189,2458887.6152661997,r,67.26163237065514,4.684160217653648,19.330647114814674,0.07559519055742342,P48
190,2458891.6064005,r,31.690239171378778,5.740107360370265,20.14775183004819,0.19661847630703222,P48
191,2458894.6275926004,r,18.898540396031258,4.048812310085302,20.70899496402212,0.2325568890770291,P48
192,2458900.6638194,r,2.3459491091586187,11.604859431856282,19.490975278481034,99.0,P48
193,2458905.6099769,r,13.815862706978193,11.054295509157692,19.543747313694574,99.0,P48
194,2459062.999375,r,3.411697892523396,3.3240823145068443,20.848395564877457,99.0,P48
195,2459064.9423727,r,-0.3186272638958936,4.114586129647901,20.616759594815107,99.0,P48
196,2459064.9423727,r,-0.3186272638958936,4.114586129647901,20.616759594815107,99.0,P48
197,2459066.9826736,r,1.1616068183828587,4.111389078536832,20.617603544432434,99.0,P48
198,2459067.9395486,r,3.2459736124845278,7.0680897205429485,20.02931985492493,99.0,P48
199,2459068.9365972,r,9.819821756779689,6.6754511005285435,20.09137344183967,99.0,P48
200,2459072.9878935004,r,0.3005657097731475,5.155083912170925,20.371985641834588,99.0,P48
201,2459073.9631712995,r,-3.4370440890095844,4.650939087890476,20.48372335988572,99.0,P48
202,2459075.9753008997,r,-0.7984590969564389,3.7091610316703667,20.729385768033275,99.0,P48
203,2459076.9228009,r,5.402652566923279,5.200966636262561,20.36236481960152,99.0,P48
204,2459077.9819097,r,1.6795455386307063,3.9645751309491706,20.65708335817913,99.0,P48
205,2459081.9408603334,r,4.119620958962188,1.7181220831650967,21.564939939430637,99.0,P48
206,2459081.9408603334,r,4.119620958962188,1.7181220831650967,21.564939939430637,99.0,P48
207,2459081.9408603334,r,4.119620958962188,1.7181220831650967,21.564939939430637,99.0,P48
208,2459082.9834954003,r,4.499935347073137,1.9557611125938439,21.424285472716804,99.0,P48
209,2459082.9834954003,r,4.499935347073137,1.9557611125938439,21.424285472716804,99.0,P48
210,2459083.9629629496,r,0.7396437128625039,2.320064995178362,21.23882461028192,99.0,P48
211,2459083.9629629496,r,0.7396437128625039,2.320064995178362,21.23882461028192,99.0,P48
212,2459084.9824884,r,-2.0843836893129137,3.180112244165749,20.896468866744847,99.0,P48
213,2459085.9885417,r,0.026480505297216593,1.614858739972818,21.632238643287,99.0,P48
214,2459085.9885417,r,0.026480505297216593,1.614858739972818,21.632238643287,99.0,P48
215,2459086.9548380002,r,0.10951499542813113,3.47687277937102,20.79960298939168,99.0,P48
216,2459087.9520139,r,-3.634088249409058,4.105186139050765,20.619242854504336,99.0,P48
217,2459089.9745602002,r,1.1146502309677067,3.5340183426847367,20.78190299090054,99.0,P48
218,2459091.0034028,r,2.3017519712641135,2.482493549195888,21.165354667542786,99.0,P48
219,2459091.0034028,r,2.3017519712641135,2.482493549195888,21.165354667542786,99.0,P48
220,2459091.0034028,r,2.3017519712641135,2.482493549195888,21.165354667542786,99.0,P48
221,2459091.9842593,r,2.7989851042054292,2.304327537542385,21.246214464568006,99.0,P48
222,2459093.87829285,r,10.626890590212835,7.878452206939091,19.911472727165393,99.0,P48
223,2459093.87829285,r,10.626890590212835,7.878452206939091,19.911472727165393,99.0,P48
224,2459094.9198148,r,37.78913653714735,13.588082526895933,19.319679549451948,99.0,P48
225,2459095.96243055,r,4.3888998295444805,6.635529484792501,20.097886030936955,99.0,P48
226,2459095.96243055,r,4.3888998295444805,6.635529484792501,20.097886030936955,99.0,P48
227,2459096.9071412,r,3.3318914476718287,4.709536731628056,20.470129517936883,99.0,P48
228,2459096.9071412,r,3.3318914476718287,4.709536731628056,20.470129517936883,99.0,P48
229,2459096.9071412,r,3.3318914476718287,4.709536731628056,20.470129517936883,99.0,P48
230,2459102.9508015,r,1.9233297041644979,9.445757108249003,19.714483054728433,99.0,P48
231,2459102.9508015,r,1.9233297041644979,9.445757108249003,19.714483054728433,99.0,P48
232,2459102.9508015,r,1.9233297041644979,9.445757108249003,19.714483054728433,99.0,P48
233,2459102.9508015,r,1.9233297041644979,9.445757108249003,19.714483054728433,99.0,P48
234,2459104.9563426003,r,11.671358925426171,8.107982348238377,19.88029300284427,99.0,P48
235,2459108.9608332994,r,-0.7348229193819437,4.448707693642091,20.531990311724414,99.0,P48
236,2459111.91872105,r,2.3441839220536185,2.471803128157219,21.170040295366995,99.0,P48
237,2459111.91872105,r,2.3441839220536185,2.471803128157219,21.170040295366995,99.0,P48
238,2459114.9005207997,r,0.8306200866171115,3.3088039874122233,20.853397388052905,99.0,P48
239,2459115.892596467,r,1.783753697092464,2.063330557414525,21.366152964112004,99.0,P48
240,2459115.892596467,r,1.783753697092464,2.063330557414525,21.366152964112004,99.0,P48
241,2459115.892596467,r,1.783753697092464,2.063330557414525,21.366152964112004,99.0,P48
242,2459116.90828705,r,3.1087794931229698,1.5615964714271189,21.668652941672867,99.0,P48
243,2459116.90828705,r,3.1087794931229698,1.5615964714271189,21.668652941672867,99.0,P48
244,2459116.90828705,r,3.1087794931229698,1.5615964714271189,21.668652941672867,99.0,P48
245,2459116.90828705,r,3.1087794931229698,1.5615964714271189,21.668652941672867,99.0,P48
246,2459117.8977314997,r,4.1740222443161725,2.845786057321269,21.01706937102727,99.0,P48
247,2459121.9492477,r,3.3352022707487525,5.4531723847270595,20.310951922298305,99.0,P48
248,2459124.8772222,r,-1.5271240842777507,5.284745306214867,20.34501483491929,99.0,P48
249,2459124.8772222,r,-1.5271240842777507,5.284745306214867,20.34501483491929,99.0,P48
250,2459124.8772222,r,-1.5271240842777507,5.284745306214867,20.34501483491929,99.0,P48
251,2459124.8772222,r,-1.5271240842777507,5.284745306214867,20.34501483491929,99.0,P48
252,2459126.89977435,r,6.543898885620324,7.547672090149176,19.95804242939043,99.0,P48
253,2459126.89977435,r,6.543898885620324,7.547672090149176,19.95804242939043,99.0,P48
254,2459128.9091695747,r,5.362695977762617,5.4583520315268705,20.309921134982748,99.0,P48
255,2459128.9091695747,r,5.362695977762617,5.4583520315268705,20.309921134982748,99.0,P48
256,2459128.9091695747,r,5.362695977762617,5.4583520315268705,20.309921134982748,99.0,P48
257,2459128.9091695747,r,5.362695977762617,5.4583520315268705,20.309921134982748,99.0,P48
258,2459129.9791435003,r,10.743748775156275,4.383018137695208,20.548141819549556,99.0,P48
259,2459130.9338696,r,2.0007025556243856,2.278275180780843,21.25855954156158,99.0,P48
260,2459130.9338696,r,2.0007025556243856,2.278275180780843,21.25855954156158,99.0,P48
261,2459130.9338696,r,2.0007025556243856,2.278275180780843,21.25855954156158,99.0,P48
262,2459131.9197106003,r,8.588363522534332,4.679859479541535,20.476992956995964,99.0,P48
263,2459134.9476128253,r,4.2379254643375095,2.259256666795925,21.267661057895893,99.0,P48
264,2459134.9476128253,r,4.2379254643375095,2.259256666795925,21.267661057895893,99.0,P48
265,2459134.9476128253,r,4.2379254643375095,2.259256666795925,21.267661057895893,99.0,P48
266,2459134.9476128253,r,4.2379254643375095,2.259256666795925,21.267661057895893,99.0,P48
267,2459135.8935069,r,2.5786195088507577,2.701974793225387,21.073371756251532,99.0,P48
268,2459136.81796295,r,1.0121558604550946,2.0607821151715235,21.367494797655752,99.0,P48
269,2459136.81796295,r,1.0121558604550946,2.0607821151715235,21.367494797655752,99.0,P48
270,2459137.8522299337,r,0.6931523551028176,2.0789227820952205,21.357979092830735,99.0,P48
271,2459137.8522299337,r,0.6931523551028176,2.0789227820952205,21.357979092830735,99.0,P48
272,2459137.8522299337,r,0.6931523551028176,2.0789227820952205,21.357979092830735,99.0,P48
273,2459138.837563675,r,3.3294949378128464,1.9691470619624667,21.4168796096656,99.0,P48
274,2459138.837563675,r,3.3294949378128464,1.9691470619624667,21.4168796096656,99.0,P48
275,2459138.837563675,r,3.3294949378128464,1.9691470619624667,21.4168796096656,99.0,P48
276,2459138.837563675,r,3.3294949378128464,1.9691470619624667,21.4168796096656,99.0,P48
277,2459139.791107233,r,4.380939341796189,2.221204492725102,21.286103631089222,99.0,P48
278,2459139.791107233,r,4.380939341796189,2.221204492725102,21.286103631089222,99.0,P48
279,2459139.791107233,r,4.380939341796189,2.221204492725102,21.286103631089222,99.0,P48
280,2459140.8631771,r,0.42265124298771883,2.4054579237375293,21.19958057759169,99.0,P48
281,2459140.8631771,r,0.42265124298771883,2.4054579237375293,21.19958057759169,99.0,P48
282,2459141.8482292006,r,-4.647240225478649,4.577042779075337,20.50111256027133,99.0,P48
283,2459142.85940395,r,-0.9464740940567542,2.1452829037771908,21.323863559690466,99.0,P48
284,2459142.85940395,r,-0.9464740940567542,2.1452829037771908,21.323863559690466,99.0,P48
285,2459143.83518515,r,-1.3275896027266552,1.8610964487531934,21.478152788095656,99.0,P48
286,2459143.83518515,r,-1.3275896027266552,1.8610964487531934,21.478152788095656,99.0,P48
287,2459144.9049344333,r,-2.59432663675966,1.4242363559693387,21.768619820024064,99.0,P48
288,2459144.9049344333,r,-2.59432663675966,1.4242363559693387,21.768619820024064,99.0,P48
289,2459144.9049344333,r,-2.59432663675966,1.4242363559693387,21.768619820024064,99.0,P48
290,2459145.8378993003,r,-2.8042677999798764,1.735766751845862,21.55384657587223,99.0,P48
291,2459145.8378993003,r,-2.8042677999798764,1.735766751845862,21.55384657587223,99.0,P48
292,2459146.7961111,r,5.524153928409215,62.674624212910395,17.659845642466593,99.0,P48
293,2459146.7961111,r,5.524153928409215,62.674624212910395,17.659845642466593,99.0,P48
294,2459146.7961111,r,5.524153928409215,62.674624212910395,17.659845642466593,99.0,P48
295,2459149.8528182497,r,-0.7576959100085241,5.341259303633573,20.33346583341348,99.0,P48
296,2459149.8528182497,r,-0.7576959100085241,5.341259303633573,20.33346583341348,99.0,P48
297,2459150.7939005,r,9.885317332200337,6.742758075709121,20.080481044539532,99.0,P48
298,2459151.8494676,r,4.710020478527806,8.108545915484786,19.880217538434934,99.0,P48
299,2458320.9621296003,g,-116.03127859237063,132.03113369994713,16.85088410811928,99.0,P48
300,2458327.9829861,g,21.289984822143133,17.592082138372163,19.03928187890589,99.0,P48
301,2458330.9830207997,g,4.256056373862226,11.733639456536539,19.478993140726068,99.0,P48
302,2458341.0014931,g,-2.781382772905863,7.224853162237216,20.005502426843904,99.0,P48
303,2458342.9393866,g,4.730564095808171,3.712344889878829,20.72845419690031,99.0,P48
304,2458343.9391667005,g,0.9164844125540882,2.9631470418440045,20.973191981049627,99.0,P48
305,2458345.9582639,g,-2.53642893136202,3.1794497023712,20.89669509163963,99.0,P48
306,2458346.9799653,g,-2.1239454957877317,3.166125898184285,20.901254538649848,99.0,P48
307,2458347.9766088,g,-0.9121782294476066,2.200756106183343,21.296145200368358,99.0,P48
308,2458349.9221933,g,-0.49466146272334993,2.021717732078627,21.388273688616422,99.0,P48
309,2458349.9221933,g,-0.49466146272334993,2.021717732078627,21.388273688616422,99.0,P48
310,2458350.9438542,g,3.722637394335436,2.7193686935319556,21.066404755487945,99.0,P48
311,2458351.9499306,g,2.138185358327486,2.1402647217317754,21.32640625663147,99.0,P48
312,2458352.9579051,g,-1.0426963627996426,2.367878545708811,21.21667643267422,99.0,P48
313,2458360.9588889,g,10.017088628498543,11.097932516498872,19.539469790010283,99.0,P48
314,2458362.9832523,g,-4.392610227695288,4.939140649943955,20.418446505237757,99.0,P48
315,2458362.9832523,g,-4.392610227695288,4.939140649943955,20.418446505237757,99.0,P48
316,2458363.9159028,g,10.248064256170455,7.05754170760955,20.030941355771375,99.0,P48
317,2458364.9603125,g,-4.250061997762387,4.562314485045159,20.5046119433119,99.0,P48
318,2458365.94046875,g,-2.83611780456848,2.3919994965418065,21.205672279390278,99.0,P48
319,2458365.94046875,g,-2.83611780456848,2.3919994965418065,21.205672279390278,99.0,P48
320,2458366.9489698997,g,6.408404593085836,3.215732677692657,20.88437514194495,99.0,P48
321,2458367.9482176,g,-2.6856345483461403,2.3312753121154217,21.23359107769641,99.0,P48
322,2458368.90551505,g,3.0816844461358475,1.9011110806159923,21.455056256321463,99.0,P48
323,2458368.90551505,g,3.0816844461358475,1.9011110806159923,21.455056256321463,99.0,P48
324,2458369.9784954,g,0.9689770832488207,2.7436157691691303,21.056766763313075,99.0,P48
325,2458370.9552778,g,1.5106709320503788,2.365908583540562,21.217580089434925,99.0,P48
326,2458371.8935243003,g,1.0015487571509676,1.6913267216893195,21.58200621303847,99.0,P48
327,2458371.8935243003,g,1.0015487571509676,1.6913267216893195,21.58200621303847,99.0,P48
328,2458372.9460994997,g,-0.06388216163110687,2.437199516153474,21.1853472810753,99.0,P48
329,2458373.9186921003,g,0.05259208404480003,2.8261627294551728,21.024582077270203,99.0,P48
330,2458374.9304745505,g,-1.038878561078372,1.9253476500473397,21.441302091087216,99.0,P48
331,2458374.9304745505,g,-1.038878561078372,1.9253476500473397,21.441302091087216,99.0,P48
332,2458375.9401157,g,0.45098444874618854,2.6235556017961477,21.105349307249096,99.0,P48
333,2458376.9583680998,g,3.7423444350819985,2.6184961934713,21.107445121908384,99.0,P48
334,2458377.8846933004,g,-0.8119100327057014,1.975006175226275,21.413653844491094,99.0,P48
335,2458377.8846933004,g,-0.8119100327057014,1.975006175226275,21.413653844491094,99.0,P48
336,2458378.9464698997,g,-0.11361963124608078,2.573301844558168,21.126348160888845,99.0,P48
337,2458379.9574306,g,2.4514952463418083,3.019560252596301,20.95271573919809,99.0,P48
338,2458380.9149073996,g,0.38571667655338027,2.3447787354279583,21.227320321976208,99.0,P48
339,2458382.9167939997,g,-4.482589109238883,3.887624112796357,20.67836432128032,99.0,P48
340,2458383.9421122503,g,6.968834194707127,3.4126984706834587,20.819830194557184,99.0,P48
341,2458383.9421122503,g,6.968834194707127,3.4126984706834587,20.819830194557184,99.0,P48
342,2458384.9273958504,g,1.415131698479665,6.694105526576552,20.08834360331206,99.0,P48
343,2458384.9273958504,g,1.415131698479665,6.694105526576552,20.08834360331206,99.0,P48
344,2458385.9181944,g,15.122026049838857,9.332461502515676,19.727584471442427,99.0,P48
345,2458386.9842534503,g,-7.979208277585636,8.997689061138965,19.767247536914056,99.0,P48
346,2458386.9842534503,g,-7.979208277585636,8.997689061138965,19.767247536914056,99.0,P48
347,2458387.774537,g,-17.850553875072166,17.007005129974402,19.076005382383045,99.0,P48
348,2458389.89751735,g,-2.3031565071475497,5.485538819477656,20.30452675722596,99.0,P48
349,2458389.89751735,g,-2.3031565071475497,5.485538819477656,20.30452675722596,99.0,P48
350,2458390.8911458496,g,2.0693950513909525,4.5145216051950054,20.51604564972981,99.0,P48
351,2458390.8911458496,g,2.0693950513909525,4.5145216051950054,20.51604564972981,99.0,P48
352,2458422.9002546,g,5.527058889517765,6.668917038127868,20.092436702176293,99.0,P48
353,2458425.8451042003,g,-7.520586146461,2.7232461214589607,21.064857754740316,99.0,P48
354,2458427.8327082996,g,-4.674645152139442,6.01075602007708,20.205252238979163,99.0,P48
355,2458430.8116087997,g,1.8614094546080535,2.4920978234995665,21.161162274436684,99.0,P48
356,2458431.7374768998,g,11.691370062153803,6.789045677130324,20.07305316254729,99.0,P48
357,2458434.7835301002,g,-0.08676082955510167,4.694861584998326,20.4735180071102,99.0,P48
358,2458436.7474421,g,-1.5045062053094174,7.559280622108329,19.95637381942614,99.0,P48
359,2458437.74842015,g,2.63460403168514,4.253489111589756,20.580711675655564,99.0,P48
360,2458437.74842015,g,2.63460403168514,4.253489111589756,20.580711675655564,99.0,P48
361,2458438.8746991,g,-67.74868533601197,77.56256337113547,17.428444604970807,99.0,P48
362,2458440.7329051,g,-4.089039134406307,85.1277222830141,17.327397455753967,99.0,P48
363,2458441.75364005,g,7.701719347612834,5.947455694942306,20.216746950454684,99.0,P48
364,2458441.75364005,g,7.701719347612834,5.947455694942306,20.216746950454684,99.0,P48
365,2458457.6304977,g,4.664669367175426,7.595080156729332,19.951244084992254,99.0,P48
366,2458464.7394907,g,0.14614315939217054,3.4953198619189227,20.793857677074413,99.0,P48
367,2458466.776522,g,-44.150804172974084,24.683895969495627,18.671540720639562,99.0,P48
368,2458466.776522,g,-44.150804172974084,24.683895969495627,18.671540720639562,99.0,P48
369,2458469.66875,g,-4.077703380831205,4.717529770790358,20.46828836531916,99.0,P48
370,2458469.66875,g,-4.077703380831205,4.717529770790358,20.46828836531916,99.0,P48
371,2458472.6968345,g,-2.824180562001152,6.605933114547956,20.10273955885722,99.0,P48
372,2458472.6968345,g,-2.824180562001152,6.605933114547956,20.10273955885722,99.0,P48
373,2458474.6068403,g,-10.515610322807373,11.210736073755204,19.528489668137418,99.0,P48
374,2458475.6068808,g,-14.602444739773476,6.6524093068817445,20.095127582976357,99.0,P48
375,2458475.6068808,g,-14.602444739773476,6.6524093068817445,20.095127582976357,99.0,P48
376,2458481.7676042,g,-2.9222250196548734,5.423343847088675,20.316907138794512,99.0,P48
377,2458487.6484028,g,-1.7402235564230253,2.248395947453934,21.272893004554845,99.0,P48
378,2458487.6484028,g,-1.7402235564230253,2.248395947453934,21.272893004554845,99.0,P48
379,2458491.6643113503,g,-1.7565503523596635,2.6306918747074777,21.1024000306245,99.0,P48
380,2458491.6643113503,g,-1.7565503523596635,2.6306918747074777,21.1024000306245,99.0,P48
381,2458493.6888079,g,-1.567529352685033,3.9825546347092113,20.65217063319362,99.0,P48
382,2458494.65557295,g,-0.045976317429755456,2.5038399265960076,21.156058587975934,99.0,P48
383,2458494.65557295,g,-0.045976317429755456,2.5038399265960076,21.156058587975934,99.0,P48
384,2458495.6578935003,g,-1.9032047384550796,4.32180229593694,20.563412749466764,99.0,P48
385,2458503.7036226997,g,3.1568097582869092,9.520180644362409,19.705962016280317,99.0,P48
386,2458503.7036226997,g,3.1568097582869092,9.520180644362409,19.705962016280317,99.0,P48
387,2458505.6492361,g,-1.6791499718851433,9.515184705752077,19.706531931430433,99.0,P48
388,2458507.6483102003,g,0.31783390330722044,3.44423570465176,20.80984282781648,99.0,P48
389,2458509.6867707996,g,-5.20051508984314,5.836703852593534,20.23715584344978,99.0,P48
390,2458510.6473669,g,-5.942086047876697,4.742491259472162,20.46255864129484,99.0,P48
391,2458510.6473669,g,-5.942086047876697,4.742491259472162,20.46255864129484,99.0,P48
392,2458511.6621875,g,7.88389124800799,6.525143351592046,20.116099846214027,99.0,P48
393,2458514.67903935,g,-3.9945043830859603,3.7418246081110658,20.719866422160397,99.0,P48
394,2458514.67903935,g,-3.9945043830859603,3.7418246081110658,20.719866422160397,99.0,P48
395,2458522.6372222,g,4.154160206540016,4.67072752241556,20.47911365800054,99.0,P48
396,2458523.6201736,g,-2.304944200992437,4.475969427504955,20.525357210466023,99.0,P48
397,2458539.6302430998,g,2.4695551402024285,5.415507115508037,20.318477162169884,99.0,P48
398,2458540.6302257003,g,1.2326166985939027,3.4751679735166037,20.800135486119224,99.0,P48
399,2458540.6302257003,g,1.2326166985939027,3.4751679735166037,20.800135486119224,99.0,P48
400,2458693.9525231,g,-2.4970214507293576,3.2990283548881716,20.856609868439556,99.0,P48
401,2458694.979456,g,0.2926312682899822,2.991672863659581,20.962789733821765,99.0,P48
402,2458695.9428471997,g,-3.8363515030049538,2.447792230034872,21.18063860945774,99.0,P48
403,2458695.9428471997,g,-3.8363515030049538,2.447792230034872,21.18063860945774,99.0,P48
404,2458698.9610301005,g,0.0715153141606617,3.3375927978120563,20.843991615200334,99.0,P48
405,2458704.9389815,g,-4.748365142349174,3.8857672744858487,20.67888302322597,99.0,P48
406,2458707.9405556,g,-0.017614062677982007,3.506560615655272,20.79037161248813,99.0,P48
407,2458715.00137155,g,-0.5031954424909539,5.678586575974816,20.266974360552453,99.0,P48
408,2458715.00137155,g,-0.5031954424909539,5.678586575974816,20.266974360552453,99.0,P48
409,2458717.9405787,g,3.823345554102232,8.342633609744517,19.84931706231722,99.0,P48
410,2458724.9611806,g,0.7071155049203108,3.1484596059766687,20.90732967472488,99.0,P48
411,2458727.9595486,g,1.8883379996627485,2.6670304890776166,21.087505037896943,99.0,P48
412,2458730.9525231,g,0.6867148788806052,3.221703052976454,20.88236121754045,99.0,P48
413,2458732.9379861,g,-0.7331834330545203,2.9896022706975502,20.963541452404677,99.0,P48
414,2458735.000162,g,-5.40545494327122,4.205437953435271,20.593046914594332,99.0,P48
415,2458735.9389236,g,-2.303766733126083,3.367642572729637,20.834260011402506,99.0,P48
416,2458738.9403125,g,0.16662423702103915,7.508691086710864,19.963664395438563,99.0,P48
417,2458741.9997801003,g,20.149293346972403,11.597193728254737,19.491692709148097,99.0,P48
418,2458744.9830671,g,-0.8056014444050507,13.094600141292048,19.359844385957054,99.0,P48
419,2458746.9689873,g,4.445188781653152,4.560555788328738,20.505030557336795,99.0,P48
420,2458746.9689873,g,4.445188781653152,4.560555788328738,20.505030557336795,99.0,P48
421,2458747.9820948998,g,-4.1189171773080835,4.862831021046815,20.435352042929193,99.0,P48
422,2458749.9220197,g,-6.924775864622552,2.704012224334733,21.072553362564065,99.0,P48
423,2458749.9220197,g,-6.924775864622552,2.704012224334733,21.072553362564065,99.0,P48
424,2458750.8967014,g,0.703323480987589,4.390014429219786,20.546410119921262,99.0,P48
425,2458757.9189931,g,1.5526601536958449,3.868172018799528,20.683810541535934,99.0,P48
426,2458760.923688267,g,-4.782537222272692,2.15403980944205,21.3194406757601,99.0,P48
427,2458760.923688267,g,-4.782537222272692,2.15403980944205,21.3194406757601,99.0,P48
428,2458760.923688267,g,-4.782537222272692,2.15403980944205,21.3194406757601,99.0,P48
429,2458763.914456,g,0.5962610419496354,3.618446609639844,20.756269566728427,99.0,P48
430,2458766.857685167,g,3.6738058927290846,4.567104859141944,20.50347253172997,99.0,P48
431,2458766.857685167,g,3.6738058927290846,4.567104859141944,20.50347253172997,99.0,P48
432,2458766.857685167,g,3.6738058927290846,4.567104859141944,20.50347253172997,99.0,P48
433,2458767.8802257,g,7.278777182419815,7.582528011881668,19.95303993069655,99.0,P48
434,2458767.8802257,g,7.278777182419815,7.582528011881668,19.95303993069655,99.0,P48
435,2458768.91984375,g,0.8154547673309642,5.983171019527315,20.21024644755061,99.0,P48
436,2458768.91984375,g,0.8154547673309642,5.983171019527315,20.21024644755061,99.0,P48
437,2458769.9835532,g,-38.852504890313114,16.620391154650044,19.100971887846118,99.0,P48
438,2458772.8349884,g,-0.9338233350892283,16.174302188176576,19.13051110697683,99.0,P48
439,2458781.891794,g,3.799766593273787,4.803821732866946,20.44860778264746,99.0,P48
440,2458784.8994792,g,-7.702205214156642,10.193770710648375,19.63173783731038,99.0,P48
441,2458790.7933796,g,-2.057689203224987,4.325991995306884,20.562360710415952,99.0,P48
442,2458797.7109144,g,-21.091783634850785,14.772704563291631,19.228924957822002,99.0,P48
443,2458800.7146991002,g,-0.4068369085239681,17.71793946312994,19.03154195541586,99.0,P48
444,2458803.7294213,g,-3.079966157860095,11.467619865373283,19.503891768425653,99.0,P48
445,2458806.8408449,g,-0.408070416184843,5.774768369371763,20.248738566633115,99.0,P48
446,2458812.8174653,g,-2.309787850955744,4.778006789512134,20.454458082801132,99.0,P48
447,2458833.6745948996,g,3.174056258613655,4.373065015584062,20.550610153733153,99.0,P48
448,2458837.6281481003,g,-2.3671940267074363,4.5876053483801025,20.498609863205864,99.0,P48
449,2458850.6680207998,g,2.1067207998931634,5.901324862760651,20.225201182090956,99.0,P48
450,2458854.5995023,g,-9.468073829100874,13.353492370284723,19.338587832625542,99.0,P48
451,2458859.6059491,g,6.426745202826935,9.242812220080081,19.738064664507277,99.0,P48
452,2458862.6423843,g,-2.6134392142841754,3.5848684896860274,20.766391918474866,99.0,P48
453,2458871.6505671,g,-1.3969326809139542,5.125633068479084,20.378206206953845,99.0,P48
454,2458872.6723958,g,-2.6326050274755435,4.463958576516896,20.52827459942217,99.0,P48
455,2458875.6608448997,g,131.4127784913618,4.1798494704317495,18.603471627821463,0.034526525138892115,P48
456,2458876.6334375,g,128.2426130095196,7.242454308301659,18.629984726255316,0.06130321245932402,P48
457,2458881.6457639,g,88.00317572315454,8.149397936284691,19.038819760822815,0.10052104810019387,P48
458,2458884.5975694,g,49.97912090858479,15.576547883485853,19.653094089840383,0.3383081258762114,P48
459,2458886.648669,g,27.276347290003255,12.691660922129248,19.393778837367957,99.0,P48
460,2458887.6873957994,g,-4.680121135975846,12.948951151610675,19.37198850779152,99.0,P48
461,2458891.6499306,g,9.93581448747393,6.160910257761448,20.178462782321233,99.0,P48
462,2458900.6383565,g,0.16731105550233694,10.364530650937711,19.613700888623853,99.0,P48
463,2458905.6436227,g,-6.163110065972813,11.127039667954618,19.536625898377125,99.0,P48
464,2459064.9631481003,g,5.187534984323293,13.114871025928641,19.358164929122502,99.0,P48
465,2459067.9769329,g,11.826329795534187,9.375963045846522,19.722535271756207,99.0,P48
466,2459068.9869676004,g,-5.721243779089905,7.678861598336173,19.939332889018292,99.0,P48
467,2459072.9406481003,g,3.812561004563756,7.085052333154937,20.026717332970673,99.0,P48
468,2459073.9209837997,g,-8.411941701702842,6.163030780907629,20.17808914717184,99.0,P48
469,2459075.9386806,g,14.469497527291393,5.793346817809662,20.24525116853702,99.0,P48
470,2459076.9717361,g,-4.9091071186674835,3.535249626682708,20.7815247764562,99.0,P48
471,2459077.9365162,g,3.808632302698697,3.0709377590649,20.93439745323674,99.0,P48
472,2459080.9604398,g,-3.7628196541786165,3.762977733062697,20.71374586804579,99.0,P48
473,2459081.9802430505,g,-2.493243542703655,2.87641770261317,21.0054451068858,99.0,P48
474,2459081.9802430505,g,-2.493243542703655,2.87641770261317,21.0054451068858,99.0,P48
475,2459082.9560532,g,-2.38205367850328,5.051920461111238,20.39393372846024,99.0,P48
476,2459084.949858225,g,1.0477060761874908,1.6098657133376157,21.635600861795815,99.0,P48
477,2459084.949858225,g,1.0477060761874908,1.6098657133376157,21.635600861795815,99.0,P48
478,2459084.949858225,g,1.0477060761874908,1.6098657133376157,21.635600861795815,99.0,P48
479,2459084.949858225,g,1.0477060761874908,1.6098657133376157,21.635600861795815,99.0,P48
480,2459085.9389005,g,-10.791094708128615,3.086603779341668,20.928872780120734,99.0,P48
481,2459086.9836689997,g,-2.2550860912802206,3.1631701020304916,20.90226862145819,99.0,P48
482,2459087.9844676005,g,-5.910357037372819,3.7238559353219354,20.725092811410967,99.0,P48
483,2459088.9981366,g,-4.789953957907509,4.344399364132018,20.557750635514928,99.0,P48
484,2459089.9810532,g,-5.252604301967916,3.877410460245149,20.681220545202738,99.0,P48
485,2459091.922060175,g,-0.7767195799887028,2.3468821232334194,21.226346797028498,99.0,P48
486,2459091.922060175,g,-0.7767195799887028,2.3468821232334194,21.226346797028498,99.0,P48
487,2459091.922060175,g,-0.7767195799887028,2.3468821232334194,21.226346797028498,99.0,P48
488,2459091.922060175,g,-0.7767195799887028,2.3468821232334194,21.226346797028498,99.0,P48
489,2459092.924567867,g,-4.067303771437348,4.044848384994317,20.635319370701083,99.0,P48
490,2459092.924567867,g,-4.067303771437348,4.044848384994317,20.635319370701083,99.0,P48
491,2459092.924567867,g,-4.067303771437348,4.044848384994317,20.635319370701083,99.0,P48
492,2459093.9593518996,g,12.764549011525967,9.6400376255607,19.69237816671058,99.0,P48
493,2459094.9816840496,g,6.35102120197495,9.09039793657749,19.756117751435887,99.0,P48
494,2459094.9816840496,g,6.35102120197495,9.09039793657749,19.756117751435887,99.0,P48
495,2459095.83875,g,-5.230111283492471,15.920823540835073,19.147661167026783,99.0,P48
496,2459095.83875,g,-5.230111283492471,15.920823540835073,19.147661167026783,99.0,P48
497,2459097.9180093,g,37.70709042871792,13.629809919220214,19.31635049110104,99.0,P48
498,2459099.8989699,g,-15.164707837053495,8.824244072988654,19.788381209390188,99.0,P48
499,2459099.8989699,g,-15.164707837053495,8.824244072988654,19.788381209390188,99.0,P48
500,2459102.978912,g,14.739442407877625,30.42000024877278,18.444676955988424,99.0,P48
501,2459105.0201852,g,-5.5125810066762035,18.595539011710198,18.979053060734024,99.0,P48
502,2459108.8719502497,g,-2.2399554472155376,3.9526992063353275,20.660340572831434,99.0,P48
503,2459108.8719502497,g,-2.2399554472155376,3.9526992063353275,20.660340572831434,99.0,P48
504,2459111.85809025,g,3.2783996764437005,2.7816250636455186,21.041828511974835,99.0,P48
505,2459111.85809025,g,3.2783996764437005,2.7816250636455186,21.041828511974835,99.0,P48
506,2459114.8531366,g,-1.0878046669065506,2.8429866811660727,21.018137926382693,99.0,P48
507,2459117.0034144,g,2.601309480602107,3.4545527882614016,20.806595405587252,99.0,P48
508,2459117.9196065,g,-2.1264811762827374,2.6612654625719903,21.089854494645525,99.0,P48
509,2459120.8636169005,g,-4.4612637269827085,4.511706448188224,20.51672290227991,99.0,P48
510,2459120.8636169005,g,-4.4612637269827085,4.511706448188224,20.51672290227991,99.0,P48
511,2459121.8705594335,g,-0.012873996112716253,4.710595998614687,20.46988534207319,99.0,P48
512,2459121.8705594335,g,-0.012873996112716253,4.710595998614687,20.46988534207319,99.0,P48
513,2459121.8705594335,g,-0.012873996112716253,4.710595998614687,20.46988534207319,99.0,P48
514,2459122.900925933,g,-0.49340273655084305,5.392573909990311,20.323084723647476,99.0,P48
515,2459122.900925933,g,-0.49340273655084305,5.392573909990311,20.323084723647476,99.0,P48
516,2459122.900925933,g,-0.49340273655084305,5.392573909990311,20.323084723647476,99.0,P48
517,2459124.9825347,g,15.161009601356293,15.355149487147472,19.18693986718175,99.0,P48
518,2459126.95583335,g,-10.054644527818729,8.945916037399064,19.77351294478337,99.0,P48
519,2459126.95583335,g,-10.054644527818729,8.945916037399064,19.77351294478337,99.0,P48
520,2459127.8990625,g,1.848706543684621,12.372396169454216,19.42144044453457,99.0,P48
521,2459128.8542853,g,1.522571629694508,7.001546772937346,20.039590003144184,99.0,P48
522,2459128.8542853,g,1.522571629694508,7.001546772937346,20.039590003144184,99.0,P48
523,2459128.8542853,g,1.522571629694508,7.001546772937346,20.039590003144184,99.0,P48
524,2459128.8542853,g,1.522571629694508,7.001546772937346,20.039590003144184,99.0,P48
525,2459129.8750887006,g,-6.0992438296998515,3.1103372851003526,20.920556272930945,99.0,P48
526,2459129.8750887006,g,-6.0992438296998515,3.1103372851003526,20.920556272930945,99.0,P48
527,2459129.8750887006,g,-6.0992438296998515,3.1103372851003526,20.920556272930945,99.0,P48
528,2459130.8881770745,g,-6.720922409603311,2.458533128600491,21.17588482725949,99.0,P48
529,2459130.8881770745,g,-6.720922409603311,2.458533128600491,21.17588482725949,99.0,P48
530,2459130.8881770745,g,-6.720922409603311,2.458533128600491,21.17588482725949,99.0,P48
531,2459130.8881770745,g,-6.720922409603311,2.458533128600491,21.17588482725949,99.0,P48
532,2459131.8675231333,g,-1.0845311555348545,3.31272792725124,20.852110566784916,99.0,P48
533,2459131.8675231333,g,-1.0845311555348545,3.31272792725124,20.852110566784916,99.0,P48
534,2459131.8675231333,g,-1.0845311555348545,3.31272792725124,20.852110566784916,99.0,P48
535,2459134.8895891504,g,-4.166107965401749,2.7970319746025947,21.035831411438057,99.0,P48
536,2459134.8895891504,g,-4.166107965401749,2.7970319746025947,21.035831411438057,99.0,P48
537,2459135.841577933,g,-2.7425584107099668,1.6853497477100288,21.585849888250188,99.0,P48
538,2459135.841577933,g,-2.7425584107099668,1.6853497477100288,21.585849888250188,99.0,P48
539,2459135.841577933,g,-2.7425584107099668,1.6853497477100288,21.585849888250188,99.0,P48
540,2459136.87644095,g,-2.1459192250115433,1.4113284700126387,21.778504733100974,99.0,P48
541,2459136.87644095,g,-2.1459192250115433,1.4113284700126387,21.778504733100974,99.0,P48
542,2459136.87644095,g,-2.1459192250115433,1.4113284700126387,21.778504733100974,99.0,P48
543,2459136.87644095,g,-2.1459192250115433,1.4113284700126387,21.778504733100974,99.0,P48
544,2459137.904533167,g,-3.429954895321946,1.8419282669096428,21.489393207205936,99.0,P48
545,2459137.904533167,g,-3.429954895321946,1.8419282669096428,21.489393207205936,99.0,P48
546,2459137.904533167,g,-3.429954895321946,1.8419282669096428,21.489393207205936,99.0,P48
547,2459138.87397565,g,-3.880905797594353,2.3531812786584454,21.223436527691923,99.0,P48
548,2459138.87397565,g,-3.880905797594353,2.3531812786584454,21.223436527691923,99.0,P48
549,2459139.8959954,g,2.539340334257418,5.15291584561451,20.37244236446646,99.0,P48
550,2459140.8803443247,g,0.7853970996978844,1.714060897805602,21.56750937005912,99.0,P48
551,2459140.8803443247,g,0.7853970996978844,1.714060897805602,21.56750937005912,99.0,P48
552,2459140.8803443247,g,0.7853970996978844,1.714060897805602,21.56750937005912,99.0,P48
553,2459140.8803443247,g,0.7853970996978844,1.714060897805602,21.56750937005912,99.0,P48
554,2459141.8122183667,g,-2.181726875414594,1.6782361093841571,21.59044233602549,99.0,P48
555,2459141.8122183667,g,-2.181726875414594,1.6782361093841571,21.59044233602549,99.0,P48
556,2459141.8122183667,g,-2.181726875414594,1.6782361093841571,21.59044233602549,99.0,P48
557,2459142.896521975,g,-3.1413142814154384,1.3471986154664088,21.828995919595705,99.0,P48
558,2459142.896521975,g,-3.1413142814154384,1.3471986154664088,21.828995919595705,99.0,P48
559,2459142.896521975,g,-3.1413142814154384,1.3471986154664088,21.828995919595705,99.0,P48
560,2459142.896521975,g,-3.1413142814154384,1.3471986154664088,21.828995919595705,99.0,P48
561,2459143.86779805,g,-4.0224141982613135,1.2950020827029052,21.87189882196687,99.0,P48
562,2459143.86779805,g,-4.0224141982613135,1.2950020827029052,21.87189882196687,99.0,P48
563,2459143.86779805,g,-4.0224141982613135,1.2950020827029052,21.87189882196687,99.0,P48
564,2459143.86779805,g,-4.0224141982613135,1.2950020827029052,21.87189882196687,99.0,P48
565,2459144.8618981335,g,-5.1352170040964,1.134004182185203,22.016038348586505,99.0,P48
566,2459144.8618981335,g,-5.1352170040964,1.134004182185203,22.016038348586505,99.0,P48
567,2459144.8618981335,g,-5.1352170040964,1.134004182185203,22.016038348586505,99.0,P48
568,2459145.7884838,g,-1.0707783008359983,1.648048645607456,21.610149922506167,99.0,P48
569,2459145.7884838,g,-1.0707783008359983,1.648048645607456,21.610149922506167,99.0,P48
570,2459149.9166782,g,12.458031874297832,8.374737168293613,19.845147023962646,99.0,P48
571,2459150.8808565,g,2.684895064988599,7.926438415518214,19.90487976485761,99.0,P48
572,2459151.8157986,g,-13.05260453016126,10.336551869455235,19.61663576842907,99.0,P48
