,JD,Filter,Flux,eFlux,Mag,eMag,Telescope
0,2458288.9800462998,r,2.7805878069431382,11.176484272848805,19.531811960835086,99.0,P48
1,2458298.953287,r,0.2733903829033373,11.614140346870995,19.49010731465163,99.0,P48
2,2458301.9444560003,r,-2.084808177003426,7.034047036661767,20.034561818867033,99.0,P48
3,2458312.9458796,r,-1.8190193177356435,4.336543508245236,20.559715719172175,99.0,P48
4,2458315.9678587997,r,1.7823011328961762,4.174314862573163,20.60111197872545,99.0,P48
5,2458321.9769213,r,-1.6286877846266872,3.4217374851207576,20.816958270373377,99.0,P48
6,2458324.9635417005,r,0.8705912014561572,3.8163463584494877,20.698455531930115,99.0,P48
7,2458330.9329282003,r,2.880823255932003,7.7816466334708485,19.924896225425137,99.0,P48
8,2458335.9725463,r,4.203784048439954,4.247793635288941,20.582166464522707,99.0,P48
9,2458336.9749421002,r,1.7131309687738827,3.2970800620921645,20.857251256347055,99.0,P48
10,2458338.98943865,r,-1.1693697453896201,2.3142563395829385,21.24154633392945,99.0,P48
11,2458338.98943865,r,-1.1693697453896201,2.3142563395829385,21.24154633392945,99.0,P48
12,2458342.9753241,r,2.1683453597107305,3.1607772144994417,20.90309027433426,99.0,P48
13,2458344.9560417,r,0.12365116382060523,2.576917068429184,21.124823883899424,99.0,P48
14,2458345.96974535,r,-0.462250170336834,1.948442492401892,21.42835600848931,99.0,P48
15,2458345.96974535,r,-0.462250170336834,1.948442492401892,21.42835600848931,99.0,P48
16,2458346.9559143996,r,0.11826286423101948,2.766553030314767,21.04772749079072,99.0,P48
17,2458347.9423264,r,-4.798511673688378,2.5535962940125634,21.13469439069125,99.0,P48
18,2458348.9416261497,r,0.7318751423519579,1.750566161060464,21.544628666216674,99.0,P48
19,2458348.9416261497,r,0.7318751423519579,1.750566161060464,21.544628666216674,99.0,P48
20,2458349.9786806,r,-3.4591949477782644,2.365506311905878,21.217764711113063,99.0,P48
21,2458350.9071181,r,-0.6127472774289078,2.671311336099856,21.085763721305547,99.0,P48
22,2458351.9981191996,r,-1.6652331245291856,1.5334656876040165,21.688389832219176,99.0,P48
23,2458351.9981191996,r,-1.6652331245291856,1.5334656876040165,21.688389832219176,99.0,P48
24,2458352.9795486,r,-2.4503852278183715,2.215456445260116,21.28891694804919,99.0,P48
25,2458353.9495312497,r,2.1012826930949235,1.972396519859587,21.415089420207693,99.0,P48
26,2458353.9495312497,r,2.1012826930949235,1.972396519859587,21.415089420207693,99.0,P48
27,2458354.9792100745,r,-0.418015043847933,1.3821256890927485,21.80120614133777,99.0,P48
28,2458354.9792100745,r,-0.418015043847933,1.3821256890927485,21.80120614133777,99.0,P48
29,2458354.9792100745,r,-0.418015043847933,1.3821256890927485,21.80120614133777,99.0,P48
30,2458354.9792100745,r,-0.418015043847933,1.3821256890927485,21.80120614133777,99.0,P48
31,2458355.9963426003,r,-1.160354610027868,4.218243919485172,20.589745766260815,99.0,P48
32,2458356.9642882,r,2.8881116945817347,4.614696760522609,20.492217068961295,99.0,P48
33,2458356.9642882,r,2.8881116945817347,4.614696760522609,20.492217068961295,99.0,P48
34,2458357.96100985,r,4.760709292078397,3.1501316685326457,20.90675322236683,99.0,P48
35,2458357.96100985,r,4.760709292078397,3.1501316685326457,20.90675322236683,99.0,P48
36,2458357.96100985,r,4.760709292078397,3.1501316685326457,20.90675322236683,99.0,P48
37,2458357.96100985,r,4.760709292078397,3.1501316685326457,20.90675322236683,99.0,P48
38,2458358.9284953997,r,-5.929541645850456,8.391546199363505,19.842970014387685,99.0,P48
39,2458359.9627257,r,2.3265566062639342,17.725565638582363,19.03107473216034,99.0,P48
40,2458359.9627257,r,2.3265566062639342,17.725565638582363,19.03107473216034,99.0,P48
41,2458363.96507525,r,2.2371598310841057,3.392325381980463,20.826331234545762,99.0,P48
42,2458363.96507525,r,2.2371598310841057,3.392325381980463,20.826331234545762,99.0,P48
43,2458364.8841782003,r,5.366620787584158,3.9181795491802016,20.669864155398862,99.0,P48
44,2458365.8893287,r,4.0248868957027915,3.275884564901696,20.864253514764314,99.0,P48
45,2458366.8816088,r,-1.046874012706307,2.0241410290668136,21.386973069022456,99.0,P48
46,2458366.8816088,r,-1.046874012706307,2.0241410290668136,21.386973069022456,99.0,P48
47,2458367.880706,r,-1.2891602089847323,2.8224620994304335,21.026004692046307,99.0,P48
48,2458368.9318056,r,1.9651326965706117,2.844603881142879,21.01752049353719,99.0,P48
49,2458369.90364005,r,-3.0718566624788965,2.1437377701771583,21.32464583969835,99.0,P48
50,2458369.90364005,r,-3.0718566624788965,2.1437377701771583,21.32464583969835,99.0,P48
51,2458370.9211111,r,2.1043654897934165,2.5528085240513705,21.13502938582193,99.0,P48
52,2458371.9359838,r,-3.268439312887238,2.4816825114123673,21.165709438639574,99.0,P48
53,2458372.89027775,r,0.4256349973293834,2.0032754674281494,21.398223307690532,99.0,P48
54,2458372.89027775,r,0.4256349973293834,2.0032754674281494,21.398223307690532,99.0,P48
55,2458373.9477083,r,33.727933560767234,3.083293841021441,20.080091288034964,0.09923274600854733,P48
56,2458374.8913426003,r,39.811385236202014,3.0007178057862443,19.900047399499314,0.08181778048805495,P48
57,2458375.87168405,r,42.75438744325139,2.239762240679686,19.822613900959624,0.05686578752846953,P48
58,2458375.87168405,r,42.75438744325139,2.239762240679686,19.822613900959624,0.05686578752846953,P48
59,2458376.9193403,r,38.37419572976591,2.568825358648088,19.93996740636456,0.07266497378730885,P48
60,2458377.9260764,r,32.239496465173445,2.863776563897632,20.129094996963897,0.09642301527472555,P48
61,2458378.90181135,r,24.669584544413542,1.9499722052237916,20.419661033072277,0.08580180282159448,P48
62,2458378.90181135,r,24.669584544413542,1.9499722052237916,20.419661033072277,0.08580180282159448,P48
63,2458379.923206,r,18.59055657510306,2.9538241494495177,20.72683464195178,0.1724733792274681,P48
64,2458380.9349884,r,15.591741577245124,2.5460000948578996,20.91782905221524,0.1772530085414974,P48
65,2458382.83872105,r,14.797670667272893,2.9702134074582363,20.9745822283837,0.2178833903180862,P48
66,2458382.83872105,r,14.797670667272893,2.9702134074582363,20.9745822283837,0.2178833903180862,P48
67,2458383.9026505,r,9.666657403895343,4.818016838574153,20.44540420543842,99.0,P48
68,2458385.8032697,r,6.56057639266354,5.896822338957819,20.22602988057374,99.0,P48
69,2458385.8032697,r,6.56057639266354,5.896822338957819,20.22602988057374,99.0,P48
70,2458386.9012037003,r,-2.404958850968254,7.983288032232091,19.897120492566195,99.0,P48
71,2458390.7579630003,r,-10.454170406487329,6.7294938106565985,20.082618994092726,99.0,P48
72,2458397.9042824,r,-0.21362138957716162,2.900608480870814,20.996352208063612,99.0,P48
73,2458422.8184144,r,-5.052452936660181,4.728610144022127,20.465741215265034,99.0,P48
74,2458425.7342361,r,-35.45644317707999,23.403240171910735,18.72938501536063,99.0,P48
75,2458428.7542707995,r,2.253638421141613,3.241691832450936,20.87564567218417,99.0,P48
76,2458431.7739815,r,9.923124279317793,5.6948554503175295,20.263868226474294,99.0,P48
77,2458434.6981597,r,5.938763551704228,4.751096828420916,20.46059028533864,99.0,P48
78,2458437.7976852003,r,2.9631403344777394,3.483544990226816,20.79752142953403,99.0,P48
79,2458447.8327893997,r,4.211223332530424,8.231689003130173,19.863852603595628,99.0,P48
80,2458450.844838,r,-2.867302577008627,6.097990133758661,20.1896081957517,99.0,P48
81,2458455.8051157002,r,1.0528841247666654,4.938226158259718,20.41864755006127,99.0,P48
82,2458461.7625752497,r,-2.3366058053047083,2.3668255582251514,21.217159363234575,99.0,P48
83,2458461.7625752497,r,-2.3366058053047083,2.3668255582251514,21.217159363234575,99.0,P48
84,2458462.7886457997,r,19.913799835528554,16.34865721047205,19.118869769456765,99.0,P48
85,2458464.7794733997,r,-2.6137225637160717,2.745393140989754,21.056063628363212,99.0,P48
86,2458464.7794733997,r,-2.6137225637160717,2.745393140989754,21.056063628363212,99.0,P48
87,2458465.7704514,r,1.8542972984114008,4.32236567856827,20.563271224007604,99.0,P48
88,2458466.7454861,r,5.018100023889895,10.603517134429007,19.58895013290389,99.0,P48
89,2458468.7575984,r,-3.20548316657145,3.110593062629875,20.920466991454127,99.0,P48
90,2458468.7575984,r,-3.20548316657145,3.110593062629875,20.920466991454127,99.0,P48
91,2458469.6933681,r,-3.938158603735551,7.131024796398256,20.01969512265113,99.0,P48
92,2458472.61806715,r,-5.08197864024628,5.79118225480246,20.24565690698992,99.0,P48
93,2458472.61806715,r,-5.08197864024628,5.79118225480246,20.24565690698992,99.0,P48
94,2458474.6669907,r,-7.658907039020705,6.5926536668427484,20.10492433549378,99.0,P48
95,2458475.79810765,r,12.960824241897061,5.792791541653669,20.245355238315575,99.0,P48
96,2458475.79810765,r,12.960824241897061,5.792791541653669,20.245355238315575,99.0,P48
97,2458481.798206,r,4.703254759989276,5.85931597733194,20.232957691695585,99.0,P48
98,2458486.62185765,r,1.4349128026602278,2.487722217202727,21.163070277279367,99.0,P48
99,2458486.62185765,r,1.4349128026602278,2.487722217202727,21.163070277279367,99.0,P48
100,2458487.616794,r,-1.8928711877323645,3.005958220758332,20.957617638868896,99.0,P48
101,2458490.6629745504,r,1.6968379454314078,2.494038927677457,21.160316919688192,99.0,P48
102,2458490.6629745504,r,1.6968379454314078,2.494038927677457,21.160316919688192,99.0,P48
103,2458491.6088194,r,2.0366081090846198,3.777966561128758,20.70942971502967,99.0,P48
104,2458492.6387037,r,42.476262860204265,33.66281343528804,18.33469896374733,99.0,P48
105,2458493.61127315,r,-2.8413706317368983,2.5045238988987895,21.155762038634606,99.0,P48
106,2458493.61127315,r,-2.8413706317368983,2.5045238988987895,21.155762038634606,99.0,P48
107,2458523.6664005,r,-0.17465554793076368,4.838745721251146,20.440742988423974,99.0,P48
108,2458540.6150926,r,-7.151852546978662,5.047420441301633,20.394901283630418,99.0,P48
109,2458667.9777082996,r,-6.823130995877354,5.521180346479194,20.29749515572297,99.0,P48
110,2458670.9753125,r,-2.5983914990822496,3.41291970567871,20.819759811820276,99.0,P48
111,2458676.9864467997,r,-1.064134559298498,4.451656549328014,20.531270862629846,99.0,P48
112,2458680.9332639,r,10.832078151795885,9.259087751474182,19.736154488982443,99.0,P48
113,2458681.9565625,r,-1.8702999586554245,7.1837530163968815,20.01169650791406,99.0,P48
114,2458682.9255961003,r,3.253325965729434,5.203674219989061,20.36179974065526,99.0,P48
115,2458682.9255961003,r,3.253325965729434,5.203674219989061,20.36179974065526,99.0,P48
116,2458683.9548494997,r,4.919698059837765,6.312125917974516,20.152135854540553,99.0,P48
117,2458684.9930903,r,3.3666409303416214,8.333126410167171,19.85055506429051,99.0,P48
118,2458685.9463889,r,5.326211776899168,3.8730778833921713,20.68243441349867,99.0,P48
119,2458685.9463889,r,5.326211776899168,3.8730778833921713,20.68243441349867,99.0,P48
120,2458691.92859375,r,-1.101638930889959,3.19983793307961,20.889755032853653,99.0,P48
121,2458691.92859375,r,-1.101638930889959,3.19983793307961,20.889755032853653,99.0,P48
122,2458693.9838194,r,6.741305910796462,2.8846308051375726,21.00234939651526,99.0,P48
123,2458694.9982176004,r,0.19622529137454828,3.251811172634107,20.87226169195327,99.0,P48
124,2458695.9670832995,r,-2.101256876902101,3.1236373978238308,20.915923454687174,99.0,P48
125,2458696.985,r,2.398927686166251,2.4428513000472485,21.18283241007514,99.0,P48
126,2458697.92439235,r,1.0896729531629088,2.11682499052469,21.338362604138844,99.0,P48
127,2458697.92439235,r,1.0896729531629088,2.11682499052469,21.338362604138844,99.0,P48
128,2458699.9991204,r,-1.2277962667511468,3.2100569838512714,20.886293134352986,99.0,P48
129,2458700.9428935,r,2.119697932964986,2.0743343663527787,21.36037808280068,99.0,P48
130,2458700.9428935,r,2.119697932964986,2.0743343663527787,21.36037808280068,99.0,P48
131,2458701.9975347,r,-2.777844352129117,5.167314794164912,20.369412689948227,99.0,P48
132,2458703.94899885,r,-2.2363735318920717,2.1290979305752615,21.332085894593853,99.0,P48
133,2458703.94899885,r,-2.2363735318920717,2.1290979305752615,21.332085894593853,99.0,P48
134,2458704.9829282,r,-5.500458080163947,3.239117670743968,20.876508175767327,99.0,P48
135,2458705.9632986,r,-0.05493867962716597,3.0980285972773043,20.92486143334375,99.0,P48
136,2458706.9912384497,r,-1.4711490015986315,1.967079768153374,21.418020060171955,99.0,P48
137,2458706.9912384497,r,-1.4711490015986315,1.967079768153374,21.418020060171955,99.0,P48
138,2458707.9683912,r,1.4878972842279676,2.7605264155550375,21.05009522097952,99.0,P48
139,2458709.90734375,r,-6.984861416316977,3.9658407001361997,20.656736825455773,99.0,P48
140,2458709.90734375,r,-6.984861416316977,3.9658407001361997,20.656736825455773,99.0,P48
141,2458711.9400694002,r,4.290942987936233,6.250858601827693,20.1627258016296,99.0,P48
142,2458712.9425752,r,1.0046907646898657,4.562743691749462,20.504509805824227,99.0,P48
143,2458712.9425752,r,1.0046907646898657,4.562743691749462,20.504509805824227,99.0,P48
144,2458713.8988426,r,3.7991258877534473,8.695075739947086,19.804391565780687,99.0,P48
145,2458714.9285417004,r,-6.014684951800349,7.801096789520061,19.922185823411255,99.0,P48
146,2458718.9631366003,r,5.1818564911171245,5.123137791362569,20.3787348972323,99.0,P48
147,2458721.9582523,r,0.9734459966550367,4.663084418949137,20.480891794534067,99.0,P48
148,2458727.9830207997,r,4.314618835852256,3.273757302305577,20.86495878877644,99.0,P48
149,2458730.9226968,r,-0.3892758655565245,3.309546816885711,20.853153666654457,99.0,P48
150,2458733.9060417004,r,0.009343732677319517,3.070374025813646,20.93459678055438,99.0,P48
151,2458736.9371528,r,-1.286749927157969,2.8231664166106634,21.025733791237297,99.0,P48
152,2458738.894838,r,3.3293695299173125,6.467745627945315,20.125692661503884,99.0,P48
153,2458739.9396875,r,1.919041129527155,4.798038939702729,20.449915568476943,99.0,P48
154,2458739.9396875,r,1.919041129527155,4.798038939702729,20.449915568476943,99.0,P48
155,2458745.8982869997,r,-10.56443207980422,8.12734546895464,19.87770318742404,99.0,P48
156,2458748.8360764,r,10.115040635374134,12.07720018875591,19.447659326358277,99.0,P48
157,2458751.8176968,r,0.16434620799807015,3.861059330683949,20.68580880108619,99.0,P48
158,2458756.8940625,r,-0.74737276837327,3.888537567202303,20.678109241572542,99.0,P48
159,2458757.8294329,r,2.621346847756481,3.59784385399304,20.76246921143929,99.0,P48
160,2458758.8230093,r,1.3833293577198107,3.680580401350857,20.737784216098113,99.0,P48
161,2458759.8594676,r,-1.6493272594243615,2.1538349253353632,21.31954395178657,99.0,P48
162,2458759.8594676,r,-1.6493272594243615,2.1538349253353632,21.31954395178657,99.0,P48
163,2458760.8188889,r,-1.7969677462602025,3.6300498314844756,20.752793522030974,99.0,P48
164,2458761.917963,r,6.290928028855953,4.500054808187956,20.51953048097235,99.0,P48
165,2458763.8596991003,r,-2.037279272612397,2.4049517280902517,21.199809079936706,99.0,P48
166,2458763.8596991003,r,-2.037279272612397,2.4049517280902517,21.199809079936706,99.0,P48
167,2458764.6615509,r,-11.795574848269888,7.879450846288964,19.911335112548088,99.0,P48
168,2458765.6585185,r,-2.785594228712845,8.180247607733754,19.870658865359104,99.0,P48
169,2458766.6565856,r,9.745245273331363,12.580590273458354,19.403322443125354,99.0,P48
170,2458767.6515393998,r,-3.6055130407083276,30.207801649620173,18.45227718674954,99.0,P48
171,2458768.6491782,r,12.969441866021318,16.51147741218736,19.108110152269827,99.0,P48
172,2458769.646169,r,-25.749023239320728,25.848077133464223,18.621504386676616,99.0,P48
173,2458772.6394328997,r,3.262410907069391,20.423266503206914,18.877261977928633,99.0,P48
174,2458774.637338,r,4.957297766776616,8.056147204232234,19.887256506231473,99.0,P48
175,2458775.6370602003,r,-1.8650743126547153,5.217849364318057,20.358846146246073,99.0,P48
176,2458776.6368633998,r,3.7947191699974203,5.547544430382513,20.29232301618434,99.0,P48
177,2458777.6372685,r,-2.9664817829188452,7.7219078309366465,19.933263455262107,99.0,P48
178,2458778.847415224,r,-0.9198040805205978,0.9134511410681672,22.250861682549303,99.0,P48
179,2458778.847415224,r,-0.9198040805205978,0.9134511410681672,22.250861682549303,99.0,P48
180,2458778.847415224,r,-0.9198040805205978,0.9134511410681672,22.250861682549303,99.0,P48
181,2458778.847415224,r,-0.9198040805205978,0.9134511410681672,22.250861682549303,99.0,P48
182,2458778.847415224,r,-0.9198040805205978,0.9134511410681672,22.250861682549303,99.0,P48
183,2458778.847415224,r,-0.9198040805205978,0.9134511410681672,22.250861682549303,99.0,P48
184,2458778.847415224,r,-0.9198040805205978,0.9134511410681672,22.250861682549303,99.0,P48
185,2458778.847415224,r,-0.9198040805205978,0.9134511410681672,22.250861682549303,99.0,P48
186,2458778.847415224,r,-0.9198040805205978,0.9134511410681672,22.250861682549303,99.0,P48
187,2458778.847415224,r,-0.9198040805205978,0.9134511410681672,22.250861682549303,99.0,P48
188,2458778.847415224,r,-0.9198040805205978,0.9134511410681672,22.250861682549303,99.0,P48
189,2458778.847415224,r,-0.9198040805205978,0.9134511410681672,22.250861682549303,99.0,P48
190,2458778.847415224,r,-0.9198040805205978,0.9134511410681672,22.250861682549303,99.0,P48
191,2458778.847415224,r,-0.9198040805205978,0.9134511410681672,22.250861682549303,99.0,P48
192,2458778.847415224,r,-0.9198040805205978,0.9134511410681672,22.250861682549303,99.0,P48
193,2458778.847415224,r,-0.9198040805205978,0.9134511410681672,22.250861682549303,99.0,P48
194,2458778.847415224,r,-0.9198040805205978,0.9134511410681672,22.250861682549303,99.0,P48
195,2458778.847415224,r,-0.9198040805205978,0.9134511410681672,22.250861682549303,99.0,P48
196,2458778.847415224,r,-0.9198040805205978,0.9134511410681672,22.250861682549303,99.0,P48
197,2458778.847415224,r,-0.9198040805205978,0.9134511410681672,22.250861682549303,99.0,P48
198,2458778.847415224,r,-0.9198040805205978,0.9134511410681672,22.250861682549303,99.0,P48
199,2458778.847415224,r,-0.9198040805205978,0.9134511410681672,22.250861682549303,99.0,P48
200,2458778.847415224,r,-0.9198040805205978,0.9134511410681672,22.250861682549303,99.0,P48
201,2458778.847415224,r,-0.9198040805205978,0.9134511410681672,22.250861682549303,99.0,P48
202,2458778.847415224,r,-0.9198040805205978,0.9134511410681672,22.250861682549303,99.0,P48
203,2458778.847415224,r,-0.9198040805205978,0.9134511410681672,22.250861682549303,99.0,P48
204,2458778.847415224,r,-0.9198040805205978,0.9134511410681672,22.250861682549303,99.0,P48
205,2458778.847415224,r,-0.9198040805205978,0.9134511410681672,22.250861682549303,99.0,P48
206,2458778.847415224,r,-0.9198040805205978,0.9134511410681672,22.250861682549303,99.0,P48
207,2458778.847415224,r,-0.9198040805205978,0.9134511410681672,22.250861682549303,99.0,P48
208,2458778.847415224,r,-0.9198040805205978,0.9134511410681672,22.250861682549303,99.0,P48
209,2458778.847415224,r,-0.9198040805205978,0.9134511410681672,22.250861682549303,99.0,P48
210,2458778.847415224,r,-0.9198040805205978,0.9134511410681672,22.250861682549303,99.0,P48
211,2458778.847415224,r,-0.9198040805205978,0.9134511410681672,22.250861682549303,99.0,P48
212,2458778.847415224,r,-0.9198040805205978,0.9134511410681672,22.250861682549303,99.0,P48
213,2458778.847415224,r,-0.9198040805205978,0.9134511410681672,22.250861682549303,99.0,P48
214,2458778.847415224,r,-0.9198040805205978,0.9134511410681672,22.250861682549303,99.0,P48
215,2458779.835103683,r,-0.8965698868347197,0.5864853923868291,22.731931990165776,99.0,P48
216,2458779.835103683,r,-0.8965698868347197,0.5864853923868291,22.731931990165776,99.0,P48
217,2458779.835103683,r,-0.8965698868347197,0.5864853923868291,22.731931990165776,99.0,P48
218,2458779.835103683,r,-0.8965698868347197,0.5864853923868291,22.731931990165776,99.0,P48
219,2458779.835103683,r,-0.8965698868347197,0.5864853923868291,22.731931990165776,99.0,P48
220,2458779.835103683,r,-0.8965698868347197,0.5864853923868291,22.731931990165776,99.0,P48
221,2458779.835103683,r,-0.8965698868347197,0.5864853923868291,22.731931990165776,99.0,P48
222,2458779.835103683,r,-0.8965698868347197,0.5864853923868291,22.731931990165776,99.0,P48
223,2458779.835103683,r,-0.8965698868347197,0.5864853923868291,22.731931990165776,99.0,P48
224,2458779.835103683,r,-0.8965698868347197,0.5864853923868291,22.731931990165776,99.0,P48
225,2458779.835103683,r,-0.8965698868347197,0.5864853923868291,22.731931990165776,99.0,P48
226,2458779.835103683,r,-0.8965698868347197,0.5864853923868291,22.731931990165776,99.0,P48
227,2458779.835103683,r,-0.8965698868347197,0.5864853923868291,22.731931990165776,99.0,P48
228,2458779.835103683,r,-0.8965698868347197,0.5864853923868291,22.731931990165776,99.0,P48
229,2458779.835103683,r,-0.8965698868347197,0.5864853923868291,22.731931990165776,99.0,P48
230,2458779.835103683,r,-0.8965698868347197,0.5864853923868291,22.731931990165776,99.0,P48
231,2458779.835103683,r,-0.8965698868347197,0.5864853923868291,22.731931990165776,99.0,P48
232,2458779.835103683,r,-0.8965698868347197,0.5864853923868291,22.731931990165776,99.0,P48
233,2458779.835103683,r,-0.8965698868347197,0.5864853923868291,22.731931990165776,99.0,P48
234,2458779.835103683,r,-0.8965698868347197,0.5864853923868291,22.731931990165776,99.0,P48
235,2458779.835103683,r,-0.8965698868347197,0.5864853923868291,22.731931990165776,99.0,P48
236,2458779.835103683,r,-0.8965698868347197,0.5864853923868291,22.731931990165776,99.0,P48
237,2458779.835103683,r,-0.8965698868347197,0.5864853923868291,22.731931990165776,99.0,P48
238,2458779.835103683,r,-0.8965698868347197,0.5864853923868291,22.731931990165776,99.0,P48
239,2458779.835103683,r,-0.8965698868347197,0.5864853923868291,22.731931990165776,99.0,P48
240,2458779.835103683,r,-0.8965698868347197,0.5864853923868291,22.731931990165776,99.0,P48
241,2458779.835103683,r,-0.8965698868347197,0.5864853923868291,22.731931990165776,99.0,P48
242,2458779.835103683,r,-0.8965698868347197,0.5864853923868291,22.731931990165776,99.0,P48
243,2458779.835103683,r,-0.8965698868347197,0.5864853923868291,22.731931990165776,99.0,P48
244,2458779.835103683,r,-0.8965698868347197,0.5864853923868291,22.731931990165776,99.0,P48
245,2458779.835103683,r,-0.8965698868347197,0.5864853923868291,22.731931990165776,99.0,P48
246,2458779.835103683,r,-0.8965698868347197,0.5864853923868291,22.731931990165776,99.0,P48
247,2458779.835103683,r,-0.8965698868347197,0.5864853923868291,22.731931990165776,99.0,P48
248,2458779.835103683,r,-0.8965698868347197,0.5864853923868291,22.731931990165776,99.0,P48
249,2458779.835103683,r,-0.8965698868347197,0.5864853923868291,22.731931990165776,99.0,P48
250,2458779.835103683,r,-0.8965698868347197,0.5864853923868291,22.731931990165776,99.0,P48
251,2458779.835103683,r,-0.8965698868347197,0.5864853923868291,22.731931990165776,99.0,P48
252,2458779.835103683,r,-0.8965698868347197,0.5864853923868291,22.731931990165776,99.0,P48
253,2458779.835103683,r,-0.8965698868347197,0.5864853923868291,22.731931990165776,99.0,P48
254,2458779.835103683,r,-0.8965698868347197,0.5864853923868291,22.731931990165776,99.0,P48
255,2458779.835103683,r,-0.8965698868347197,0.5864853923868291,22.731931990165776,99.0,P48
256,2458779.835103683,r,-0.8965698868347197,0.5864853923868291,22.731931990165776,99.0,P48
257,2458779.835103683,r,-0.8965698868347197,0.5864853923868291,22.731931990165776,99.0,P48
258,2458779.835103683,r,-0.8965698868347197,0.5864853923868291,22.731931990165776,99.0,P48
259,2458779.835103683,r,-0.8965698868347197,0.5864853923868291,22.731931990165776,99.0,P48
260,2458779.835103683,r,-0.8965698868347197,0.5864853923868291,22.731931990165776,99.0,P48
261,2458779.835103683,r,-0.8965698868347197,0.5864853923868291,22.731931990165776,99.0,P48
262,2458779.835103683,r,-0.8965698868347197,0.5864853923868291,22.731931990165776,99.0,P48
263,2458781.8310008016,r,0.39457439370018177,1.0193400385636493,22.13177728125982,99.0,P48
264,2458781.8310008016,r,0.39457439370018177,1.0193400385636493,22.13177728125982,99.0,P48
265,2458781.8310008016,r,0.39457439370018177,1.0193400385636493,22.13177728125982,99.0,P48
266,2458781.8310008016,r,0.39457439370018177,1.0193400385636493,22.13177728125982,99.0,P48
267,2458781.8310008016,r,0.39457439370018177,1.0193400385636493,22.13177728125982,99.0,P48
268,2458781.8310008016,r,0.39457439370018177,1.0193400385636493,22.13177728125982,99.0,P48
269,2458781.8310008016,r,0.39457439370018177,1.0193400385636493,22.13177728125982,99.0,P48
270,2458781.8310008016,r,0.39457439370018177,1.0193400385636493,22.13177728125982,99.0,P48
271,2458781.8310008016,r,0.39457439370018177,1.0193400385636493,22.13177728125982,99.0,P48
272,2458781.8310008016,r,0.39457439370018177,1.0193400385636493,22.13177728125982,99.0,P48
273,2458781.8310008016,r,0.39457439370018177,1.0193400385636493,22.13177728125982,99.0,P48
274,2458781.8310008016,r,0.39457439370018177,1.0193400385636493,22.13177728125982,99.0,P48
275,2458781.8310008016,r,0.39457439370018177,1.0193400385636493,22.13177728125982,99.0,P48
276,2458781.8310008016,r,0.39457439370018177,1.0193400385636493,22.13177728125982,99.0,P48
277,2458781.8310008016,r,0.39457439370018177,1.0193400385636493,22.13177728125982,99.0,P48
278,2458781.8310008016,r,0.39457439370018177,1.0193400385636493,22.13177728125982,99.0,P48
279,2458781.8310008016,r,0.39457439370018177,1.0193400385636493,22.13177728125982,99.0,P48
280,2458781.8310008016,r,0.39457439370018177,1.0193400385636493,22.13177728125982,99.0,P48
281,2458781.8310008016,r,0.39457439370018177,1.0193400385636493,22.13177728125982,99.0,P48
282,2458781.8310008016,r,0.39457439370018177,1.0193400385636493,22.13177728125982,99.0,P48
283,2458781.8310008016,r,0.39457439370018177,1.0193400385636493,22.13177728125982,99.0,P48
284,2458781.8310008016,r,0.39457439370018177,1.0193400385636493,22.13177728125982,99.0,P48
285,2458781.8310008016,r,0.39457439370018177,1.0193400385636493,22.13177728125982,99.0,P48
286,2458781.8310008016,r,0.39457439370018177,1.0193400385636493,22.13177728125982,99.0,P48
287,2458781.8310008016,r,0.39457439370018177,1.0193400385636493,22.13177728125982,99.0,P48
288,2458781.8310008016,r,0.39457439370018177,1.0193400385636493,22.13177728125982,99.0,P48
289,2458781.8310008016,r,0.39457439370018177,1.0193400385636493,22.13177728125982,99.0,P48
290,2458781.8310008016,r,0.39457439370018177,1.0193400385636493,22.13177728125982,99.0,P48
291,2458781.8310008016,r,0.39457439370018177,1.0193400385636493,22.13177728125982,99.0,P48
292,2458781.8310008016,r,0.39457439370018177,1.0193400385636493,22.13177728125982,99.0,P48
293,2458781.8310008016,r,0.39457439370018177,1.0193400385636493,22.13177728125982,99.0,P48
294,2458781.8310008016,r,0.39457439370018177,1.0193400385636493,22.13177728125982,99.0,P48
295,2458781.8310008016,r,0.39457439370018177,1.0193400385636493,22.13177728125982,99.0,P48
296,2458781.8310008016,r,0.39457439370018177,1.0193400385636493,22.13177728125982,99.0,P48
297,2458781.8310008016,r,0.39457439370018177,1.0193400385636493,22.13177728125982,99.0,P48
298,2458781.8310008016,r,0.39457439370018177,1.0193400385636493,22.13177728125982,99.0,P48
299,2458781.8310008016,r,0.39457439370018177,1.0193400385636493,22.13177728125982,99.0,P48
300,2458781.8310008016,r,0.39457439370018177,1.0193400385636493,22.13177728125982,99.0,P48
301,2458781.8310008016,r,0.39457439370018177,1.0193400385636493,22.13177728125982,99.0,P48
302,2458781.8310008016,r,0.39457439370018177,1.0193400385636493,22.13177728125982,99.0,P48
303,2458781.8310008016,r,0.39457439370018177,1.0193400385636493,22.13177728125982,99.0,P48
304,2458781.8310008016,r,0.39457439370018177,1.0193400385636493,22.13177728125982,99.0,P48
305,2458781.8310008016,r,0.39457439370018177,1.0193400385636493,22.13177728125982,99.0,P48
306,2458781.8310008016,r,0.39457439370018177,1.0193400385636493,22.13177728125982,99.0,P48
307,2458781.8310008016,r,0.39457439370018177,1.0193400385636493,22.13177728125982,99.0,P48
308,2458781.8310008016,r,0.39457439370018177,1.0193400385636493,22.13177728125982,99.0,P48
309,2458781.8310008016,r,0.39457439370018177,1.0193400385636493,22.13177728125982,99.0,P48
310,2458781.8310008016,r,0.39457439370018177,1.0193400385636493,22.13177728125982,99.0,P48
311,2458781.8310008016,r,0.39457439370018177,1.0193400385636493,22.13177728125982,99.0,P48
312,2458783.6374884,r,-0.713505551422545,5.501687033170047,20.30133528503685,99.0,P48
313,2458785.6371296,r,0.8570289716449806,5.642881293465891,20.273822703346173,99.0,P48
314,2458786.6440394,r,9.989707650464364,5.945233191869021,20.217152754743843,99.0,P48
315,2458787.6363889,r,-9.540982960610002,9.220899014295659,19.740641824835578,99.0,P48
316,2458788.6372917006,r,6.043282766602975,6.668735154269553,20.092466314268016,99.0,P48
317,2458789.7148206,r,-3.1188242923772487,3.3293222121621637,20.846685418516444,99.0,P48
318,2458789.7148206,r,-3.1188242923772487,3.3293222121621637,20.846685418516444,99.0,P48
319,2458793.8686458,r,1.6595458752309642,5.077226875091207,20.38850856361144,99.0,P48
320,2458796.7960647997,r,-4.787673760743151,9.993553701106093,19.653275112854118,99.0,P48
321,2458800.8171875,r,13.11764118695049,10.99051121979499,19.550030254285865,99.0,P48
322,2458801.8107986,r,-1.4338621147258823,9.112925986458473,19.75343038159407,99.0,P48
323,2458803.7787384503,r,0.5376186116437544,3.9438096193428294,20.6627851342784,99.0,P48
324,2458803.7787384503,r,0.5376186116437544,3.9438096193428294,20.6627851342784,99.0,P48
325,2458806.7471991,r,4.699100147995959,3.11017534602345,20.920612803036818,99.0,P48
326,2458811.6629745,r,-2.338201630341591,4.225583637951755,20.587858233616462,99.0,P48
327,2458812.7034143996,r,9.15622616480139,3.876359672367419,20.681514822291135,99.0,P48
328,2458814.6742824,r,-15.08178894884129,16.11781821842511,19.13430935575824,99.0,P48
329,2458831.6009954,r,-3.3030776636273904,4.594105626469104,20.497072548764002,99.0,P48
330,2458835.6001852,r,-20.2927657934418,30.948770342133503,18.425966493429954,99.0,P48
331,2458846.6272337995,r,1.6944479634914804,3.648112509931513,20.747404429760692,99.0,P48
332,2458849.6483912,r,-3.4182101566298457,3.6916085792162026,20.734535872643022,99.0,P48
333,2458856.65703125,r,-3.415123730483422,4.420726411860526,20.538840893422005,99.0,P48
334,2458856.65703125,r,-3.415123730483422,4.420726411860526,20.538840893422005,99.0,P48
335,2458859.7181366,r,-11.164308179731732,7.173223195090621,20.013289128825786,99.0,P48
336,2458860.6558565,r,-6.473693734448007,6.694456193090772,20.088286729192447,99.0,P48
337,2458861.6556018996,r,-2.534978265803693,5.295383358909213,20.342831473409,99.0,P48
338,2458863.5837268997,r,-3.0623441651450807,3.840896888128759,20.69149336829061,99.0,P48
339,2458867.5876273,r,4.67947484927547,8.807323722568949,19.790465090177257,99.0,P48
340,2458871.60394675,r,0.8966203008689189,2.4619700264552624,21.17436808601485,99.0,P48
341,2458871.60394675,r,0.8966203008689189,2.4619700264552624,21.17436808601485,99.0,P48
342,2458872.6347801,r,0.1651346297363464,4.058285532547022,20.631718489583285,99.0,P48
343,2458873.6524769,r,-3.30393675871284,3.6895070948336812,20.73515411461083,99.0,P48
344,2458874.6184548996,r,-6.453381558260632,4.0966333558884935,20.62150724710707,99.0,P48
345,2458874.6184548996,r,-6.453381558260632,4.0966333558884935,20.62150724710707,99.0,P48
346,2458875.610544,r,-2.4562744352637003,2.58215714700952,21.122618315710508,99.0,P48
347,2458875.610544,r,-2.4562744352637003,2.58215714700952,21.122618315710508,99.0,P48
348,2458876.6199306,r,4.054710357157263,3.520032824417027,20.78620820589309,99.0,P48
349,2458877.6211227,r,1.649526509427784,4.232249954119064,20.586146716775836,99.0,P48
350,2458882.6314294003,r,-2.1946052917693257,4.52678625593988,20.513100017587924,99.0,P48
351,2458882.6314294003,r,-2.1946052917693257,4.52678625593988,20.513100017587924,99.0,P48
352,2458884.6439236,r,-4.020863926284448,10.137214677356374,19.63777837987728,99.0,P48
353,2458885.6426505,r,5.251025321391346,6.4764080214005,20.124239484130847,99.0,P48
354,2458885.6426505,r,5.251025321391346,6.4764080214005,20.124239484130847,99.0,P48
355,2458886.6206829,r,-2.08286609054388,6.085038597781598,20.191916645830034,99.0,P48
356,2458887.6085764,r,-8.501734182697813,5.680988314717111,20.2665152492264,99.0,P48
357,2458891.6148206,r,0.21892470613187123,3.3186495766130486,20.850171497320332,99.0,P48
358,2458891.6148206,r,0.21892470613187123,3.3186495766130486,20.850171497320332,99.0,P48
359,2458892.6388542005,r,4.445766654707963,4.045636064753273,20.63510795877883,99.0,P48
360,2458893.6280092997,r,-3.051448269837046,2.1847765830569688,21.304057408441302,99.0,P48
361,2458894.6218403,r,-4.220967478375399,3.920665654785512,20.66917546851073,99.0,P48
362,2458895.6498726998,r,-1.2624935721710728,1.5813475553274652,21.655006660356648,99.0,P48
363,2458895.6498726998,r,-1.2624935721710728,1.5813475553274652,21.655006660356648,99.0,P48
364,2458896.6342361,r,-0.1649287998753975,4.384873154615979,20.547682402571354,99.0,P48
365,2458899.6097106,r,-6.5228008788647935,4.565082649505893,20.503953377365093,99.0,P48
366,2458900.6536227,r,1.3586887964072931,11.35983164547136,19.514145251388072,99.0,P48
367,2458905.6117824,r,12.498901510706617,8.780413708098335,19.793787541390323,99.0,P48
368,2458913.6574884,r,12.11493660191315,15.267206561615751,19.193176035329685,99.0,P48
369,2458914.6247627,r,-14.757356053976881,24.011572222552655,18.701523495178975,99.0,P48
370,2458914.6247627,r,-14.757356053976881,24.011572222552655,18.701523495178975,99.0,P48
371,2458914.6247627,r,-14.757356053976881,24.011572222552655,18.701523495178975,99.0,P48
372,2458914.6247627,r,-14.757356053976881,24.011572222552655,18.701523495178975,99.0,P48
373,2459015.970888325,r,3.7277110699060376,6.279921526093066,20.157689447093112,99.0,P48
374,2459015.970888325,r,3.7277110699060376,6.279921526093066,20.157689447093112,99.0,P48
375,2459015.970888325,r,3.7277110699060376,6.279921526093066,20.157689447093112,99.0,P48
376,2459015.970888325,r,3.7277110699060376,6.279921526093066,20.157689447093112,99.0,P48
377,2459017.971397575,r,-5.706450014679218,3.5710420224000567,20.77058758715246,99.0,P48
378,2459017.971397575,r,-5.706450014679218,3.5710420224000567,20.77058758715246,99.0,P48
379,2459017.971397575,r,-5.706450014679218,3.5710420224000567,20.77058758715246,99.0,P48
380,2459017.971397575,r,-5.706450014679218,3.5710420224000567,20.77058758715246,99.0,P48
381,2459046.948912,r,2.7083950709750786,3.5105399601546985,20.789140186827147,99.0,P48
382,2459048.9263194,r,-3.8960898631357477,3.026754918026991,20.95013184728851,99.0,P48
383,2459049.9261227003,r,0.48932170804111785,3.472156278290277,20.80107682889559,99.0,P48
384,2459050.973669,r,1.5414619056767709,3.3558016124283196,20.838084293194967,99.0,P48
385,2459051.9293519,r,-1.6326542436176572,3.361024152512866,20.836395905795413,99.0,P48
386,2459052.9296412,r,0.8715422309831699,3.0738261307621686,20.933376743568566,99.0,P48
387,2459053.9690972,r,2.4820689372607565,2.7504728647918637,21.05405657738822,99.0,P48
388,2459054.9241898,r,-2.3288333032217965,3.7283296628604927,20.723789223764534,99.0,P48
389,2459055.9708796,r,0.07048414197276782,2.8249026963791954,21.025066256252167,99.0,P48
390,2459056.9661457995,r,-5.1615407452531255,2.9414744416923546,20.98116229121174,99.0,P48
391,2459057.9647454,r,-1.2201934582268672,3.0016857032853186,20.959161947335453,99.0,P48
392,2459059.9658796,r,-0.4977357002441138,2.8848418891840417,21.00226995022831,99.0,P48
393,2459060.944838,r,2.821315620578587,2.8238958634495486,21.025453296067397,99.0,P48
394,2459061.8944329,r,-1.752806349752263,4.724225201270963,20.4667485091125,99.0,P48
395,2459062.9841782004,r,-3.0044171957932204,3.5693925639304918,20.771089202786314,99.0,P48
396,2459063.9028125,r,1.904365646871582,7.182711851427822,20.01185387864018,99.0,P48
397,2459064.9248032495,r,-6.258716832436992,4.916811540088454,20.42336608358007,99.0,P48
398,2459064.9248032495,r,-6.258716832436992,4.916811540088454,20.42336608358007,99.0,P48
399,2459065.9330555503,r,-5.925721802589364,6.333425387735068,20.14847834261855,99.0,P48
400,2459065.9330555503,r,-5.925721802589364,6.333425387735068,20.14847834261855,99.0,P48
401,2459066.9761458496,r,5.285631671592373,4.384626357327681,20.547743513641798,99.0,P48
402,2459066.9761458496,r,5.285631671592373,4.384626357327681,20.547743513641798,99.0,P48
403,2459067.94468175,r,0.0835532035026926,4.175348575090919,20.600843144150268,99.0,P48
404,2459067.94468175,r,0.0835532035026926,4.175348575090919,20.600843144150268,99.0,P48
405,2459068.9337847,r,-1.9814185313260826,6.097564898490294,20.189683910768423,99.0,P48
406,2459069.9695023,r,2.066254368931607,4.50968542120177,20.51720936872288,99.0,P48
407,2459073.9655266497,r,0.37432917750589767,2.75332966012377,21.052929456134887,99.0,P48
408,2459073.9655266497,r,0.37432917750589767,2.75332966012377,21.052929456134887,99.0,P48
409,2459074.9015046,r,-8.753654693766558,16.125893108904023,19.133765547321506,99.0,P48
410,2459075.97143515,r,-4.035958847894833,2.1922035321890876,21.3003728062314,99.0,P48
411,2459075.97143515,r,-4.035958847894833,2.1922035321890876,21.3003728062314,99.0,P48
412,2459076.9236959666,r,-0.44765183324538516,2.008427114762189,21.395434799327965,99.0,P48
413,2459076.9236959666,r,-0.44765183324538516,2.008427114762189,21.395434799327965,99.0,P48
414,2459076.9236959666,r,-0.44765183324538516,2.008427114762189,21.395434799327965,99.0,P48
415,2459077.95252315,r,0.10854075345346946,2.0584383515197624,21.368730327216404,99.0,P48
416,2459077.95252315,r,0.10854075345346946,2.0584383515197624,21.368730327216404,99.0,P48
417,2459079.9582986,r,-3.3578829920464295,3.3268035007056973,20.847507114640024,99.0,P48
418,2459080.9967245,r,-2.2125065305002773,3.3946768010254353,20.825578908018386,99.0,P48
419,2459081.94239005,r,0.49503964507341386,2.203791152481941,21.294648901213172,99.0,P48
420,2459081.94239005,r,0.49503964507341386,2.203791152481941,21.294648901213172,99.0,P48
421,2459083.0121759,r,0.5416346951175425,4.308833807445544,20.56667563018715,99.0,P48
422,2459084.9987557502,r,-3.2492435385409584,2.376456114334467,21.212750492528684,99.0,P48
423,2459084.9987557502,r,-3.2492435385409584,2.376456114334467,21.212750492528684,99.0,P48
424,2459085.98542245,r,1.3111299617179926,1.967501163827771,21.417787494340992,99.0,P48
425,2459085.98542245,r,1.3111299617179926,1.967501163827771,21.417787494340992,99.0,P48
426,2459086.9149306,r,1.0564179160003302,1.5688274698893998,21.663637026296747,99.0,P48
427,2459086.9149306,r,1.0564179160003302,1.5688274698893998,21.663637026296747,99.0,P48
428,2459086.9149306,r,1.0564179160003302,1.5688274698893998,21.663637026296747,99.0,P48
429,2459087.9496103004,r,-2.1428936897490085,1.7596947405810797,21.53898164914076,99.0,P48
430,2459087.9496103004,r,-2.1428936897490085,1.7596947405810797,21.53898164914076,99.0,P48
431,2459087.9496103004,r,-2.1428936897490085,1.7596947405810797,21.53898164914076,99.0,P48
432,2459088.9205729,r,0.3750479195404848,2.4713066923793567,21.170258376016115,99.0,P48
433,2459088.9205729,r,0.3750479195404848,2.4713066923793567,21.170258376016115,99.0,P48
434,2459089.9532021666,r,0.17681107801338786,1.7959226385726466,21.516855926656667,99.0,P48
435,2459089.9532021666,r,0.17681107801338786,1.7959226385726466,21.516855926656667,99.0,P48
436,2459089.9532021666,r,0.17681107801338786,1.7959226385726466,21.516855926656667,99.0,P48
437,2459090.967550134,r,1.9257299597257986,1.4973223674923541,21.71428670849101,99.0,P48
438,2459090.967550134,r,1.9257299597257986,1.4973223674923541,21.71428670849101,99.0,P48
439,2459090.967550134,r,1.9257299597257986,1.4973223674923541,21.71428670849101,99.0,P48
440,2459091.9622338,r,1.7103766443813633,2.5726028190161783,21.126643136172405,99.0,P48
441,2459093.88914355,r,4.722679377360158,4.951647830427053,20.415700615780125,99.0,P48
442,2459093.88914355,r,4.722679377360158,4.951647830427053,20.415700615780125,99.0,P48
443,2459094.9060570667,r,3.5540455493440324,6.288515146097138,20.156204710993354,99.0,P48
444,2459094.9060570667,r,3.5540455493440324,6.288515146097138,20.156204710993354,99.0,P48
445,2459094.9060570667,r,3.5540455493440324,6.288515146097138,20.156204710993354,99.0,P48
446,2459095.9227199,r,-2.7694914912903594,4.958807660191641,20.414131830620825,99.0,P48
447,2459095.9227199,r,-2.7694914912903594,4.958807660191641,20.414131830620825,99.0,P48
448,2459095.9227199,r,-2.7694914912903594,4.958807660191641,20.414131830620825,99.0,P48
449,2459096.8611806,r,3.0953077521772636,7.509601719125916,19.963532728464664,99.0,P48
450,2459102.93070025,r,-1.3295242426957716,10.09248363559095,19.642579854414393,99.0,P48
451,2459102.93070025,r,-1.3295242426957716,10.09248363559095,19.642579854414393,99.0,P48
452,2459104.9165509,r,-4.010505991980967,6.819898802418207,20.068130163177635,99.0,P48
453,2459106.8799884,r,4.257016049408184,4.380586922307808,20.548744233423143,99.0,P48
454,2459109.91296875,r,4.167542161671109,2.5484773840225174,21.13687302946468,99.0,P48
455,2459109.91296875,r,4.167542161671109,2.5484773840225174,21.13687302946468,99.0,P48
456,2459110.9703819,r,-3.259856442484728,3.157092993764366,20.904356553051592,99.0,P48
457,2459111.9104398,r,-2.426623762976816,2.9991507184892594,20.960079261103694,99.0,P48
458,2459112.8711574003,r,-0.011830931807562686,1.7725220345061592,21.531095882477118,99.0,P48
459,2459112.8711574003,r,-0.011830931807562686,1.7725220345061592,21.531095882477118,99.0,P48
460,2459113.8264352,r,-0.34127927460406254,3.6381117828764706,20.75038489201927,99.0,P48
461,2459115.8562963,r,0.36806839012469234,2.405637892722717,21.199499349177003,99.0,P48
462,2459115.8562963,r,0.36806839012469234,2.405637892722717,21.199499349177003,99.0,P48
463,2459116.8584375,r,2.66900352241303,2.9330258010613224,20.98428528072897,99.0,P48
464,2459117.8867477,r,2.598118551498884,2.963860797835648,20.972930482922344,99.0,P48
465,2459118.8177662,r,3.869428033493329,2.3336831437026815,21.23247026593092,99.0,P48
466,2459118.8177662,r,3.869428033493329,2.3336831437026815,21.23247026593092,99.0,P48
467,2459122.8824306,r,5.959035906683561,9.651566011722398,19.691080525730236,99.0,P48
468,2459123.8542477,r,-15.92818489662705,10.865777111375579,19.56242300878798,99.0,P48
469,2459124.8694907003,r,-2.6682632712412873,12.272351310444073,19.43025554173107,99.0,P48
470,2459128.8856597,r,-11.492296663737152,9.664835961913429,19.689588770936155,99.0,P48
471,2459130.7965278,r,-0.2756201741428653,3.916322505537685,20.670378868277915,99.0,P48
472,2459134.8284954,r,3.7428474354973917,3.1756217734520926,20.898003061671172,99.0,P48
473,2459136.8278587996,r,3.598681373721659,3.2367105790592814,20.877315320926147,99.0,P48
474,2459138.8490972,r,3.300801180589569,3.4167123875815366,20.81855393354686,99.0,P48
475,2459140.7619444,r,0.7297453380391449,3.129384837577018,20.91392755416193,99.0,P48
476,2459142.7876157,r,-1.1835952299964443,3.127473822588207,20.91459078097858,99.0,P48
477,2459144.7388079,r,-0.5954215281475287,2.713947853787719,21.06857124215299,99.0,P48
478,2459146.7998495,r,-113.98317100395121,68.89243589637444,17.55714613717757,99.0,P48
479,2459150.791875,r,1.6525602405564495,5.868560825389063,20.231245963564227,99.0,P48
480,2458298.9836457996,g,-7.754251608898688,15.515079260670252,19.17568999272981,99.0,P48
481,2458301.9775347,g,-1.928254016180546,8.598120320261266,19.81656619354038,99.0,P48
482,2458304.9641203997,g,1.5885246964266784,7.110295460614745,20.022855869807927,99.0,P48
483,2458312.9761921,g,-5.293979139813783,3.410202677139541,20.820624511658487,99.0,P48
484,2458315.9467361,g,8.370560318595542,3.4248421141050343,20.815973601087713,99.0,P48
485,2458318.9458218,g,3.599036372705628,2.7765845312041306,21.04379773964419,99.0,P48
486,2458321.9460069,g,-0.8411758093304611,3.02486111617199,20.950811391163775,99.0,P48
487,2458324.9416087996,g,2.9006758786299867,6.973062284995412,20.044016128058956,99.0,P48
488,2458327.9853588,g,13.201396694615712,8.701059089062728,19.803644694239328,99.0,P48
489,2458330.9853472,g,-4.732488409341359,8.48830209672181,19.830522920136985,99.0,P48
490,2458332.9908912,g,-9.286468055161063,107.57960228523976,17.07325015318377,99.0,P48
491,2458335.9854514,g,1.1974148366832689,4.58405393785349,20.499450691470212,99.0,P48
492,2458338.9185185,g,5.898682172832962,2.5631479423886745,21.130640804260437,99.0,P48
493,2458342.9571875,g,2.073492382701301,2.4352378206846104,21.18622153917698,99.0,P48
494,2458345.9418808,g,2.076804286120887,1.5884877705731242,21.65011530007019,99.0,P48
495,2458345.9418808,g,2.076804286120887,1.5884877705731242,21.65011530007019,99.0,P48
496,2458346.9710995,g,5.724721848265005,2.200929848035273,21.296059488747407,99.0,P48
497,2458347.9867187496,g,2.907403563775377,1.8231319106585904,21.500529757458644,99.0,P48
498,2458347.9867187496,g,2.907403563775377,1.8231319106585904,21.500529757458644,99.0,P48
499,2458348.9702546,g,5.168742228301346,1.738308509178072,21.552257848948173,99.0,P48
500,2458348.9702546,g,5.168742228301346,1.738308509178072,21.552257848948173,99.0,P48
501,2458349.9348611,g,4.324851345115116,1.9949955250231353,21.402720174516496,99.0,P48
502,2458350.9502662,g,3.090664340973747,2.008743321958802,21.395263874241422,99.0,P48
503,2458351.9480729,g,2.218662749555825,1.568064269134092,21.664165342079905,99.0,P48
504,2458351.9480729,g,2.218662749555825,1.568064269134092,21.664165342079905,99.0,P48
505,2458352.9314698996,g,4.269756481066068,2.258768239400054,21.267895807956002,99.0,P48
506,2458363.9045486003,g,0.6493137505623687,3.5379430630346533,20.780697890597963,99.0,P48
507,2458363.9045486003,g,0.6493137505623687,3.5379430630346533,20.780697890597963,99.0,P48
508,2458364.9134375,g,3.8972626724834036,3.9626809110861325,20.65760223207782,99.0,P48
509,2458365.9044792005,g,6.92464981846727,2.6478729959439975,21.095332112848308,99.0,P48
510,2458366.9267631,g,4.745660611419622,1.4417823230536664,22.20932393183623,0.3297864807080215,P48
511,2458366.9267631,g,4.745660611419622,1.4417823230536664,22.20932393183623,0.3297864807080215,P48
512,2458366.9267631,g,4.745660611419622,1.4417823230536664,22.20932393183623,0.3297864807080215,P48
513,2458367.9297569497,g,1.25711841448902,1.5971772546745124,21.644192197161875,99.0,P48
514,2458367.9297569497,g,1.25711841448902,1.5971772546745124,21.644192197161875,99.0,P48
515,2458368.9089698996,g,2.488286833208419,2.201801187726057,21.29562973500883,99.0,P48
516,2458369.97522565,g,4.104210373423541,1.6895125343430615,21.583171443872555,99.0,P48
517,2458369.97522565,g,4.104210373423541,1.6895125343430615,21.583171443872555,99.0,P48
518,2458370.8882407,g,1.8932178053240616,2.514116315190676,21.1516115732106,99.0,P48
519,2458371.8833681,g,2.639272510137885,2.2215776083453047,21.285921265567282,99.0,P48
520,2458372.9202488502,g,4.458790756922811,1.5853923945275574,21.652233063016936,99.0,P48
521,2458372.9202488502,g,4.458790756922811,1.5853923945275574,21.652233063016936,99.0,P48
522,2458373.9075231003,g,55.83251904944189,2.71001270219073,19.532847565346817,0.052688269100361194,P48
523,2458374.9060069,g,66.76161317762002,2.8071245530780033,19.33874856703075,0.04564200230241949,P48
524,2458375.9331655,g,60.05113987487015,1.8718071164673749,19.453762483581556,0.033835271556195895,P48
525,2458375.9331655,g,60.05113987487015,1.8718071164673749,19.453762483581556,0.033835271556195895,P48
526,2458376.943044,g,53.47292114368211,2.6214696876592445,19.57973084830735,0.053215819990607,P48
527,2458377.8888194,g,42.730566837669464,2.474520902029037,19.823218987428618,0.06286114690115867,P48
528,2458378.9524016,g,29.361549409268047,1.7892878272728783,20.230618198349553,0.06615018538128054,P48
529,2458378.9524016,g,29.361549409268047,1.7892878272728783,20.230618198349553,0.06615018538128054,P48
530,2458379.9440162,g,24.192521135113246,2.6039790786758417,20.440862799453747,0.1168385582517915,P48
531,2458382.933669,g,14.777473077690475,1.6338064710902052,20.976065180274432,0.12001354460566487,P48
532,2458382.933669,g,14.777473077690475,1.6338064710902052,20.976065180274432,0.12001354460566487,P48
533,2458383.9790278,g,12.97565274060179,2.2458029552964125,21.117242586614697,0.18787641413569406,P48
534,2458384.9693287,g,7.925269109682149,6.432246739788448,20.131668250371277,99.0,P48
535,2458385.8916551,g,5.803630466541311,6.377507173051827,20.140947599781306,99.0,P48
536,2458385.8916551,g,5.803630466541311,6.377507173051827,20.140947599781306,99.0,P48
537,2458386.9729514,g,8.045811302172392,12.139270904991562,19.442093480600086,99.0,P48
538,2458390.8775694002,g,4.5266523113174335,5.914708565134836,20.222741612807532,99.0,P48
539,2458397.8739699,g,8.284646161052768,2.3830309868285013,21.60438071142096,0.3122378537255023,P48
540,2458422.7694329,g,-0.22364374641232224,3.167705954318766,20.900712836809227,99.0,P48
541,2458425.8409837997,g,-0.3121548857855296,2.572966900606963,21.126489490769934,99.0,P48
542,2458428.7184028,g,1.2847853250534362,2.6101630625382173,21.11090589040385,99.0,P48
543,2458431.7393056,g,6.863224377260897,5.095727728050227,20.38455945171512,99.0,P48
544,2458434.7666204,g,4.7571281126341205,3.3472660675078565,20.8408494018285,99.0,P48
545,2458437.7461227,g,3.0256936956231386,3.859933742065786,20.68612536459338,99.0,P48
546,2458440.7352082995,g,57.25107649142673,124.2485862133093,16.916846349836703,99.0,P48
547,2458450.7709491,g,5.04929976624749,33.71816528506892,18.332915151105627,99.0,P48
548,2458462.7628935003,g,7.022928749790782,8.83481789362751,19.78708098389872,99.0,P48
549,2458468.7965741,g,-11.045182381952989,5.2314982957320035,20.356009768722338,99.0,P48
550,2458469.6635417,g,-1.4761578735603353,6.804437429928261,20.07059442694912,99.0,P48
551,2458472.6804398,g,2.365548317146393,4.554911887502573,20.506375038709336,99.0,P48
552,2458472.6804398,g,2.365548317146393,4.554911887502573,20.506375038709336,99.0,P48
553,2458472.6804398,g,2.365548317146393,4.554911887502573,20.506375038709336,99.0,P48
554,2458474.6028356003,g,-0.7389164448871591,8.573066675700849,19.81973448566478,99.0,P48
555,2458475.59895835,g,-11.528138659861247,5.355008051465519,20.330674668791893,99.0,P48
556,2458475.59895835,g,-11.528138659861247,5.355008051465519,20.330674668791893,99.0,P48
557,2458483.6169328997,g,-2.237141086206345,2.848532726115682,21.016021955841268,99.0,P48
558,2458487.6769560003,g,-0.9153942997906687,2.786490746211748,21.03993097634588,99.0,P48
559,2458490.62362845,g,1.7415399515570453,2.27716504521631,21.25908871737716,99.0,P48
560,2458490.62362845,g,1.7415399515570453,2.27716504521631,21.25908871737716,99.0,P48
561,2458491.6768171,g,7.801846548983029,3.268520514255754,20.86669695146415,99.0,P48
562,2458492.6742245,g,8.286489480584251,7.293178810027261,19.995282835460817,99.0,P48
563,2458493.67193865,g,1.151720034840523,2.2223039031225493,21.285566366571903,99.0,P48
564,2458493.67193865,g,1.151720034840523,2.2223039031225493,21.285566366571903,99.0,P48
565,2458495.6616897997,g,3.0176686949729365,7.660660442889009,19.941909457265794,99.0,P48
566,2458503.6737094503,g,15.603639055164017,6.9154659992653205,20.053021363154865,99.0,P48
567,2458503.6737094503,g,15.603639055164017,6.9154659992653205,20.053021363154865,99.0,P48
568,2458505.6750347,g,5.047458271703331,12.141178253005673,19.44192290082335,99.0,P48
569,2458509.64956595,g,8.648236751919121,3.7602743800662912,20.71452614984537,99.0,P48
570,2458509.64956595,g,8.648236751919121,3.7602743800662912,20.71452614984537,99.0,P48
571,2458510.6600579,g,1.3926604426793778,4.881757171291508,20.431134556880515,99.0,P48
572,2458511.6435417,g,4.323896743494114,4.037311636829813,20.637344305297326,99.0,P48
573,2458514.6583506996,g,4.5562705199835545,2.065932031493238,21.364784915989183,99.0,P48
574,2458514.6583506996,g,4.5562705199835545,2.065932031493238,21.364784915989183,99.0,P48
575,2458522.6453588,g,3.7741764546218057,4.384239238008764,20.547839377686195,99.0,P48
576,2458534.6301157502,g,-2.537654906429413,9.423132558154904,19.717086737866104,99.0,P48
577,2458534.6301157502,g,-2.537654906429413,9.423132558154904,19.717086737866104,99.0,P48
578,2458539.6325520994,g,2.770888559115259,2.814845764623591,21.02893848089668,99.0,P48
579,2458539.6325520994,g,2.770888559115259,2.814845764623591,21.02893848089668,99.0,P48
580,2458540.6423843,g,4.763316971266768,5.41368999889119,20.31884153070005,99.0,P48
581,2458667.9462963,g,-0.3384936427982071,3.3510937308652577,20.83960855085477,99.0,P48
582,2458670.9515162003,g,5.7544311114713755,3.0309046802913704,20.94864429330393,99.0,P48
583,2458673.9719792004,g,3.7618020201285227,3.3578443545842838,20.837423585378364,99.0,P48
584,2458676.9365625,g,2.247888093953317,3.5034990470318506,20.791319979911258,99.0,P48
585,2458678.9378009,g,4.537926990047022,6.310095500406444,20.152485158804893,99.0,P48
586,2458679.95338545,g,3.535518886826905,5.205358333479193,20.361448410597312,99.0,P48
587,2458679.95338545,g,3.535518886826905,5.205358333479193,20.361448410597312,99.0,P48
588,2458681.9904167005,g,-3.4170655946432364,9.775120742307758,19.67726966289195,99.0,P48
589,2458682.9882118,g,-6.31320721989298,5.611535381627268,20.279870725263393,99.0,P48
590,2458682.9882118,g,-6.31320721989298,5.611535381627268,20.279870725263393,99.0,P48
591,2458684.9335764,g,10.822272658915907,8.362392676476366,19.846748596544078,99.0,P48
592,2458685.9824421,g,-4.459718010038829,5.831747509625342,20.23807820772253,99.0,P48
593,2458686.9905093,g,2.7080747321363634,7.4714423914348735,19.969063858727772,99.0,P48
594,2458691.98212965,g,0.45279654418315834,2.6188698495947214,21.107290199766723,99.0,P48
595,2458691.98212965,g,0.45279654418315834,2.6188698495947214,21.107290199766723,99.0,P48
596,2458693.9507176,g,0.7387713398694096,2.531211455648237,21.14425392082653,99.0,P48
597,2458694.9753703997,g,3.4879943255617087,1.5638896654673022,21.667059714807223,99.0,P48
598,2458694.9753703997,g,3.4879943255617087,1.5638896654673022,21.667059714807223,99.0,P48
599,2458695.9560301,g,4.770666828792562,2.4803031480532045,21.166313077940416,99.0,P48
600,2458696.9467014,g,2.130982841443197,2.6422282002428714,21.09764918057913,99.0,P48
601,2458697.98266205,g,2.697379375511539,1.8736890045605046,21.470831218633805,99.0,P48
602,2458697.98266205,g,2.697379375511539,1.8736890045605046,21.470831218633805,99.0,P48
603,2458698.9528935,g,3.5408545395152258,2.432818914306118,21.187300530072186,99.0,P48
604,2458699.9726736,g,4.052960843154673,2.560580071093032,21.131729086488114,99.0,P48
605,2458700.9847685,g,1.4013691100177206,1.7785361351636495,21.527418255835144,99.0,P48
606,2458700.9847685,g,1.4013691100177206,1.7785361351636495,21.527418255835144,99.0,P48
607,2458701.9632755,g,-0.07614626021348728,2.4726212176114264,21.169681010125615,99.0,P48
608,2458703.992963,g,3.52086454229724,1.9924502984944124,21.40410624725035,99.0,P48
609,2458703.992963,g,3.52086454229724,1.9924502984944124,21.40410624725035,99.0,P48
610,2458704.9254745,g,1.4742120797752318,3.2070806791607183,20.88730027559269,99.0,P48
611,2458705.9971528,g,2.973419433720209,3.0309786472958047,20.94861779703195,99.0,P48
612,2458706.96618055,g,2.478892195544499,1.6559991876343092,21.604924690655587,99.0,P48
613,2458706.96618055,g,2.478892195544499,1.6559991876343092,21.604924690655587,99.0,P48
614,2458707.9437384,g,5.250806704417101,2.7498683462814015,21.054295234449924,99.0,P48
615,2458708.979375,g,0.24858184551688273,2.294513834597007,21.250848287699483,99.0,P48
616,2458709.9981134,g,10.926942537806369,4.297791792032746,20.569461558852552,99.0,P48
617,2458711.9946644,g,1.9607823408246865,6.74530238904244,20.080071429955996,99.0,P48
618,2458712.981875,g,4.892745667355964,4.856607147519889,20.436742552468623,99.0,P48
619,2458712.981875,g,4.892745667355964,4.856607147519889,20.436742552468623,99.0,P48
620,2458714.9631481003,g,-0.7632777380852291,6.797607694141145,20.071684747113267,99.0,P48
621,2458718.9178356,g,7.0318873853463595,6.010556094878531,20.205288352512234,99.0,P48
622,2458724.9406481003,g,7.045813197620535,2.5948259025169502,21.1173044277379,99.0,P48
623,2458727.9401273,g,4.316087237224257,2.502030864323895,21.156843332358296,99.0,P48
624,2458733.9585185,g,2.467533863613584,2.349566591719966,21.225105593250625,99.0,P48
625,2458736.9769792003,g,4.605391475241205,2.5086119481797646,21.153991273097645,99.0,P48
626,2458738.9627198996,g,-3.438999367047382,5.609875541618953,20.28019192344722,99.0,P48
627,2458740.020463,g,-3.674586901712274,7.216733877477173,20.00672326252149,99.0,P48
628,2458746.0061689997,g,-0.4364480333084442,9.827023782688658,19.67151997140245,99.0,P48
629,2458748.7549074,g,6.049582740017834,3.8950855055171365,20.676282499628435,99.0,P48
630,2458751.9019444,g,-0.32798632597810784,3.1642008035265956,20.901914897942618,99.0,P48
631,2458757.9208681,g,2.2362364099949215,3.2674652194797384,20.867047555581614,99.0,P48
632,2458758.9177778,g,5.782159083734138,3.0187337295581074,20.95301297083169,99.0,P48
633,2458759.9020023,g,3.258181871276983,1.6985334363641076,21.57738973774846,99.0,P48
634,2458759.9020023,g,3.258181871276983,1.6985334363641076,21.57738973774846,99.0,P48
635,2458760.8557176003,g,0.5138974060362622,2.6465502446156943,21.095874630501946,99.0,P48
636,2458763.90370375,g,-1.8503031629517046,2.042428845544321,21.377207650537734,99.0,P48
637,2458763.90370375,g,-1.8503031629517046,2.042428845544321,21.377207650537734,99.0,P48
638,2458764.6688889,g,14.732757864181222,8.95863025541978,19.77197095774669,99.0,P48
639,2458765.6696875,g,0.4616933718179859,9.047654126923304,19.76123501401934,99.0,P48
640,2458766.6682523,g,4.849265021708114,11.971850402649931,19.45717178575209,99.0,P48
641,2458767.6657523,g,-17.046425443515638,24.862879884520723,18.663696409538556,99.0,P48
642,2458768.6663426002,g,11.713128873284969,17.654224145495338,19.035453398478154,99.0,P48
643,2458769.6662731003,g,-16.865562715262367,23.062265334044866,18.745320078060423,99.0,P48
644,2458772.6669097,g,26.86522955848788,17.893136183028837,19.020858820858706,99.0,P48
645,2458773.6655324,g,17.733086362111838,27.950691542527643,18.536593595510077,99.0,P48
646,2458774.665463,g,6.367108145054168,6.018694278217542,20.20381927981591,99.0,P48
647,2458775.6655787,g,3.578167438160236,4.097225545504036,20.621350309645848,99.0,P48
648,2458776.6648148,g,2.4789946357040002,4.030348565715185,20.63921846957615,99.0,P48
649,2458777.6652546003,g,10.770562747861979,5.280761164649364,20.345833674405974,99.0,P48
650,2458778.6654514,g,5.803602422478446,3.9202897440895157,20.669279573133686,99.0,P48
651,2458779.6652662004,g,1.3410095327397138,3.7665075546292397,20.712727882033345,99.0,P48
652,2458781.6652198997,g,-3.0835880197504397,5.924196847978839,20.221001287321187,99.0,P48
653,2458782.6640394,g,-4.782806155256416,4.844190306473724,20.439521998446942,99.0,P48
654,2458783.6655787,g,-0.0026384231709121334,3.8817151286341005,20.680015838629725,99.0,P48
655,2458785.6652893997,g,3.344116140706029,4.22007112755628,20.589275561966147,99.0,P48
656,2458786.6722685,g,-6.765391767346793,4.2702456347477495,20.576442845656366,99.0,P48
657,2458787.6645833,g,6.43814216232481,4.6338807006099385,20.487712867474634,99.0,P48
658,2458788.6655093,g,7.93924713413518,4.769927289753801,20.456295591821398,99.0,P48
659,2458789.7594039002,g,0.36773654283315205,2.6378781515226843,21.099438162141954,99.0,P48
660,2458789.7594039002,g,0.36773654283315205,2.6378781515226843,21.099438162141954,99.0,P48
661,2458790.7915103994,g,3.509711759303799,2.23703899772173,21.278391101395215,99.0,P48
662,2458790.7915103994,g,3.509711759303799,2.23703899772173,21.278391101395215,99.0,P48
663,2458800.7165046004,g,39.798551788289565,14.806712235874633,19.226428398955925,99.0,P48
664,2458802.7467361,g,-16.27925234458989,33.30924852290896,18.346162902030883,99.0,P48
665,2458803.7043981003,g,6.834888659806213,7.16786097210743,20.014101056269247,99.0,P48
666,2458806.6954167006,g,3.3172913823716526,2.92537013356959,20.98712293123657,99.0,P48
667,2458811.6973669003,g,4.213127617916655,3.7809009066441486,20.70858675136165,99.0,P48
668,2458811.6973669003,g,4.213127617916655,3.7809009066441486,20.70858675136165,99.0,P48
669,2458813.6666551004,g,2.2541501419178065,6.077755875304823,20.193216859596653,99.0,P48
670,2458814.7333218,g,15.921060964995545,8.72559864050368,19.800586908004917,99.0,P48
671,2458828.6233912003,g,3.167065386628186,14.650636241998502,19.237933775491094,99.0,P48
672,2458830.7052662005,g,0.7834996969117899,7.396076721946332,19.98007147018349,99.0,P48
673,2458831.62125,g,3.8308132189339847,5.287451861328239,20.344458923050755,99.0,P48
674,2458835.6446528,g,5.330311141764982,7.663289141876041,19.941536958821594,99.0,P48
675,2458838.6425116,g,10.385395577240772,5.417675861790681,20.318042444802998,99.0,P48
676,2458849.6263426,g,2.5098550086714,3.1060933225537033,20.922038739251327,99.0,P48
677,2458859.5857639,g,10.125177826714763,7.0420465300120965,20.033327763346712,99.0,P48
678,2458861.5974189998,g,1.9542534283174395,3.2750659010664247,20.864524880873617,99.0,P48
679,2458862.6396759,g,2.7167150334660564,2.8044940618719387,21.03293867718984,99.0,P48
680,2458864.6407292006,g,-0.8364010780442397,2.5978947276466755,21.1160211178221,99.0,P48
681,2458867.6447685002,g,2.4319056599996514,10.21896098147848,19.629058136881845,99.0,P48
682,2458871.68525465,g,2.024771710742849,2.88012272236054,21.004047505431615,99.0,P48
683,2458871.68525465,g,2.024771710742849,2.88012272236054,21.004047505431615,99.0,P48
684,2458872.6751389,g,-2.3768437854819346,3.322540270066945,20.848899355633282,99.0,P48
685,2458873.6228356003,g,0.5697430354450369,2.9311488631263938,20.984980300797883,99.0,P48
686,2458874.65081595,g,3.0194852373829875,3.5423386443286575,20.77934979667678,99.0,P48
687,2458874.65081595,g,3.0194852373829875,3.5423386443286575,20.77934979667678,99.0,P48
688,2458875.6576852,g,1.7374121208768192,2.944915312129319,20.979892963766204,99.0,P48
689,2458876.6487963,g,4.88339674525083,3.0425634215988273,20.944475889724472,99.0,P48
690,2458877.6861574,g,1.326544596306714,4.418741153974402,20.539328584876934,99.0,P48
691,2458882.6064892,g,1.8226095309406087,3.843566509888597,20.690738987675036,99.0,P48
692,2458882.6064892,g,1.8226095309406087,3.843566509888597,20.690738987675036,99.0,P48
693,2458882.6064892,g,1.8226095309406087,3.843566509888597,20.690738987675036,99.0,P48
694,2458884.5985532003,g,0.7818909085875074,12.7980800087692,19.384712936942805,99.0,P48
695,2458885.6185301,g,-0.5640491224877908,5.557846357462186,20.29030864701332,99.0,P48
696,2458885.6185301,g,-0.5640491224877908,5.557846357462186,20.29030864701332,99.0,P48
697,2458886.6599306,g,-8.539258520386877,11.074571604331206,19.541757650448922,99.0,P48
698,2458887.6925231004,g,4.0145497141559225,10.01112907305969,19.651367337283045,99.0,P48
699,2458890.7197917,g,-11.74995644067863,20.877504682514815,18.8533785147538,99.0,P48
700,2458891.6574074,g,0.35624209399908346,3.426159146182263,20.815556158622776,99.0,P48
701,2458891.6574074,g,0.35624209399908346,3.426159146182263,20.815556158622776,99.0,P48
702,2458892.68470485,g,2.381391195986443,2.7687344741253375,21.046871718567687,99.0,P48
703,2458892.68470485,g,2.381391195986443,2.7687344741253375,21.046871718567687,99.0,P48
704,2458893.6508102003,g,-3.868172071431072,3.9115466152797618,20.67170371352669,99.0,P48
705,2458894.65811345,g,-4.1019420340691335,2.8752539528558843,21.005884466201735,99.0,P48
706,2458894.65811345,g,-4.1019420340691335,2.8752539528558843,21.005884466201735,99.0,P48
707,2458895.6379861,g,1.810139168116553,4.303007006956465,20.568144855954465,99.0,P48
708,2458896.681169,g,-5.3062385246096255,5.091161437346294,20.385532818047132,99.0,P48
709,2458898.6739467997,g,4.096647904955791,4.784097018424493,20.453075043450724,99.0,P48
710,2458899.6551042004,g,5.616440865626801,5.17822913900081,20.367121828527612,99.0,P48
711,2458900.640625,g,1.2050655306144147,5.158629603519063,20.371239123984665,99.0,P48
712,2458905.6418171003,g,0.8371540910912019,8.22130115425154,19.865223596346226,99.0,P48
713,2458913.6167824,g,0.686521209251055,10.288890520038745,19.621653623926164,99.0,P48
714,2459040.9828241,g,-1.7433454999451057,6.769806120600196,20.076134411228182,99.0,P48
715,2459046.9765394,g,4.636304531264647,3.220652457789004,20.88271533312434,99.0,P48
716,2459048.9668171,g,3.176790818866813,2.7868364758736983,21.039796273610307,99.0,P48
717,2459049.9921991,g,3.6602027064951264,6.591264414751632,20.10515315386008,99.0,P48
718,2459050.9237616,g,1.424462451959596,3.5721624811113326,20.77024697738883,99.0,P48
719,2459051.9681481,g,-3.2140184488233827,3.481325751392084,20.798213332692264,99.0,P48
720,2459052.9692361,g,3.221745478340376,2.5900937422908896,21.119286282602662,99.0,P48
721,2459053.9351967997,g,-0.45427429800255614,2.861147109150222,21.011224518843147,99.0,P48
722,2459054.9626273,g,0.7415841043884984,2.510504255392799,21.153172584521517,99.0,P48
723,2459055.9268287,g,2.806912901101694,2.921595738347775,20.988524683257154,99.0,P48
724,2459056.9462384,g,2.701360733104682,2.9162492206337487,20.99051339981789,99.0,P48
725,2459057.9233218,g,4.800479823360354,2.8383363799369175,21.0199153298082,99.0,P48
726,2459059.9251736,g,0.8135710629183198,2.8844764248835695,21.002407504719677,99.0,P48
727,2459060.9890683,g,3.851642756939629,2.191825357352342,21.300560121654428,99.0,P48
728,2459060.9890683,g,3.851642756939629,2.191825357352342,21.300560121654428,99.0,P48
729,2459062.9446412004,g,2.819858734704287,4.466030960595702,20.52777066546893,99.0,P48
730,2459063.9432407003,g,7.982300727809098,7.837278649436746,19.91716176889658,99.0,P48
731,2459064.9825347,g,3.3407273908670163,7.046569372261396,20.03263065956005,99.0,P48
732,2459065.9648032,g,2.594860928822001,8.203014040615962,19.867641351890228,99.0,P48
733,2459066.9252315,g,5.44502854872439,8.791732393368124,19.79238883823633,99.0,P48
734,2459067.97411455,g,2.49565060213942,4.93600262095248,20.41913653508519,99.0,P48
735,2459067.97411455,g,2.49565060213942,4.93600262095248,20.41913653508519,99.0,P48
736,2459068.97606485,g,4.66901103010789,4.279432976987175,20.574109416673284,99.0,P48
737,2459068.97606485,g,4.66901103010789,4.279432976987175,20.574109416673284,99.0,P48
738,2459069.8833218,g,14.040132253340504,6.400784308334391,20.136992007359527,99.0,P48
739,2459073.92518515,g,2.7625255073088417,2.8785018445577717,21.004658708936887,99.0,P48
740,2459073.92518515,g,2.7625255073088417,2.8785018445577717,21.004658708936887,99.0,P48
741,2459075.949375,g,0.7177772721423713,2.2761556257106426,21.259570108168745,99.0,P48
742,2459075.949375,g,0.7177772721423713,2.2761556257106426,21.259570108168745,99.0,P48
743,2459076.9686381,g,0.32275251267521265,1.5523262876314923,21.675117459057883,99.0,P48
744,2459076.9686381,g,0.32275251267521265,1.5523262876314923,21.675117459057883,99.0,P48
745,2459076.9686381,g,0.32275251267521265,1.5523262876314923,21.675117459057883,99.0,P48
746,2459077.9313078998,g,-0.09774147240222432,2.533799720222084,21.14314427952374,99.0,P48
747,2459079.9782176004,g,-5.041694937420694,10.142761827857841,19.637184420384145,99.0,P48
748,2459080.9551794,g,0.3501229024712253,1.9860261871526659,21.407612562471364,99.0,P48
749,2459080.9551794,g,0.3501229024712253,1.9860261871526659,21.407612562471364,99.0,P48
750,2459081.9783448996,g,-0.2814930571646293,2.917157336961052,20.99017535556436,99.0,P48
751,2459082.9077971,g,4.12697161603006,1.7244448990542207,21.560951684223713,99.0,P48
752,2459082.9077971,g,4.12697161603006,1.7244448990542207,21.560951684223713,99.0,P48
753,2459082.9077971,g,4.12697161603006,1.7244448990542207,21.560951684223713,99.0,P48
754,2459084.9385532,g,2.3395068820662135,2.823990204150902,21.02541702440263,99.0,P48
755,2459085.930598,g,3.3885103271291563,1.4520786606477236,21.74759963116998,99.0,P48
756,2459085.930598,g,3.3885103271291563,1.4520786606477236,21.74759963116998,99.0,P48
757,2459085.930598,g,3.3885103271291563,1.4520786606477236,21.74759963116998,99.0,P48
758,2459086.9922338,g,2.0198614178391057,1.5700371491920946,21.662800167853014,99.0,P48
759,2459086.9922338,g,2.0198614178391057,1.5700371491920946,21.662800167853014,99.0,P48
760,2459086.9922338,g,2.0198614178391057,1.5700371491920946,21.662800167853014,99.0,P48
761,2459087.97274305,g,4.6480056773496266,2.08752513048803,21.353495708152188,99.0,P48
762,2459087.97274305,g,4.6480056773496266,2.08752513048803,21.353495708152188,99.0,P48
763,2459089.0142361,g,-1.870041935891222,5.822088412803415,20.239877998554682,99.0,P48
764,2459089.895196767,g,3.989432187333084,1.8041400416234272,21.511899375458114,99.0,P48
765,2459089.895196767,g,3.989432187333084,1.8041400416234272,21.511899375458114,99.0,P48
766,2459089.895196767,g,3.989432187333084,1.8041400416234272,21.511899375458114,99.0,P48
767,2459090.9115971997,g,1.4038775762765925,2.1951172767406595,21.298930669422198,99.0,P48
768,2459090.9115971997,g,1.4038775762765925,2.1951172767406595,21.298930669422198,99.0,P48
769,2459091.90311345,g,3.8993587832419863,2.784105367450452,21.04086082018616,99.0,P48
770,2459091.90311345,g,3.8993587832419863,2.784105367450452,21.04086082018616,99.0,P48
771,2459092.8439698997,g,13.886726848107653,7.873767284856871,19.912118552304353,99.0,P48
772,2459093.9421354504,g,1.9803472404310325,5.017940107384295,20.401261305655154,99.0,P48
773,2459093.9421354504,g,1.9803472404310325,5.017940107384295,20.401261305655154,99.0,P48
774,2459094.9807523,g,-6.332715719258015,7.791477157083533,19.92352548478771,99.0,P48
775,2459094.9807523,g,-6.332715719258015,7.791477157083533,19.92352548478771,99.0,P48
776,2459095.8436632,g,21.37968174195358,8.200678292315102,19.867950551363258,99.0,P48
777,2459095.8436632,g,21.37968174195358,8.200678292315102,19.867950551363258,99.0,P48
778,2459102.9774653,g,42.149854215899374,24.065384892546902,18.699092959138717,99.0,P48
779,2459105.0239699,g,10.86532464479412,19.229266248292415,18.94266820737257,99.0,P48
780,2459107.0142245,g,10.187998407464672,5.7722178462540406,20.249218206130955,99.0,P48
781,2459107.8714582995,g,3.094986127846581,3.2914992612919995,20.85909058426041,99.0,P48
782,2459109.86194445,g,-0.427931022652219,3.581195931761642,20.767504783003332,99.0,P48
783,2459109.86194445,g,-0.427931022652219,3.581195931761642,20.767504783003332,99.0,P48
784,2459111.8726157,g,1.1198551016146632,2.9476785448938134,20.978874688233468,99.0,P48
785,2459112.8281366,g,4.161286979637989,2.568997354567539,21.128165846533513,99.0,P48
786,2459115.9207176003,g,2.289158701475343,2.6995170191776974,21.0743598145671,99.0,P48
787,2459117.8110995,g,1.712084987151697,3.0474059738164954,20.942749202763366,99.0,P48
788,2459118.9509143997,g,-0.8992382835369377,2.238985411437552,21.277446829523242,99.0,P48
789,2459119.8408449,g,3.8906212423770383,4.808031099230409,20.447656818908854,99.0,P48
790,2459120.8062384,g,2.2009968078337154,5.291726229540879,20.343581570096944,99.0,P48
791,2459121.8055323996,g,7.592687606173663,6.219387382685169,20.16820596851906,99.0,P48
792,2459122.7849653,g,8.7155666905985,10.3289856298682,19.617430806121256,99.0,P48
793,2459123.8791898,g,4.738034830651383,10.989035624596783,19.5501760359204,99.0,P48
794,2459128.8179977,g,0.35932910926668804,8.51045348358202,19.827693233434367,99.0,P48
795,2459130.8676389,g,0.5843525277017563,4.365731438785736,20.552432448542525,99.0,P48
796,2459134.7856366,g,5.771114518624821,2.9839457655742816,20.965597675675355,99.0,P48
797,2459136.8817477003,g,0.05708577544169783,2.627010600761228,21.103920425920684,99.0,P48
798,2459138.8688310003,g,2.769452749335797,3.0076475294474396,20.957007640897892,99.0,P48
799,2459140.9007292003,g,-0.04192358822359198,3.0167727196979977,20.953718508799653,99.0,P48
800,2459142.8951852,g,-0.9441789903340645,2.327277063288,21.235454765908386,99.0,P48
801,2459144.8912962996,g,4.216599081185729,2.639531449266323,21.098757887002435,99.0,P48
802,2459146.8693056,g,-3.943209582516583,10.099930325888858,19.641779044600966,99.0,P48
803,2459150.9154514,g,0.0,,,99.0,P48
